7821 6294
1 1 1 1 1 0 1 0 1 1 0 1 1 1 0 1 0 1 1 0 0 0 1 1 0 0 1 1 0 0 0 0 1 0 0 0 0 0 0 0 1 0 0 0 0 1 0 1 0 0 1 1 0 0 1 0 0 1 0 1 0 1 1 1 0 0 0 0 1 0 1 1 0 0 0 1 1 0 0 0 1 1 1 1 1 0 1 0 1 1 0 0 0 1 0 0 0 1 1 1 0 0 1 1 1 1 1 0 0 1 0 0 1 1 1 0 0 1 0 1 1 1 1 0 1 1 1 0 0 0 0 1 0 0 0 1 1 0 0 1 1 1 0 0 1 0 1 0 1 0 0 0 1 1 0 0 0 0 0 1 1 1 0 0 1 1 1 0 1 1 1 1 1 1 1 0 0 0 1 0 1 1 1 0 0 1 1 0 0 0 1 1 0 1 0 0 0 1 1 1 0 0 1 1 1 1 0 1 0 1 0 0 0 1 1 0 1 0 1 1 0 0 1 0 0 1 0 0 1 0 0 0 1 1 1 1 0 0 0 1 0 0 1 0 1 1 0 0 1 0 0 1 1 0 0 0 1 0 0 0 0 0 1 1 0 1 1 0 1 1 0 0 1 0 1 1 1 0 0 0 0 1 0 1 1 0 0 1 0 0 1 1 1 1 1 0 0 1 1 0 0 1 0 1 1 0 1 1 0 1 1 0 1 0 0 0 1 1 1 1 0 1 0 1 1 1 0 0 0 1 1 1 0 0 0 0 1 0 1 0 0 1 1 0 0 0 0 0 1 0 1 1 1 1 1 0 0 0 0 0 1 0 0 1 0 0 1 0 1 1 1 1 1 1 0 0 1 1 1 1 0 1 0 1 1 0 0 0 1 1 0 1 0 0 0 0 0 0 1 0 0 1 0 0 0 1 1 0 1 1 1 1 0 1 1 0 1 0 0 1 1 1 0 0 0 1 0 1 1 0 0 0 0 0 1 0 1 1 0 1 0 0 0 1 1 0 0 1 0 1 0 0 0 0 1 1 1 0 0 1 1 0 1 0 0 0 0 1 0 0 1 0 1 1 1 1 1 1 0 0 0 0 1 0 0 0 1 1 1 0 1 0 0 1 0 1 1 1 0 1 1 0 0 0 1 0 1 1 1 1 1 1 0 1 1 1 1 1 0 1 0 0 1 0 0 1 1 1 1 1 0 0 1 1 0 1 1 1 0 0 0 1 1 1 1 0 1 1 1 0 0 1 0 0 1 0 0 0 1 1 0 1 0 1 1 0 1 0 0 0 1 0 1 1 1 1 0 0 0 1 0 1 1 1 0 1 1 1 0 0 0 0 1 0 0 1 0 0 0 1 1 0 1 1 1 1 1 0 1 0 0 0 1 0 0 0 0 1 1 0 1 0 0 1 1 1 1 1 0 1 1 0 1 1 1 1 1 1 1 1 0 1 0 1 0 0 1 1 0 0 0 1 1 0 1 0 0 0 0 0 1 1 1 1 0 0 1 1 1 0 1 1 0 1 1 0 1 1 0 1 1 0 1 0 0 0 0 1 0 1 1 0 0 0 0 0 0 1 1 0 0 1 0 0 1 0 1 0 0 0 0 1 0 0 1 0 0 1 0 0 1 1 1 1 0 0 0 0 1 1 1 0 0 0 0 1 0 1 1 1 1 1 1 0 1 0 1 1 1 0 0 1 0 1 1 1 0 0 0 1 0 0 0 0 1 1 1 0 1 1 1 1 1 0 0 0 0 1 0 1 0 0 1 0 1 0 0 0 1 1 1 1 0 1 1 0 0 0 1 0 0 1 1 0 1 0 1 1 0 0 1 1 0 1 1 1 0 1 0 0 1 1 1 1 1 0 0 1 0 0 0 1 0 0 0 1 0 1 1 1 0 0 1 1 0 0 0 1 1 1 1 0 0 1 0 0 0 0 0 1 1 0 1 0 1 0 0 1 0 1 1 1 1 0 0 0 0 0 1 0 0 1 0 1 0 1 1 1 1 0 1 0 1 1 1 1 1 0 0 1 1 1 0 0 1 0 0 1 0 1 0 1 1 1 1 0 1 0 0 0 1 0 0 0 1 0 1 1 0 1 1 1 0 1 0 0 0 1 0 0 1 1 0 1 0 0 0 0 0 1 1 0 1 1 1 0 1 0 0 0 1 0 0 0 0 1 0 1 0 1 0 1 0 1 0 1 1 1 1 1 1 1 1 0 1 1 0 0 1 1 1 0 0 0 0 0 1 1 1 1 0 1 1 1 0 1 1 0 0 0 1 1 1 1 0 0 0 0 0 0 1 0 0 0 1 0 0 1 0 0 1 0 0 1 0 0 1 0 0 1 0 1 0 0 1 1 0 1 0 1 0 1 1 0 1 0 1 1 0 0 1 1 0 0 0 0 1 0 1 0 0 0 0 1 1 0 0 1 0 0 1 0 1 0 0 1 0 1 0 0 1 1 1 0 0 0 1 0 1 1 1 0 0 0 1 1 1 1 0 1 1 0 1 1 0 1 0 0 1 1 1 0 0 0 1 1 0 1 1 0 1 0 0 0 0 0 1 0 1 1 1 0 0 0 1 1 0 0 0 1 0 1 1 1 0 1 0 1 1 1 1 0 0 0 0 1 1 0 0 1 1 1 1 0 1 1 1 0 1 1 0 0 1 0 0 0 0 0 1 0 1 1 1 1 1 1 0 1 1 0 1 0 0 1 0 1 1 1 1 1 0 0 1 0 0 0 1 0 0 0 0 1 0 0 1 0 1 0 0 0 0 0 0 0 0 1 0 1 0 1 0 1 0 0 0 0 1 0 0 0 0 0 1 0 1 1 0 1 0 0 0 1 0 0 0 1 0 0 1 1 0 1 1 1 1 1 0 0 0 0 0 1 1 0 0 0 1 0 0 0 1 0 1 0 1 0 1 0 1 0 0 0 0 0 1 0 0 1 0 0 1 1 0 1 0 1 1 0 0 0 0 1 0 1 0 0 0 0 1 0 0 1 1 1 1 1 0 0 1 0 1 0 1 0 1 1 1 1 1 0 1 1 0 0 1 0 1 0 0 1 1 0 1 1 0 1 1 1 1 1 0 0 0 0 1 0 0 1 1 0 0 0 1 0 1 1 1 0 1 0 1 1 1 0 1 1 1 1 0 0 0 0 1 1 1 1 0 0 1 0 1 0 0 1 1 1 0 1 1 1 0 0 0 0 0 0 0 1 0 0 0 1 0 1 1 0 0 0 0 1 0 1 1 0 1 1 1 0 0 1 1 1 0 1 0 1 1 1 1 0 1 0 1 0 0 0 0 0 0 1 0 1 1 0 1 1 1 0 0 1 1 0 0 0 1 1 1 1 1 0 1 1 1 1 1 0 0 1 0 1 0 0 0 0 1 1 0 0 0 1 1 1 1 1 1 0 0 1 0 0 1 1 1 1 1 0 1 1 1 1 0 0 0 1 0 1 0 0 1 1 1 1 1 0 0 1 0 1 1 1 0 0 1 0 1 1 0 1 1 0 1 0 1 0 1 1 1 1 0 0 1 0 0 1 0 1 0 1 0 1 1 1 1 0 0 1 0 1 0 0 0 1 0 0 0 0 0 0 1 0 1 1 1 0 0 1 1 0 0 1 0 1 0 0 1 1 0 0 1 1 0 0 0 1 0 0 0 1 0 1 0 1 0 0 1 0 0 1 0 1 0 0 1 1 0 1 0 1 1 1 0 1 0 1 0 0 1 0 0 1 0 1 1 0 0 1 1 1 0 1 0 0 0 1 0 1 0 1 1 1 1 0 0 1 0 1 0 1 0 1 1 0 0 1 1 1 0 1 1 1 1 0 1 0 1 0 1 1 1 0 1 0 0 0 0 1 1 0 0 1 1 0 1 1 1 1 0 0 1 0 1 0 0 0 0 1 1 0 0 0 0 0 0 1 1 1 0 0 1 1 0 0 0 0 1 0 0 0 1 1 0 0 0 0 0 1 1 0 1 0 0 1 0 0 1 1 0 0 1 0 1 0 1 0 0 0 1 1 0 1 0 1 0 1 0 1 1 0 1 0 0 1 1 1 1 1 0 0 0 0 0 1 1 0 0 1 1 1 0 1 1 1 1 0 1 0 1 1 1 0 1 1 1 1 1 1 1 1 1 0 0 0 1 0 1 0 1 0 1 1 0 1 1 0 1 0 1 0 1 0 0 0 1 1 1 0 0 1 1 1 0 0 1 0 0 0 0 1 1 0 0 1 1 0 0 1 0 0 0 0 0 1 1 1 1 1 1 1 0 0 1 1 1 1 0 1 0 0 0 0 0 0 1 1 0 1 1 1 1 1 0 1 0 0 1 1 1 0 0 0 0 0 1 1 0 1 0 1 1 1 0 0 0 1 1 1 1 1 0 0 0 0 0 1 0 0 1 0 1 1 1 0 1 1 0 0 1 1 1 0 0 1 0 0 1 1 0 1 1 0 0 0 1 0 1 1 0 0 1 0 1 1 1 1 0 1 1 1 1 0 1 0 0 0 0 0 1 0 0 1 0 0 1 0 1 1 0 1 0 1 1 0 1 0 0 0 1 0 1 1 0 0 1 0 0 0 1 0 1 0 0 1 1 1 0 0 1 1 0 1 0 0 1 1 0 1 0 0 1 0 1 0 0 0 1 1 0 1 0 1 0 0 1 0 1 0 1 0 0 0 1 0 0 0 1 1 0 0 0 1 1 1 1 0 1 0 0 0 0 0 0 1 1 1 1 0 0 0 1 1 0 1 0 0 0 1 0 0 0 0 1 0 0 0 1 1 1 0 1 0 1 0 0 1 1 1 1 1 0 0 1 0 0 0 0 1 1 1 1 1 1 1 1 0 1 1 0 1 0 0 0 1 1 0 0 1 1 0 1 1 0 1 0 1 0 0 0 0 1 0 1 1 0 1 0 1 0 0 0 0 0 0 1 0 0 0 1 1 1 0 0 0 1 0 1 0 1 0 1 0 0 1 0 1 0 0 0 1 0 0 0 1 1 0 0 0 0 0 1 1 1 1 0 0 0 0 1 0 1 1 0 0 0 1 1 0 0 0 0 0 1 0 1 0 1 0 0 0 1 0 0 1 1 1 0 0 0 1 0 1 0 0 1 0 0 1 1 0 0 0 1 0 0 1 1 0 0 0 1 1 0 0 1 0 0 1 0 0 1 1 0 0 0 0 1 0 1 0 0 0 1 0 1 1 0 0 0 1 0 1 0 0 1 1 1 0 0 0 1 1 1 1 0 0 0 0 1 1 1 1 0 0 0 1 1 1 0 0 1 1 1 1 1 1 1 0 1 0 1 0 1 0 0 1 0 0 0 0 1 1 0 1 0 1 0 1 0 0 0 1 0 0 1 0 0 1 0 1 0 0 0 1 1 0 1 0 0 0 1 1 0 1 1 0 0 0 1 1 0 0 1 0 1 0 1 0 0 1 0 0 1 0 0 1 1 1 1 1 0 1 0 0 0 0 1 0 0 0 0 1 0 1 0 1 1 0 1 1 0 0 1 1 1 0 0 0 0 0 0 1 0 1 0 0 0 0 1 0 0 0 0 1 0 1 1 0 0 0 0 0 1 0 1 1 1 0 1 0 1 1 1 1 0 0 1 0 0 1 1 1 1 1 1 0 0 0 0 1 0 1 1 0 0 0 0 0 0 1 1 1 1 0 0 0 0 1 0 0 1 0 0 1 1 1 1 1 1 0 0 0 0 1 1 1 0 1 0 0 0 0 0 0 0 0 0 1 1 1 0 0 1 0 0 0 1 0 1 0 1 1 0 1 0 0 1 0 0 0 1 1 0 0 1 0 0 1 1 1 0 0 0 1 1 1 0 0 0 1 0 1 1 1 0 1 1 1 0 0 1 0 0 0 0 1 0 1 1 1 0 1 1 1 1 0 1 0 0 1 1 0 0 0 1 1 1 0 0 0 0 0 0 1 1 1 0 1 1 1 1 1 0 1 0 1 0 0 1 0 1 1 0 1 1 1 1 0 1 1 1 0 0 1 0 1 1 1 1 1 0 0 1 0 0 0 0 0 0 0 0 1 0 1 1 1 1 1 1 1 0 0 1 0 1 0 0 0 1 0 0 1 0 0 0 1 0 0 1 1 0 1 1 0 1 1 1 1 1 1 1 0 0 1 0 1 1 1 1 0 0 0 0 0 1 1 1 1 0 1 1 1 1 0 0 1 1 0 0 1 0 0 0 1 0 0 0 0 1 1 1 0 0 0 0 1 1 1 1 1 0 1 0 1 1 0 0 0 0 0 1 0 0 0 0 0 0 1 1 1 1 0 1 0 0 1 0 1 1 0 1 0 1 0 0 0 0 1 1 0 0 1 1 1 0 0 0 0 0 0 0 1 1 1 1 1 1 1 0 1 0 1 0 1 1 1 0 1 0 1 0 1 1 1 0 0 0 0 0 1 1 0 0 1 1 0 0 1 0 1 0 0 0 0 0 0 0 1 0 0 1 0 0 0 0 0 1 0 0 0 0 0 1 0 0 0 0 0 1 1 1 1 0 1 0 0 1 0 1 1 0 1 0 1 1 1 0 0 1 1 0 0 1 1 0 1 0 1 0 0 1 1 0 0 0 1 0 1 0 0 1 1 0 1 1 0 0 1 1 0 1 1 1 0 0 0 0 0 1 0 0 0 0 1 0 1 0 0 1 0 1 0 0 1 1 1 0 1 0 1 1 0 0 0 0 0 0 1 0 1 0 0 1 1 0 0 1 0 0 0 1 0 0 0 1 0 1 1 1 0 1 0 0 1 1 0 1 1 0 1 0 0 0 1 0 0 0 1 1 1 1 1 1 1 0 1 0 0 1 1 0 1 0 1 0 0 1 0 1 0 0 1 0 0 0 1 0 0 1 0 1 1 0 0 1 0 0 1 1 1 1 0 0 1 0 0 1 0 0 1 0 1 0 1 1 0 1 0 0 1 0 0 1 1 0 0 1 1 1 1 1 0 0 0 1 1 1 0 0 0 0 0 0 0 0 0 0 0 0 1 0 0 1 0 1 0 0 0 1 0 0 0 0 1 0 0 0 1 1 0 1 0 0 1 1 1 0 0 0 0 0 0 0 0 0 0 1 0 1 0 1 1 0 0 1 1 1 0 1 1 0 0 1 1 1 0 0 1 0 0 1 0 1 1 0 1 0 1 1 0 0 0 0 0 0 1 0 0 0 0 0 1 0 0 1 0 1 0 1 1 1 1 1 0 0 0 0 1 1 0 0 1 0 1 1 1 1 0 1 1 1 0 0 0 0 0 0 1 0 0 0 1 1 0 0 1 1 0 0 1 0 1 1 1 0 0 1 1 0 0 0 1 1 0 1 1 0 1 0 0 0 0 0 1 0 0 0 1 1 0 0 0 1 1 1 0 0 0 0 1 1 1 0 1 1 1 1 1 1 1 0 0 0 0 0 0 0 0 1 0 0 1 0 0 1 0 0 1 0 1 1 1 1 0 1 1 1 1 1 1 0 0 1 0 1 1 0 1 0 1 0 1 0 1 0 0 1 1 0 1 0 0 1 0 0 0 1 1 0 0 0 1 0 1 1 0 1 0 1 1 1 0 1 1 1 1 1 1 1 1 0 0 0 1 1 1 1 1 1 0 0 0 1 1 0 0 1 1 0 1 1 0 0 1 1 0 1 1 1 0 0 0 0 1 1 1 1 0 0 0 1 1 0 1 1 1 1 0 1 1 0 0 1 1 0 0 0 0 0 1 1 0 0 1 0 0 0 0 0 1 0 0 1 0 0 1 1 0 1 0 0 0 0 0 0 1 0 1 1 1 1 0 1 0 1 0 0 1 1 1 1 0 0 1 1 1 1 1 0 1 0 1 0 0 0 0 0 1 0 0 0 1 1 1 0 0 0 0 0 1 1 0 0 0 1 0 0 1 0 1 1 0 0 1 1 0 0 0 0 0 1 1 1 0 0 0 0 0 1 1 0 1 1 1 1 0 1 1 0 0 1 0 1 1 0 0 1 1 0 0 1 0 1 1 0 0 1 1 1 0 0 1 0 1 1 0 1 1 1 1 0 0 1 0 1 0 0 0 1 0 0 0 0 0 1 1 1 0 1 0 0 1 1 0 0 1 1 1 1 1 1 0 1 1 1 0 1 1 1 1 1 1 1 1 0 0 0 0 0 0 0 1 0 1 1 1 1 0 0 0 0 0 1 1 1 0 1 1 1 0 0 1 0 1 0 1 1 0 1 0 0 0 1 1 0 1 1 0 0 0 0 0 0 1 1 1 0 0 0 0 1 1 0 0 1 1 0 0 1 0 0 1 0 1 0 1 0 1 0 0 0 0 0 1 1 0 0 0 0 1 1 0 1 1 0 0 1 0 0 1 1 0 0 0 0 1 1 1 0 0 0 0 1 1 1 0 0 0 0 1 1 0 0 0 0 0 1 1 1 1 1 1 1 1 1 1 0 0 1 1 0 0 0 0 1 0 0 1 1 0 0 0 1 1 1 1 0 0 1 1 0 1 1 0 0 1 0 0 0 1 1 1 1 0 1 1 1 0 0 1 0 1 1 0 0 0 0 0 0 1 0 0 0 1 0 0 1 0 0 1 1 0 0 1 0 1 0 1 1 0 0 1 0 0 1 0 1 0 1 0 0 1 0 0 1 0 0 0 1 0 1 0 1 0 0 0 0 0 0 0 1 1 1 0 1 1 1 0 1 1 1 0 0 0 0 0 0 0 1 1 0 0 1 0 0 0 1 1 1 0 0 1 1 0 0 0 0 0 1 1 0 0 1 1 1 1 1 0 0 1 1 1 1 0 1 1 1 0 1 0 0 1 0 0 0 0 0 1 0 0 0 1 1 0 1 0 0 0 0 1 0 1 1 1 1 1 0 1 1 0 0 1 1 0 0 1 0 1 0 0 0 1 0 1 0 0 1 1 0 0 0 1 1 0 0 1 1 1 1 0 0 0 0 1 0 0 1 1 0 0 0 0 0 1 0 1 1 1 0 1 1 1 1 1 0 0 1 0 0 1 1 0 0 0 0 0 1 1 1 0 0 0 0 0 1 0 0 1 1 0 0 0 0 0 1 0 0 1 1 1 1 0 1 1 1 1 0 0 0 1 0 0 0 1 0 1 1 0 0 0 1 1 0 1 0 0 0 1 0 1 0 0 1 0 0 1 1 1 1 0 0 0 1 0 0 0 1 1 0 0 1 0 0 0 1 1 1 0 1 1 0 0 1 0 0 0 0 1 0 1 0 1 1 0 1 0 0 0 1 0 1 1 1 1 0 0 0 1 1 1 0 0 0 0 0 1 0 0 0 0 0 1 1 0 1 1 1 0 1 1 0 0 0 0 0 1 1 0 1 0 1 1 1 0 1 1 1 1 0 1 0 0 0 1 1 0 0 1 1 1 0 0 1 0 1 1 0 1 1 1 0 0 1 0 1 0 0 0 1 1 0 0 1 1 1 1 0 1 1 1 1 0 0 1 1 1 0 1 0 1 1 0 0 1 0 0 1 0 0 0 1 0 0 0 0 1 1 0 1 1 0 1 1 0 1 0 0 1 1 1 1 1 0 0 0 0 1 1 0 0 0 1 0 0 0 1 0 1 0 0 1 1 0 0 0 1 0 0 1 0 1 0 0 0 0 0 0 1 0 0 1 1 0 0 1 1 0 0 1 0 1 0 0 1 0 0 0 0 1 0 1 1 0 0 0 0 0 0 1 0 0 0 1 0 0 1 0 1 0 1 0 0 1 0 0 0 0 1 1 1 0 0 1 1 0 1 0 1 0 0 0 1 1 1 1 0 1 1 0 0 0 0 0 1 1 1 1 0 0 0 0 1 1 0 1 1 0 1 0 0 0 1 1 1 1 1 1 0 0 1 1 0 0 0 1 1 1 0 1 0 0 0 1 0 1 1 1 1 1 0 0 1 0 0 1 1 1 0 0 0 1 0 0 1 1 0 0 0 0 0 1 0 0 1 1 0 0 1 1 0 0 0 0 1 0 1 0 1 0 0 0 1 0 0 1 1 0 0 0 0 1 0 0 1 1 1 1 1 1 0 1 1 0 0 1 1 0 0 1 1 0 1 0 0 0 1 0 0 0 0 0 1 0 1 1 0 1 1 0 1 1 0 0 1 0 1 0 0 0 1 0 0 0 1 0 1 1 0 0 1 1 0 0 1 1 0 1 0 1 1 0 0 1 1 1 1 1 1 1 1 0 1 1 0 1 0 0 1 1 1 0 1 0 0 0 0 0 1 1 1 0 1 0 0 1 0 0 0 0 1 1 0 1 0 1 0 0 0 0 1 0 0 1 1 1 0 1 0 0 0 0 1 0 0 0 1 0 1 0 1 1 0 1 1 0 1 0 1 1 1 1 1 1 0 1 1 0 0 1 1 0 1 0 0 1 0 0 0 1 1 1 0 1 0 1 0 1 1 1 0 1 0 0 0 1 0 1 1 0 0 0 1 0 1 0 1 1 0 0 1 1 0 1 0 1 0 1 1 1 1 0 1 0 0 0 0 1 0 1 1 1 1 1 1 1 0 1 0 0 1 0 0 0 1 1 1 1 1 1 1 0 1 0 1 0 1 0 1 1 0 0 0 1 0 0 0 1 1 1 0 1 0 0 0 1 1 0 0 0 1 0 0 1 1 0 0 1 1 1 0 1 1 0 1 1 1 0 1 1 0 1 0 0 1 0 0 0 1 1 1 1 0 0 0 1 0 1 1 1 1 0 0 1 1 1 1 1 0 1 1 0 1 1 0 0 0 1 0 0 0 0 1 1 1 1 0 0 0 0 1 1 0 1 0 0 1 0 1 0 1 0 1 0 1 0 0 0 0 0 0 1 0 1 1 1 1 0 1 0 0 0 1 1 0 0 1 0 1 1 0 1 1 1 0 0 0 0 0 0 0 0 1 1 0 0 1 1 1 0 0 1 0 0 0 0 0 0 1 1 0 0 0 0 0 0 0 0 0 1 1 0 1 1 0 1 0 1 1 1 1 0 1 0 0 1 0 0 1 1 1 0 1 0 1 0 0 1 1 1 0 0 0 1 0 0 0 0 0 1 0 1 1 1 1 1 1 1 0 1 0 1 0 1 1 1 1 1 1 0 0 1 1 1 0 0 1 0 1 1 0 0 1 1 1 0 0 1 0 0 0 0 0 0 0 0 1 1 0 1 1 1 0 0 1 0 1 1 1 0 0 1 0 0 0 0 1 0 1 1 0 1 1 0 0 1 1 1 1 1 1 0 1 1 1 0 1 1 0 0 1 1 0 0 0 1 1 1 0 0 1 0 0 1 1 1 0 1 0 1 0 0 1 1 0 0 0 0 1 0 1 0 0 0 0 1 0 0 1 1 1 0 1 1 1 1 0 0 1 0 1 1 0 1 0 1 0 0 1 0 1 0 0 1 0 1 1 0 0 1 0 1 0 1 0 1 1 1 0 0 1 0 1 1 0 1 1 1 0 0 1 0 0 1 1 0 0 0 0 0 1 0 1 1 0 0 1 1 0 0 0 1 0 0 0 1 1 1 0 0 0 1 1 1 0 1 1 1 0 0 1 1 0 1 1 1 1 0 0 0 0 0 0 0 0 0 0 1 0 1 0 1 1 0 1 0 1 1 0 1 0 0 1 0 1 0 1 1 1 1 0 1 1 1 0 1 0 1 1 1 1 1 1 0 0 1 0 0 0 1 1 1 1 0 0 1 1 1 0 1 1 1 1 1 1 1 0 1 1 1 1 0 0 1 0 1 1 0 0 0 0 1 1 1 0 0 0 0 1 0 0 0 1 1 0 1 0 0 1 0 1 0 0 0 0 1 1 1 1 0 0 1 1 1 1 0 0 1 0 1 1 1 1 0 0 0 1 0 0 0 1 1 1 0 1 1 1 1 0 1 0 1 0 1 0 0 1 0 1 0 0 1 1 0 0 1 1 1 1 1 0 0 0 1 1 0 0 0 1 0 0 0 0 1 1 1 0 1 1 0 1 0 0 1 0 0 1 0 0 1 1 0 0 0 1 0 0 1 1 1 0 1 0 0 1 1 0 1 1 0 0 1 1 0 0 1 0 0 1 1 0 1 1 1 1 0 1 1 1 1 0 1 1 0 0 0 1 0 1 0 1 1 0 0 1 0 0 0 1 0 0 1 0 1 0 0 0 0 0 1 1 0 0 0 0 1 0 1 1 1 0 0 1 0 1 1 1 1 1 1 0 1 1 0 1 0 1 0 1 0 0 1 0 0 0 1 0 0 0 0 0 0 0 1 1 0 0 0 0 0 1 1 1 1 0 1 1 0 1 0 1 0 1 0 1 1 0 0 1 0 0 1 0 0 1 0 0 0 1 0 1 0 0 1 0 1 1 0 1 1 0 1 1 1 1 1 1 1 1 0 1 0 1 0 1 0 0 0 1 1 0 1 1 0 0 0 1 0 0 0 0 1 1 1 1 1 1 0 0 0 0 0 0 1 1 0 1 0 0 1 0 1 0 0 0 0 0 0 1 0 1 1 1 0 0 1 0 1 0 0 1 1 0 0 1 0 0 1 1 0 0 1 0 0 1 0 1 1 1 0 0 0 1 1 1 0 0 0 1 0 0 1 1 0 0 1 0 1 0 1 1 0 0 1 0 0 1 1 1 1 1 1 1 1 0 0 0 0 0 0 1 1 1 1 0 0 1 1 0 1 1 0 0 1 0 1 0 0 1 1 1 0 0 0 1 0 1 0 1 0 0 1 0 1 0 0 1 0 0 0 0 0 0 1 1 1 0 1 0 1 1 1 1 0 0 0 1 0 1 1 0 0 1 0 0 0 0 0 1 0 0 0 1 1 0 0 0 1 1 1 1 1 0 0 0 1 0 0 0 0 1 0 0 1 0 1 1 1 1 0 1 0 0 1 0 1 1 0 1 1 0 1 0 0 0 1 0 0 0 1 0 1 1 1 0 0 1 0 1 0 1 1 0 0 0 0 0 1 1 1 0 1 0 1 0 0 1 1 1 1 0 0 0 1 1 1 1 0 1 0 0 0 0 0 0 0 1 0 1 0 1 1 1 0 1 1 1 0 1 0 1 1 0 0 1 0 0 0 1 0 1 0 0 0 0 1 1 0 0 1 0 0 1 1 0 0 1 0 1 1 1 1 0 1 0 1 1 0 0 1 1 1 0 0 0 1 1 1 0 0 0 0 1 0 1 1 1 1 0 1 0 1 0 1 0 0 1 1 1 1 1 1 1 0 1 0 1 0 0 1 1 1 0 1 1 0 1 0 0 1 1 0 1 0 1 0 1 0 0 0 1 1 1 0 0 0 0 1 0 1 0 1 1 0 0 1 0 0 0 0 1 0 0 1 0 1 1 0 0 0 0 0 0 0 1 1 0 1 1 0 0 0 1 1 1 0 1 0 0 1 1 0 1 1 0 1 0 1 1 1 0 1 0 0 0 0 0 0 1 0 0 1 1 0 1 0 1 1 1 1 1 1 0 0 1 1 1 1 0 1 0 1 1 0 0 0 0 1 0 1 0 1 1 0 1 1 1 0 1 0 0 1 1 0 0 0 1 0 1 1 1 0 1 1 0 1 1 1 1 1 0 0 0 1 0 0 0 0 1 0 1 0 1 0 0 1 0 0 1 1 1 0 0 1 0 0 0 0 1 1 1 0 1 0 1 1 0 0 1 0 1 1 1 0 1 0 1 1 0 0 1 0 0 1 0 1 0 1 0 0 0 1 0 0 1 1 0 1 1 1 1 0 0 1 1 0 1 1 1 1 1 0 0 1 1 0 0 1 1 1 0 0 1 1 0 0 1 0 0 1 1 1 1 0 0 1 0 0 0 0 0 1 1 1 0 1 1 0 1 0 0 0 1 1 1 0 1 0 0 0 0 0 0 1 0 0 0 0 1 0 0 0 0 1 1 0 1 0 1 0 0 0 0 0 1 0 0 1 1 0 1 1 0 1 1 0 1 1 0 0 0 0 1 1 1 0 1 1 1 1 1 1 0 1 1 0 0 1 1 1 1 1 1 1 1 1 0 1 1 0 1 1 0 0 1 0 0 0 0 1 1 1 1 0 1 0 1 1 0 1 1 1 0 1 0 1 1 0 1 1 0 0 0 1 1 0 1 1 0 1 0 0 0 1 1 0 0 1 0 1 1 1 1 1 0 0 1 0 1 0 1 0 1 0 0 1 0 1 1 0 0 0 0 1 0 0 0 0 0 0 1 0 0 0 1 1 0 0 1 0 0 1 1 0 1 0 1 0 1 0 1 1 0 1 1 0 1 1 0 1 0 0 1 0 0 0 0 0 1 1 1 0 0 0 0 0 1 1 0 0 0 0 1 1 0 1 1 0 0 0 1 0 1 1 0 0 1 1 0 0 0 0 1 1 1 0 0 0 1 0 1 0 1 1 0 0 1 0 1 0 1 1 1 0 0 0 0 0 1 0 0 1 1 0 1 0 1 1 1 1 0 0 1 1 1 0 1 1 1 1 1 1 0 0 1 0 1 0 0 1 1 1 0 0 0 1 1 0 0 0 1 0 1 1 0 0 0 1 1 0 1 1 1 1 1 0 0 0 1 0 0 0 0 1 1 1 1 0 0 1 0 1 1 0 0 0 1 1 0 1 1 1 1 1 1 1 0 1 1 1 0 0 0 0 0 1 0 1 1 0 0 1 0 1 0 0 0 0 1 0 0 0 1 1 1 0 0 1 1 0 0 0 0 0 1 0 0 1 1 1 0 0 0 0 1 1 1 0 0 1 0 0 0 0 0 1 0 0 1 1 0 0 0 1 1 0 0 0 0 1 1 1 1 0 1 1 0 0 1 1 1 1 1 0 0 1 1 1 1 1 1 0 0 1 0 0 1 1 0 1 0 0 1 0 1 0 0 0 1 0 0 0 0 0 1 1 0 0 0 1 0 1 0 0 0 1 1 0 0 0 1 1 1 0 0 1 0 0 1 0 1 0 0 0 1 1 0 0 0 1 1 1 1 1 1 1 0 1 0 1 1 0 1 0 1 1 1 0 0 0 1 1 0 1 1 0 0 1 0 0 0 0 0 0 1 1 1 1 1 1 0 0 1 0 1 1 0 1 0 1 0 1 0 0 1 0 1 1 1 1 0 1 1 1 0 1 0 0 1 0 0 0 1 0 1 0 0 1 0 1 1 0 1 1 0 1 1 1 1 0 1 0 0 1 0 1 0 0 0 1 1 1 0 0 1 0 1 0 1 1 1 1 1 0 0 1 0 0 0 1 1 1 1 1 0 1 1 1 1 0 1 1 0 0 0 1 0 0 0 0 0 0 1 0 0 0 1 1 0 0 0 1 0 0 0 1 1 1 1 0 0 0 1 0 0 1 0 1 0 0 0 0 1 1 1 0 0 1 0 0 1 1 0 0 0 1 1 0 0 0 0 0 1 1 1 1 0 0 1 0 0 1 1 0 0 0 1 0 0 1 0 0 1 0 1 1 1 1 0 0 1 0 1 0 1 1 1 1 0 1 1 1 1 1 0 1 0 0 1 0 1 0 0 1 0 0 0 0 0 1 1 0 0 1 0 1 1 0 0 0 0 0 1 0 0 0 1 1 1 0 1 1 0 1 1 1 0 1 0 0 0 0 1 0 1 1 0 1 1 1 0 0 0 1 0 0 1 1 1 0 0 1 0 0 0 1 1 1 1 1 1 1 0 1 1 0 0 1 1 0 0 0 0 0 1 1 0 1 1 1 1 0 1 0 0 1 1 1 0 0 0 0 1 0 1 0 1 0 1 1 1 1 0 0 0 1 1 0 0 0 1 1 1 1 1 0 1 0 0 0 0 1 0 1 1 0 0 0 0 0 0 0 0 0 0 0 1 1 0 1 0 0 1 0 0 1 1 1 1 1 0 1 1 0 1 0 0 0 1 1 0 1 0 0 0 1 0 1 1 0 0 0 1 0 0 0 0 1 1 0 0 0 1 0 0 1 0 0 0 1 1 0 1 1 1 1 1 0 0 0 0 0 1 1 1 0 1 1 0 1 1 0 0 0 1 0 1 0 1 1 0 1 0 1 0 1 1 1 0 1 0 1 1 1 0 1 1 0 1 0 0 1 1 0 0 0 0 0 0 0 0 0 0 0 1 0 0 0 1 1 1 0 1 0 0 0 0 0 1 1 1 1 0 0 1 0 0 1 0 1 0 1 1 0 1 1 0 0 0 1 1 0 0 0 0 0 1 0 1 1 1 0 1 0 1 1 1 0 1 0 1 1 1 0 1 1 1 1 1 1 0 0 0 0 1 1 1 1 0 0 0 1 0 0 1 1 0 0 0 1 1 1 0 1 0 1 1 0 1 1 0 1 1 0 0 0 0 0 0 1 0 1 0 0 1 1 0 0 1 1 1 0 0 1 1 1 0 0 1 1 1 0 0 0 0 0 1 0 1 1 1 1 1 1 0 0 0 1 0 1 1 0 1 1 1 0 1 1 0 0 1 0 1 1 1 0 0 1 0 0 0 0 1 0 1 1 0 1 1 1 1 0 1 0 0 0 1 0 1 1 0 0 0 1 0 1 0 1 1 1 1 1 0 0 0 1 1 0 0 1 0 0 0 0 1 1 0 1 1 0 1 0 0 0 1 0 1 0 0 0 1 1 1 0 0 0 1 1 1 0 1 1 0 1 0 0 1 0 1 1 0 1 1 0 0 0 0 0 0 1 0 0 1 0 0 0 1 0 0 1 1 1 1 0 0 1 0 0 0 0 0 0 1 1 1 0 0 0 0 1 0 0 0 1 0 1 0 1 0 1 0 0 1 0 1 1 1 1 1 0 0 0 1 0 1 0 0 0 0 0 0 0 0 0 0 1 1 0 1 0 0 1 1 1 0 1 0 1 0 0 1 1 1 1 1 0 1 1 1 0 0 0 0 0 1 1 0 1 1 1 0 0 1 1 0 1 0 1 0 1 1 1 1 1 1 0 1 1 0 1 1 0 1 1 1 0 1 0 0 1 1 1 0 1 0 0 0 1 0 1 1 0 0 0 0 1 0 0 1 1 1 1 0 0 0 0 0 0 1 1 1 1 1 0 0 0 0 1 1 0 1 1 1 0 0 0 0 0 0 0 0 1 0 0 0 0 1 1 1 0 0 1 1 0 1 0 0 0 1 1 0 0 1 1 1 0 1 0 1 1 0 0 0 0 1 1 0 0 0 1 0 0 0 1 0 1 0 1 0 1 1 0 1 0 1 0 0 0 0 0 0 0 0 0 1 0 0 1 1 1 0 1 1 1 0 0 0 1 1 0 1 0 1 0 1 0 0 0 0 1 1 0 0 0 0 1 0 1 1 0 0 0 1 0 0 1 1 0 1 1 1 0 1 0 0 0 1 1 0 0 0 1 1 0 1 0 0 1 0 1 1 1 0 0 0 1 0 0 0 1 1 1 1 1 0 1 1 0 0 1 0 0 1 1 0 1 0 1 0 0 1 0 0 0 1 0 0 1 0 1 1 0 1 1 0 0 0 1 1 0 0 0 0 0 0 0 1 0 1 1 0 0 0 0 1 0 1 1 0 0 1 1 1 1 1 0 0 0 0 0 1 0 0 1 0 0 0 1 0 0 0 0 0 1 
862 6423
3705 7550
6599 283
3455 5366
6618 5581
5156 1426
7796 1292
1658 5964
1164 3014
1157 1084
3434 3079
6223 1554
3269 1774
7570 4150
396 5811
5313 7202
70 4354
572 7089
2574 5029
3959 2101
469 4130
6765 4258
5807 1764
39 7809
6393 2610
6618 4632
7042 6923
418 1044
6002 3796
4359 7681
2496 5515
4378 7131
5514 5727
7405 1303
7674 2084
2401 2074
6055 6775
7411 4084
5361 1401
2788 6902
7094 2540
6423 4579
5968 4848
1807 5390
1962 1912
3939 1318
7201 241
1044 128
2524 5489
5492 7774
5746 4083
7684 5873
4083 3949
1185 4090
935 101
2540 793
2254 485
1342 6755
4863 3796
4852 5639
4542 1342
2241 3959
6142 7790
1164 7785
2639 7791
1689 5471
6576 6387
7546 4301
7709 6295
7202 6234
6382 4509
5412 2269
3873 2290
6175 6847
4511 906
4708 5912
5738 4230
687 7350
3020 2896
4708 6818
3335 2032
4644 4587
3162 2555
7684 5301
2041 3797
5811 3090
3691 7089
3094 935
3631 1774
3056 7509
334 5055
513 6666
2088 3186
4420 1819
6055 6941
3086 7265
6163 4224
2368 1942
3100 3717
1362 400
695 4441
1070 3267
5315 4669
6018 6081
7142 5666
6644 4396
386 7092
2752 5390
3811 3720
7690 7763
734 157
3705 6190
1284 2504
7644 1292
1362 906
3230 3408
3797 1842
6626 2607
5390 4296
2566 4441
4963 7159
7694 6403
1471 2927
7797 315
7240 7492
3797 3734
1858 3936
2036 7042
7131 7600
4953 7764
3364 6273
4597 5126
4301 3705
3932 993
7030 6902
1186 4622
469 5277
6190 614
5546 2752
5515 454
2341 4511
5412 4811
6644 2256
4244 5550
7509 7774
5553 4420
5400 3280
3949 1858
786 6847
56 6428
334 2471
1321 1587
1675 513
5609 3086
7716 1466
2189 3177
734 1307
4182 2880
5645 6847
6576 7581
3100 2316
5820 1912
3624 5315
5593 485
4368 1310
7684 7694
2639 933
4612 3553
2434 3474
7030 3437
5489 4910
5595 2333
2800 694
2290 6529
158 3876
5813 4553
6731 1921
2269 5813
6428 1401
2390 6081
4730 5335
2549 4107
2130 4340
6941 3858
7550 1084
3979 4258
4211 3364
3280 4852
2871 5595
2549 3100
4083 3872
5746 3162
6904 4507
6243 7552
180 6194
5895 7757
5717 3872
3100 5964
6725 470
5959 4949
7613 1860
3235 5089
1044 6428
694 4813
467 965
3437 4703
405 3797
5317 6918
7809 4674
7791 569
1981 7265
4182 3760
180 6847
3888 1604
5400 5779
935 6974
5801 495
5716 3443
7094 3354
3474 6002
1675 4901
4158 693
3280 3253
7690 6620
2927 2528
4592 693
4730 5914
6944 2130
6877 1980
695 4438
7030 3044
906 2258
4396 101
5959 4674
2742 6790
4754 4227
696 396
3100 4829
4703 6520
5277 5390
4644 1554
3094 3932
1675 2538
7764 2524
3888 366
2260 2555
5087 4281
4441 5412
7699 5489
306 5317
6599 5029
3270 4090
3036 695
5539 7405
3455 4378
535 5245
6877 7571
5595 1049
2566 5029
7731 1774
1426 7107
1675 4542
6799 4040
5146 3872
6165 4593
7797 1921
5593 7790
7492 4420
7592 2528
3691 7764
3939 4130
6493 2391
3280 5792
5315 5150
3737 6550
1310 7186
1248 2549
3186 2088
3797 2980
467 1426
1887 2538
3949 1935
7202 2036
1321 1764
4150 964
4334 4158
4242 6403
5366 2290
4167 4829
1124 781
44 5405
687 4162
3990 2074
146 148
5811 5916
4829 1912
685 6314
5580 1044
441 535
7769 5087
401 1669
1618 6189
6669 4509
1765 1292
6163 1226
70 5581
5996 3916
2496 5404
3303 2391
2401 3408
2632 6008
5244 5964
3106 4130
254 2140
8 2610
6081 1148
400 1013
1942 454
6393 4542
1257 2504
430 4242
7539 4090
6243 513
454 2927
3892 469
4138 3722
4751 5555
1342 1441
6803 2241
2538 2087
6755 4714
670 3928
3429 2549
3230 4040
6190 4622
5550 734
1483 6666
2932 3691
1912 7302
4242 4340
3624 6626
1642 6725
2143 3916
3270 5471
4861 1164
3461 2547
3717 2952
1575 7043
4359 7196
6520 1370
3086 400
3842 6478
2566 1618
5873 2381
4632 3737
7709 1401
5779 5515
2084 2871
4102 5412
5390 4162
2953 4167
693 7094
6765 1032
6613 1589
1890 1765
1587 7581
3267 6790
1809 6565
3106 2919
158 6163
3912 5813
2434 7625
5489 5738
7763 786
862 7594
5471 3553
6043 5126
965 6977
4669 5440
6669 1296
7160 2867
4411 5317
2024 3720
150 6620
7265 47
3153 5150
4242 4227
5080 6295
6977 933
5440 1774
1942 4138
3226 2348
5574 4258
4553 148
965 8
597 485
4511 4150
3792 2684
7030 623
3582 4811
272 2954
4813 907
6776 5169
4057 7625
3932 6314
5169 7764
6008 3434
6841 6877
7042 398
2243 5118
3792 2987
1307 4511
5412 987
7571 4138
6189 4475
1552 7756
5492 1669
2390 297
3797 2250
3984 7796
7797 3267
272 842
7594 689
1587 7160
2391 419
6576 6863
685 7092
5126 101
6514 4090
306 5206
3928 2391
3303 1860
1669 614
6043 4083
180 4439
5150 2987
6428 4354
2959 5801
6207 1921
3106 7036
4258 3872
6818 3557
400 4575
3162 176
6765 907
6617 862
5968 4138
651 3782
3100 6799
4622 5405
2471 2041
362 6403
7391 3916
5154 5840
5317 4340
1854 3044
4359 5555
853 5404
1618 3434
4597 5312
3624 5873
2087 4938
4949 5400
2177 2381
7756 1226
4368 7769
6423 2547
56 3497
7131 7600
4632 3782
4833 7509
2391 7709
1284 4587
4475 1157
1552 4182
7731 5555
3450 430
1589 5405
6382 5232
5156 4486
3335 2471
4296 1084
3973 3722
4833 7634
2932 3782
6904 3979
685 6273
737 1466
1554 2671
1538 2390
6510 2524
2919 5666
4591 685
7387 6863
158 6200
7764 4714
1809 5245
6944 6440
3235 3086
3074 6175
1842 3811
4359 7201
7186 4306
400 7202
7434 7160
7581 6863
1771 6620
2269 39
2165 5539
2788 2540
7303 3557
5740 4632
2348 4833
7043 3020
4084 6052
1800 6576
6478 7764
4502 5120
5639 2524
2117 5301
2414 693
7796 3883
1771 6725
3074 485
5895 1854
1819 6669
1890 7089
6382 6902
5813 296
1265 4439
6387 694
3939 1557
5118 4811
5412 4593
5959 2790
2429 1466
1854 2414
7160 696
513 6944
5914 5968
386 6474
272 7171
3959 3557
2954 737
441 5716
5089 5658
4475 254
2087 2269
6002 4084
3888 6725
2814 687
4471 1044
6355 6803
4963 4938
2099 6923
4359 5829
7674 842
1401 5791
5912 2189
5489 2906
3443 7089
21 1642
5545 3990
5727 2101
7374 7625
7763 763
6755 6002
862 734
6725 6055
3086 2101
5233 1441
5096 7713
2639 1284
1483 2365
3086 7043
3270 956
781 6918
5120 2880
7769 7042
6731 3722
4861 7107
2867 3717
2256 7716
3169 7613
6200 7405
597 3811
1032 7713
7186 804
5996 3408
6241 1675
4901 5840
1466 1773
7186 2390
6440 75
1441 3663
495 6002
2790 4497
5109 1466
4551 5639
5581 3553
3734 7431
5007 7716
7763 3079
6493 7202
2893 2601
4734 7761
5008 2306
6797 382
5556 3900
51 6029
2793 3671
5438 5218
7595 7144
6511 3117
4572 3323
1497 2449
6098 1202
5474 4080
7337 4743
4924 348
1814 3684
3840 1214
870 6240
4582 5011
3446 3379
6828 1051
2261 2253
5657 5892
5468 5059
5693 7114
7170 4477
2222 6753
2978 2216
2590 185
4045 5510
6254 1590
1325 7390
4097 615
6548 7001
6013 7779
943 4005
2820 3060
760 5266
3467 2424
1137 358
7283 3773
7580 5448
5953 7029
1096 868
7597 89
1103 4101
4966 4252
5178 806
7745 4023
7812 6349
7696 3798
4468 7215
4142 4488
6511 7569
4839 3414
194 217
6558 6303
6678 2339
3152 7404
2131 3062
5862 6312
5005 1386
7006 819
6942 1681
3880 5556
746 6088
4212 1214
7045 2870
7404 903
5097 545
7759 1109
3589 3495
3985 5449
2728 6247
7691 1424
1732 2172
4753 6352
4285 767
2079 1051
3616 5068
6631 7357
4531 556
3089 970
5965 4080
1141 3824
7133 1743
6181 1293
3609 270
4889 3676
2304 6996
4101 5691
847 4768
1977 2472
4106 4070
616 3166
621 281
5303 3105
209 1484
784 4183
3957 1498
2353 1831
408 382
4598 7771
1510 4145
1212 1798
1897 181
6545 5384
1900 2552
7001 911
129 4322
3003 5012
5166 6813
3775 6511
6682 5591
2492 3202
2343 2055
5134 5736
7425 7372
6690 5715
3062 1094
5902 3243
4225 3180
6301 5392
5160 3588
768 2642
4634 6777
6751 6449
7670 1590
7413 1208
1371 5393
1077 6031
847 665
3633 7433
5958 4835
7724 299
6945 6862
2940 6001
1845 209
36 4468
5536 7144
4464 6089
4285 228
679 2411
6833 774
1540 7697
7279 6676
1638 1789
7800 7372
6462 2810
5122 4773
7067 1304
560 5556
270 4831
5493 3529
6996 7463
4289 3849
4513 3773
6639 5392
144 5217
6713 6482
7153 1167
95 7580
4695 5424
2298 2261
3531 6804
6777 95
1051 2408
3552 81
130 6760
4192 5389
7466 2760
5508 1122
6719 2281
6511 7388
130 6156
4523 5276
4004 4265
1872 4120
1504 3105
4897 3917
102 3380
4585 6801
812 3045
7269 3628
2655 81
4336 665
2769 4565
878 1097
4504 7553
5383 5202
4110 6804
5024 6727
7283 5537
7221 1076
806 988
2998 6083
5456 7707
5420 7136
1110 5294
7697 7587
35 1929
4292 7401
3564 1325
6225 997
4274 4363
2600 1353
5927 7679
4455 181
4143 7169
1572 5112
7242 777
2628 2068
2172 3972
3521 2565
2209 7595
5372 5191
2300 3183
1424 5331
7421 6298
7779 2523
1328 471
3480 4461
5621 2693
7238 6833
2454 2935
2502 1829
5861 1855
7011 3993
3564 7239
5898 7026
3714 7609
1872 5082
3490 1440
4809 5369
5254 7224
3838 1445
1390 5654
144 3034
5876 6862
1288 4192
7409 1953
959 7765
1953 7124
7332 6097
1768 6615
7290 6316
426 3601
655 1337
7001 4126
153 5567
5346 3360
81 4089
326 6708
2522 6804
2970 4005
5646 147
6303 2719
7194 7026
5358 7215
425 2311
799 812
3024 5571
3105 1328
5012 5579
4070 93
6704 2486
2893 5957
5281 2025
1938 3794
5691 2628
6833 3714
1386 5701
7524 1122
2563 3922
7463 4646
252 3602
4648 7078
2239 3731
6630 5386
650 3089
4291 2726
5737 5082
2033 1799
7484 1767
6228 784
5195 308
2536 5494
4432 4635
431 4127
5638 1187
4056 1411
5328 4516
3099 41
4325 2642
2730 3563
3318 6455
5877 2578
2613 6091
6908 5736
5741 5528
7148 7322
2918 3318
3819 2594
317 2054
4069 611
3131 7037
7217 2928
3203 1476
263 6301
6137 915
2033 165
4753 520
7253 7467
7071 7503
6831 3060
2635 7270
6665 2554
3285 116
36 5784
5643 5407
7394 839
2033 6734
4913 2590
2658 1063
6110 1629
3684 6419
3819 2127
5178 3184
7759 4342
358 7706
5619 2634
7221 5583
4795 4322
4004 7327
209 235
7553 852
2314 2300
102 7108
6908 6736
6559 5765
4065 5668
3731 5272
303 6664
5862 3279
6300 3731
5016 2033
1944 1814
3201 3262
6992 6820
1228 6708
1337 2042
240 4325
1727 4978
6257 5249
7502 2437
1497 6364
5773 7275
3867 7551
3485 3136
6255 7144
375 641
1931 7055
4170 4516
3643 5693
5890 4832
2998 206
2476 6015
2988 4101
717 7483
7141 3142
1768 1042
545 1204
4917 2307
5819 5824
358 3993
4663 5589
7401 2042
6394 1621
6291 7380
6433 617
2989 4184
2444 4121
3815 4670
5637 2726
456 5183
5751 6976
733 3458
7239 7503
1743 3552
6584 3166
1814 1022
7456 1588
1963 3029
6449 2025
2454 7569
6622 1517
4404 1428
2861 6976
2398 7011
5214 7483
5305 7106
7529 4081
5510 7343
409 1205
3157 7814
1397 5526
1220 6650
7524 3183
5531 338
6812 4146
4184 7370
6631 947
5142 4408
3563 2217
2726 4219
6397 5337
5334 2895
2289 1911
4209 347
3003 1978
7347 1019
586 7759
60 2855
1712 3062
7745 6981
2606 5274
2860 4056
7429 4487
7033 1929
3182 6257
1950 7811
3823 6827
3798 1484
939 5718
4855 2772
654 1609
1220 2855
282 5532
5368 3960
4459 1116
3026 7816
2178 3963
5736 5743
7527 7088
1418 624
4858 2196
699 6898
5083 3128
5657 957
6042 5274
2196 2223
6640 2277
7327 5326
4897 3152
1853 5321
5052 778
5890 1902
798 3922
391 1823
4347 7535
1848 2801
7275 5398
2180 4832
6432 5424
5402 2706
1 3136
1096 6457
5494 1833
4371 4917
332 142
4793 6807
1950 1926
2131 5274
5113 5919
4393 1193
1272 3766
2662 1714
6802 6548
3819 3761
4516 650
6558 6701
4948 7295
5008 1066
6992 1042
4768 5406
5305 5657
2323 3672
6242 4097
35 4821
4291 5378
1116 2059
339 834
7497 6745
4071 5107
4044 4755
2580 5675
980 4106
5848 6278
2454 3475
1709 4007
5681 2992
3503 7377
5587 7124
4881 6186
4250 945
3703 7266
459 5276
1814 851
777 7212
789 3166
3045 3905
1151 4570
369 5976
41 2815
4299 925
2492 2634
686 138
551 1505
997 4259
1332 4970
7744 6083
2015 6451
2801 2080
2565 4755
1582 6021
3849 5027
7551 7456
6279 5536
6890 4069
3380 6763
6461 4924
5294 3765
1516 4233
6240 3835
4877 6826
5704 503
2981 3281
6032 4843
1784 5178
3850 6156
2343 7662
2025 1494
7140 5166
2763 3602
7642 7170
3835 1208
3095 5536
3026 1717
5354 7289
5957 4948
5065 5474
4645 7807
3024 69
4342 1585
5640 6381
5340 4772
2992 3920
6906 2823
4299 1021
5195 2253
2947 6820
5646 6298
5152 3684
3838 2466
3540 7288
3145 3713
6212 5359
6656 3102
1599 939
7443 5082
4988 7616
1220 1535
5040 5835
5284 76
4897 2196
5107 3695
5328 3960
4325 425
5561 3330
751 2855
5511 3077
3416 943
6110 269
3616 1709
5225 2131
3187 5698
3850 5254
498 1931
3955 3838
4049 6450
4128 5113
3550 2552
1063 4756
41 5386
518 1744
2911 4336
4598 5225
5741 2801
1474 263
5274 1272
4538 4970
499 3187
1953 5487
6396 2454
263 6545
100 5511
4192 1925
5074 2353
404 4096
562 6777
3714 7529
5486 239
7295 253
1122 480
767 5214
4563 5696
7253 4219
5511 3202
4826 6942
4855 2986
621 1450
2280 3835
778 3914
4403 3380
4142 1448
4089 733
3208 2191
4607 2167
6150 6910
5321 4300
6650 7081
263 5897
499 639
6892 3947
7455 7274
4952 6936
4940 5862
3671 1744
3529 1540
1399 6174
1103 3062
3145 1679
892 6268
391 1498
3815 6797
7044 1898
7582 7275
7421 1422
4523 1440
3243 1066
4337 2895
5511 5796
4538 6254
6009 6240
6181 5473
6450 7604
2355 7357
6978 4495
5817 2137
69 2652
677 788
5777 5084
3609 4990
2946 2651
1708 117
1770 957
4913 6245
115 3860
5531 2600
806 1657
868 4080
7456 3732
4743 7693
5673 5986
7295 2510
2403 5117
6951 3920
2358 984
1122 6031
2491 2261
4930 4616
7345 2403
6303 1609
6769 3841
2339 7390
4772 2986
1080 3684
116 5990
375 1230
2897 7385
7445 3495
4008 7529
5567 1911
3577 3129
5774 4291
3180 6203
3124 980
3814 7502
2764 4121
813 466
6708 1293
5059 7141
4409 2221
6449 5682
6951 5367
6908 2377
6754 7006
2235 5113
6813 1097
6032 5757
3512 3037
1080 4204
3076 3157
2218 7676
750 4265
5714 5597
4069 7124
3078 2127
1508 6396
6334 760
7744 4116
4068 6745
1504 1306
730 5088
2928 3658
5510 7357
998 4404
1169 1353
1363 5643
4957 1651
2289 6802
3038 6394
1925 5461
2187 1457
6293 6960
838 6186
5357 1243
4616 4941
2025 795
6411 4121
7102 7148
5682 4710
2928 627
6734 7766
881 3380
7616 5531
7746 1399
3393 3203
4493 41
6812 7372
124 840
568 6511
1833 7221
1611 3576
5897 5027
4088 1304
7641 7393
2628 5965
4142 6928
3762 4897
2296 3893
1769 5383
3577 1051
1638 2424
7555 4913
5919 6645
6940 1246
5831 3764
4631 4091
6352 2984
2818 2284
7361 4712
759 4773
489 308
5327 3480
2693 227
6247 1953
6855 5597
7462 2322
7108 3609
878 5213
4990 6137
5253 2986
1708 5178
7646 1494
7812 1998
5213 7290
100 6913
2127 1363
7136 4065
1219 1202
5459 928
2175 2300
7328 1845
1023 7409
3960 686
903 1396
6497 2855
1411 2687
3192 4666
5626 570
784 5513
921 5311
7175 5673
2962 5293
6559 4414
3840 4770
4881 7641
3454 1461
2355 4392
5997 7794
1900 1346
6989 5066
7016 4326
478 2314
1925 1714
3485 456
5294 4990
109 3292
228 2220
1978 3281
4274 7045
4889 2449
4570 353
356 6076
1929 5765
252 6630
5832 3128
206 4695
5137 1389
36 4635
3700 2472
5429 4875
1128 1978
1280 6031
4184 5134
6041 6524
4455 3029
3015 5337
984 1203
6561 4793
2289 153
7473 5468
3616 4495
7401 192
6976 4455
3726 5812
6397 1611
480 6842
1281 7152
1761 7656
5309 2937
6630 1433
7372 6449
1438 5369
408 7270
2481 2044
1187 7707
3156 4035
2767 4250
2266 4435
5629 6156
5433 5872
6631 6936
2172 3029
4734 5443
5406 11
4409 1583
1376 196
1832 4483
4477 4480
1304 3495
2962 6304
2911 7068
1353 1396
3051 6545
3115 3643
4114 2552
1204 7057
4113 4061
1304 5303
6736 2767
307 5633
2054 5133
6199 1948
1325 7288
5074 3859
6926 4342
3300 6890
3092 7780
5635 6268
5533 2649
3107 1169
4940 5693
7685 369
5494 2530
1061 5861
4069 3576
5027 1463
4538 7656
5340 2946
5005 7345
7777 1366
2977 2044
6730 3512
3379 1094
4645 2411
6304 6029
2851 6199
2454 7010
6878 2552
4773 314
5571 5406
1311 11
4487 6595
3318 17
3703 2268
4008 4161
4128 1464
6395 4056
3560 3078
252 2601
7152 7662
586 3266
503 6650
4164 6730
1803 3600
5532 6451
7044 6734
7053 2500
1108 7518
5059 4865
6898 2720
5249 1021
7401 4635
2975 1616
6745 3251
2296 7429
6156 4774
5587 5958
2923 2481
3865 4649
7274 1271
4550 5305
746 4773
2082 4648
806 4390
5633 2137
5311 3863
3202 5387
529 7551
5090 7551
1390 181
1767 3170
959 1376
1863 7173
2986 1939
4787 3880
2054 3562
5640 4839
3558 608
5281 6664
2205 2387
431 3581
1768 6462
89 6777
7597 5728
6739 4495
4164 2187
1325 7308
4535 5965
4046 2923
3052 6960
17 7816
2511 4926
6014 1767
1202 5497
3730 6497
4517 2340
7527 4082
5635 4980
7296 4151
1428 195
840 2897
2042 2970
3467 3045
6876 1487
440 7766
4761 6777
4200 3077
7707 1955
5817 5685
5191 5832
686 7143
5438 6880
1573 6411
91 5474
3196 6862
4071 2673
215 2810
6753 269
1312 7724
6166 880
2450 5459
5386 5393
5646 5619
5831 5273
2502 1823
3080 6763
5214 5293
4425 3927
2593 7401
1497 7645
2772 3559
7366 3131
7300 5803
5090 5334
1823 7078
724 2642
4922 2977
5065 5526
3970 4483
7031 2748
5594 7385
2864 3746
2942 4723
3309 6443
7290 7794
1928 4980
2798 4980
1168 5567
6304 880
2384 7019
2687 3008
7170 3550
206 5300
3661 4641
116 6526
2289 2116
6886 2475
1505 931
4469 4761
5528 2223
3924 7371
5681 4743
4702 7287
3955 6791
6179 299
6014 5254
5074 4957
7524 2511
2522 557
4382 1598
686 1042
6451 1717
7153 6099
6827 5369
573 5529
3089 3441
1562 4585
1363 498
3695 839
4285 2191
5701 5544
4285 4892
984 6004
5556 2855
6132 686
228 1989
2486 3748
1461 1769
4089 6594
4059 5646
6293 263
5470 6063
4091 5986
5997 2437
6126 5012
5101 998
4899 1899
6249 3798
4096 5284
5862 3714
6751 7221
7665 6926
1845 4443
5703 2424
1508 7666
2748 6797
2055 5383
3155 1021
2651 645
382 1938
7369 6850
4631 3955
5454 4428
6791 3113
758 7670
5284 7366
869 332
3850 1719
2634 6061
1814 7707
848 7178
856 5340
3268 2443
6961 4924
6890 2217
69 7286
1305 263
478 1035
3677 1448
3078 2499
5830 1135
74 3860
3388 7816
5213 4743
6169 5965
1346 6650
5696 608
4 7143
1939 4873
7527 6534
5097 561
3776 7466
1732 3716
7247 3969
3282 4054
5497 756
7812 7685
6063 1508
1208 2062
1372 5461
2288 1714
5329 6736
3462 1542
3808 4184
7697 1708
5016 5005
1950 1141
1096 2793
4391 5179
5865 1345
1127 6598
1446 3669
1904 2988
4279 153
5011 4598
3645 1744
4550 1803
5720 1346
6753 4945
7016 6364
3062 6526
4734 3192
5888 4285
7697 7511
7170 3167
707 1829
2981 2054
3503 7247
3732 1448
2389 3203
6831 4120
3414 1035
4448 7548
5780 885
1019 518
5319 1510
1219 3992
5166 2852
1396 6734
5266 1328
4793 6415
3180 5112
3023 4952
5976 2369
2425 3830
6181 5679
1280 7486
2769 2069
1928 3963
390 3060
2532 2223
3677 2025
2970 654
2748 1599
5698 6367
1584 7055
100 2294
1510 4773
7720 4712
5833 1897
3947 1487
6482 2411
6940 4866
7357 3903
838 3741
3564 5449
20 6807
4409 3208
6326 5358
4329 404
6734 1065
3045 4941
1999 6367
6242 3360
1158 7443
4433 5448
3741 1992
5311 2477
1517 1902
3551 6978
3893 6734
7691 4271
2957 5629
5374 4772
6573 7494
1709 3642
327 106
2590 7274
2491 825
5050 5217
3026 7425
3581 3393
2289 2031
2842 5822
1021 1167
2437 5217
3202 6041
2450 2491
3633 1385
3672 6375
1208 3433
7153 6815
810 1255
7559 5957
3746 4663
813 4337
4826 5287
2268 2134
7217 4023
2373 7496
466 3102
6013 2986
6645 1617
4045 7046
1898 2293
3281 4170
6850 165
5591 4101
5022 2187
2221 2463
2649 3560
1791 6664
2887 3961
5102 3960
5300 5726
2323 1439
3038 6212
7217 273
2698 6945
5309 6150
3313 2304
5965 2312
3741 3768
616 2728
1709 4123
4631 641
2833 2180
699 3910
6291 2358
281 1611
2220 1023
2384 2685
1080 3865
5848 7006
3934 6801
2720 4533
4252 1605
3636 3076
4650 382
2196 106
1953 4295
5303 885
1934 1701
4468 5406
1424 4795
1605 1366
6727 1108
1243 7053
133 5191
1155 4289
6804 5640
4292 1439
4382 2798
6996 788
4607 4390
3576 6767
2384 3494
6032 921
5668 1741
4363 3744
7788 4952
7124 1704
2502 2107
226 3419
1344 3910
825 911
1504 1361
6828 7144
1392 3330
6502 165
2206 5406
1708 356
3633 3092
7253 3856
5773 615
747 1080
4252 256
6257 2172
1344 617
6171 1220
5287 4300
2373 6524
5134 6088
7325 1158
6255 2726
7529 4212
3192 7494
3055 5619
2563 4056
5408 3576
7317 2322
3992 3108
2593 2693
5777 1003
6553 2500
7467 129
7433 2730
6396 3140
6097 4276
5137 5861
338 326
6132 5005
5181 3969
7462 6096
1428 870
5504 5765
4278 3192
6936 3228
5452 2220
4048 1203
4583 6017
1170 6171
2340 2358
5699 2222
4432 3628
7164 3601
2756 2035
1304 2155
2145 300
426 2127
4617 4
768 1798
36 2576
2154 6831
1074 2658
3581 2940
2926 2387
7676 2025
1033 3128
4770 7527
4793 5567
1421 7397
3330 192
6326 1516
1799 2923
7466 3141
3702 1344
1768 5438
6890 506
1497 5953
7413 3815
869 5830
1246 959
2578 1328
2053 41
6358 1978
5454 7535
4550 6855
3262 6021
3830 3370
4403 5020
5726 4248
3814 1421
7194 5254
5835 2585
7279 7811
1989 7234
6561 2158
273 1220
3463 3773
7548 4641
1761 7239
4123 6148
6303 1693
3960 7140
2044 76
2293 2195
7370 347
1709 6701
4371 2319
5966 3092
1134 7071
1599 2582
4276 880
5008 3893
7561 2895
4164 7332
330 3379
7518 6665
6032 7068
959 6031
6559 4465
4065 4332
2628 5060
1791 4347
6908 6111
2508 4875
7216 6961
1448 843
5587 122
1385 4712
7212 3794
3292 1328
3184 2425
4941 38
2109 4425
2306 4825
4036 4513
3495 4427
2134 1424
1872 6397
5443 20
5597 5160
3136 2398
504 7788
5293 2835
1925 7006
5276 4151
4068 6174
7053 6304
3321 1155
7029 7548
4924 6388
4371 5327
1202 6534
7090 375
197 2319
4091 1396
2521 256
263 4978
7325 2053
500 7766
5890 6310
6306 4585
6113 1230
5960 778
4883 5052
2059 6852
4116 6449
6779 7693
5066 6553
3935 6232
5101 3494
5191 4106
2443 7616
2180 5024
217 314
5212 6126
4103 5078
2003 6640
6739 1135
3766 7173
7215 4391
3812 4233
3684 2137
4414 4151
409 7555
1022 5529
1170 2690
6511 5635
5824 918
5084 3145
5354 847
6278 834
6981 7057
5149 3117
3777 6091
4325 3166
3731 7456
1709 5420
5083 959
7038 93
6826 4832
1312 3996
2410 4926
3309 3078
1169 6906
4743 4504
5571 7258
6573 4050
2223 679
6297 5183
6013 6797
2067 5443
5668 916
5529 3141
848 2175
4274 4110
4723 6708
2962 2855
2833 4941
2833 6690
1715 3128
6504 7033
7001 2145
3812 6506
5465 7029
4289 787
7665 7371
4948 7104
2178 6413
6951 6092
1821 7385
2216 3794
7193 4103
1681 6719
7745 3993
6004 6992
2658 4435
4049 1898
1572 1714
608 2082
3351 3512
4483 2178
2652 1845
2796 5097
2978 619
4178 1681
2594 7078
4044 4225
3695 7308
3481 6559
3192 3481
2508 5986
4459 7494
6713 5040
6245 3071
3514 6015
1193 5950
5625 227
3321 7450
3993 1144
5773 226
6326 2357
2307 4143
6981 6665
1007 2860
4933 798
2239 89
6419 4461
1435 1065
6704 7325
5162 4209
5602 5777
6131 2466
3552 6375
2935 4480
2134 7811
3636 2284
3823 2460
5142 3379
6096 3726
2563 3216
2416 5179
4328 3370
1255 4533
3059 3628
5384 2467
3577 7685
6892 5971
2239 4859
1457 7463
4056 3748
3251 838
1195 2611
1230 4113
1484 6349
1767 6225
1195 5016
2035 6908
5812 1585
1246 1197
197 649
3668 5358
4743 2166
570 1134
6091 5393
5066 5872
5927 608
2651 7229
624 4292
4342 5774
3633 5383
5876 5369
3262 518
699 5014
6876 730
3268 1934
5824 2658
2398 1328
317 3228
5113 4565
7456 3765
4363 4796
3552 6508
2767 1037
3141 2810
5205 717
4054 5919
3838 4692
2272 6150
7104 5052
6594 4191
1977 4183
3702 7275
1205 7548
5288 1582
2658 4252
4450 2209
5326 1484
4161 5675
4487 6534
3182 7628
1212 556
1353 7141
3671 6801
5337 3996
3781 4945
7652 7274
504 2205
5406 7645
5097 348
5259 5822
7421 4495
4425 3105
7597 1831
60 4572
3761 3282
5685 1061
6917 2268
4982 1940
4773 835
4809 240
5497 3060
4826 1051
5398 5078
41 5309
5597 2214
5586 1605
3860 1948
4209 2872
1399 3748
3503 1446
1940 3808
6640 4899
5714 5602
4670 2353
330 2706
1151 7691
7006 4893
702 6502
6592 6777
3462 5321
1353 173
4300 4740
2277 7484
5654 106
3187 6548
1953 2915
3254 3960
7656 4024
1516 2603
4464 5902
5822 239
4427 239
1127 6098
6643 2690
2284 1617
5274 1454
6088 6797
5088 7679
6162 3835
7120 4044
1294 1305
3136 4365
4793 4653
436 1476
7057 5865
6678 498
2651 4121
2475 7216
7369 5294
1151 4080
7053 952
5152 2266
1135 594
1193 1337
5796 4180
3309 3935
3841 4259
7268 1535
2172 4035
788 6753
4103 4753
5803 4692
3113 2975
3076 1992
981 1144
5657 7148
3551 6842
2292 5112
6622 6201
839 5589
1446 3388
7704 1151
878 1132
4347 7725
784 6013
3203 7253
5493 6432
2926 1156
1 2759
531 6225
6545 776
6388 2966
2897 5112
2915 2170
4259 3668
1512 4666
878 551
7006 34
7467 7371
2851 300
5872 1016
4322 819
5831 730
7496 6639
3202 7287
4866 3674
2519 3910
3453 4004
5300 3588
6381 3771
4233 1621
2870 6017
6323 6534
868 2984
6719 6075
1944 2476
2887 3993
6364 4036
4531 2359
2485 6149
3333 2985
5697 6909
3289 1815
6275 1635
3341 3592
4323 4345
2075 2679
5518 4189
6062 6999
4381 1975
247 361
7451 7802
3194 4060
6979 3075
151 3065
5353 5111
4210 2884
3727 4781
4879 640
4518 3980
7023 4738
6271 5043
5712 1796
1694 6742
5010 5238
5711 585
6033 2012
6670 290
2081 1969
865 3031
6409 4489
6621 944
3445 4991
6492 6798
1838 3791
3701 4179
5057 558
7101 1662
4625 2233
5913 7109
2106 6053
2282 1182
3087 7363
3249 5444
1225 663
3013 5071
2854 7782
2548 444
2808 7608
515 6980
7627 65
3027 4394
4711 3247
590 7075
3445 3854
3362 672
4564 5562
866 4667
7692 7228
977 6530
5442 4426
4942 7130
6346 4834
1941 2161
7770 5788
1403 161
7542 3466
6442 5036
3104 3623
924 1788
792 6591
7513 5462
4557 2999
7299 4974
6127 2718
6586 3879
6389 2019
1200 7803
2139 6621
1891 3221
4062 4601
1467 43
1242 6781
1875 2098
3692 219
2862 893
7389 2327
6246 3006
406 3231
5435 6822
6302 4189
4614 3031
4788 3470
1603 5130
5351 5805
1180 5742
6748 6968
3962 3904
427 2701
769 1391
6160 6047
4034 5680
4803 7563
1519 5850
4905 5051
919 3452
238 865
2081 1545
990 6016
1495 5821
5157 2644
2161 1698
7453 3578
4356 1031
5689 3082
4216 389
2958 4921
1936 2344
6705 7598
2356 6205
7588 1528
6895 4596
4028 5061
994 2773
3574 6772
4642 4560
950 930
7678 1778
6296 5628
7737 1662
7599 5901
5267 4263
3596 2648
5220 7583
5924 4869
4981 7586
5826 7086
423 4715
2938 5310
3844 1973
2666 899
1733 1082
2246 7512
5541 7601
5603 6185
5636 4014
3418 6909
1703 389
4659 3272
2709 3415
6929 6071
5360 6134
7677 2517
487 331
4960 416
2430 2431
4280 7821
5712 224
3991 6764
5694 7145
2415 6616
2968 3329
1894 4092
3991 4681
4215 1234
643 1736
6498 3618
5240 3868
7185 6483
5998 2202
1908 4063
5962 4596
725 2331
5262 2679
6663 4975
922 3246
6480 5193
5306 5607
7384 999
2497 1356
6839 5604
941 1692
1755 3160
3328 2006
1523 6873
1496 6404
4105 85
4360 2021
5132 4105
4078 3472
803 5423
1581 349
1330 982
1086 1916
3828 3504
229 7619
1327 3039
6390 2863
6090 875
5706 7525
7617 6026
7424 1777
5264 5775
1215 5787
5209 7560
1052 3296
3073 6498
6236 2972
7359 622
3706 6869
4039 6697
942 705
6237 6283
930 342
5116 4981
2287 5725
5547 1827
2212 4104
3084 1348
7627 5789
1619 3257
1578 4012
1722 6274
2572 1864
1570 684
4841 3214
5998 4051
6161 2452
5141 2490
5239 5350
3923 7205
4312 7027
351 7091
1038 4346
1030 229
2048 5295
169 5184
6078 4785
7636 5411
7423 770
7122 5224
6019 3750
2297 7122
1083 3361
640 6601
5857 541
2469 7416
5447 3622
3862 6446
120 4159
2902 3836
3958 3456
1947 6547
4746 7711
5282 1432
4956 6027
6948 4312
6792 1107
3637 5302
6895 4965
3297 7506
4557 4997
7799 1523
549 7278
6988 2672
4815 7207
1710 483
882 2537
2265 1847
7773 6939
2072 7396
688 850
6535 736
2584 6494
6436 7508
4794 5723
3971 6064
1290 704
5180 7075
1235 3206
363 7533
6108 1923
6589 968
3190 1688
2285 6887
3701 2244
1682 948
5535 817
4284 1036
5006 3381
1118 3479
6805 114
2717 372
1485 4694
2071 3397
6119 151
2490 7047
465 7176
6262 744
6601 5018
3738 3033
660 5907
3066 1705
5148 4547
2208 3222
1458 4343
3287 3362
2034 407
891 4152
3561 321
2704 4316
5318 5926
4451 5662
7565 111
2944 4320
7478 2577
7520 7326
5660 4195
4806 2034
4003 5003
2702 4112
2327 3852
7528 373
3339 6144
6237 517
5930 1957
7065 2562
3319 1620
6733 3274
5136 6108
2786 4871
5535 1786
1040 4187
1648 3041
7673 2251
4974 5999
4806 6796
579 3017
1217 2392
668 7211
7257 6292
783 6901
2190 4828
258 3211
2483 4077
5992 4916
3215 3788
3081 1478
7079 1331
1644 6236
4814 6192
6333 245
6350 94
4157 5073
4744 5880
4027 712
218 1359
871 971
3866 826
3926 3968
2419 3882
2479 4828
6034 1796
4003 4067
2785 1478
2545 312
6346 5350
4979 3215
5793 1797
2712 817
1736 688
3261 6533
3218 323
1824 7560
5264 6570
7653 709
43 3000
5725 1213
1620 4834
7311 4676
5534 3580
4445 3401
6881 5200
7095 6796
2688 325
1846 4395
5347 5401
2071 863
1437 3271
2431 6982
7453 3236
5158 6472
4282 7182
7230 3332
4673 7643
104 3013
3881 4286
1830 2110
5314 1150
2447 5842
7624 114
1473 2539
5290 118
7382 3689
2040 5939
2182 5769
1959 6839
2713 5899
1531 4440
3837 5636
2711 6330
823 6494
5125 1559
5929 7818
4788 7554
6421 5924
6647 782
4687 5111
5093 7477
7545 6970
7615 5853
6868 5477
5712 7482
3130 1102
3417 6418
7457 3307
3574 5462
2352 2739
3249 3756
6219 162
4482 4041
4558 465
3328 4430
1867 5237
3403 7736
5761 955
5189 5119
7515 6994
28 7669
169 5344
2097 4625
2283 2210
1786 7040
7185 29
6436 2503
5292 923
7281 2379
492 563
6658 6894
5356 3652
3415 25
6028 4206
6964 7254
2210 3889
5042 3738
5687 231
1600 2124
2551 4280
1334 5979
2704 4426
3487 7621
3189 540
6549 1503
5110 4916
2270 1903
5940 3637
3471 5110
4034 4125
5453 7320
3093 2757
3519 7244
7775 4802
7639 1269
1578 7475
2447 1223
4744 63
5355 7564
4840 1879
7039 1200
6383 2714
7737 2512
5139 3488
4842 4345
5752 5858
5073 4109
7352 7664
4331 3436
230 5410
2612 3821
376 3675
7806 3278
7498 2400
7468 2498
3033 4093
86 2432
6554 2903
1547 5265
2619 2089
3116 1469
3139 1834
1910 134
2490 1836
5775 5269
4807 1920
378 3607
6172 927
4830 1492
4879 4870
5348 2139
5616 2564
1452 3417
3200 4255
5409 4117
908 1864
2436 3164
1485 2227
1509 5103
4124 1218
1393 5725
4479 3150
866 3387
6668 4095
361 6182
581 1786
721 4514
6829 140
163 7572
3296 5216
2362 2219
4652 1673
1408 4630
1742 6600
2354 3032
6836 7572
2446 2846
6104 4968
2047 658
6118 5992
3398 1695
6729 6903
6710 2400
4003 2996
119 1705
3048 2512
2967 6624
7373 6758
7250 7105
2806 2503
5565 2738
2058 2419
4210 671
6653 5229
982 7795
5886 5227
407 3758
7742 4803
5667 2825
5636 5710
7198 1479
3583 2498
7495 5730
4085 1408
3565 6467
5889 5560
313 4016
4260 2646
1331 1631
1614 4537
4288 859
3807 3287
2100 7636
7611 890
1967 7354
1739 6572
3334 3685
4898 5231
5075 5071
3938 3082
4217 2211
4133 7243
647 7648
7658 1876
4984 7335
3048 5490
4615 836
2308 4159
2194 7436
1241 1233
5116 4977
7426 6464
3854 3265
2839 1751
1650 5307
4505 2291
6810 5760
1686 5432
6079 5423
7786 2488
5769 3896
908 1859
4478 5399
5860 4672
4318 574
274 7593
1862 1615
5131 7179
412 3191
950 1596
700 6967
539 7721
6866 6653
3627 492
7264 5292
1967 7536
5939 279
1534 5226
2185 990
7533 3200
2204 2397
3745 6810
5099 7754
5994 7773
613 4245
7267 3568
1430 6351
2198 2327
5859 2005
1736 4360
3305 1655
4766 1571
5030 7150
6103 417
48 2770
5802 2817
3135 6173
5257 1315
6070 6417
5935 4698
6581 151
7786 1142
2877 5373
6808 4849
7519 5130
5316 857
3314 1825
3548 7722
1069 3132
3621 6633
448 2841
5761 1933
4372 1707
3058 4840
78 6155
7718 636
5522 4030
4175 4345
2153 7320
1883 6601
1650 6867
3420 5399
3122 1340
4943 791
7260 1626
2171 2661
709 1429
7460 2697
168 59
4746 7475
2598 7028
753 1952
5598 684
3119 2120
2965 1907
3428 4974
5490 3567
6980 49
563 7818
2514 1560
255 164
3997 3101
2275 3188
1017 992
4489 2722
3647 1511
7058 5132
5548 237
7339 2331
4707 1941
1536 4356
6707 5100
1069 1772
2573 2111
7012 6532
2144 7157
2386 4640
5099 5852
7610 2011
5446 2213
37 2711
5998 585
5124 5325
2839 741
1818 808
7451 5524
3214 4344
6865 5414
6657 6421
2430 5678
4020 4131
6938 3423
4914 6868
2267 5227
439 680
1478 1792
5906 1544
5821 6244
7449 7478
4140 2098
3483 3225
5352 2295
5072 4735
6641 5628
5057 3740
588 1468
6957 2689
7113 3610
1830 3556
1079 168
5143 7123
1754 3899
2828 2862
762 104
5642 3909
6277 5370
3144 2526
6308 6062
7568 546
4366 1301
4769 2211
2551 6379
3046 5332
5980 3483
4814 2309
7199 6535
78 2976
482 2702
363 2366
3790 4780
5525 3472
7281 7468
2418 1090
6275 642
5124 6677
2436 5750
1287 5478
1624 3791
3513 4377
7271 7754
5196 2078
3804 7281
2136 4360
3231 1996
2787 2478
6683 3727
3621 5306
7651 4868
7049 6119
6572 519
4140 3146
4668 6512
351 1994
6191 5505
2808 6829
7086 4691
3366 691
2762 6321
4339 3439
1828 6705
5518 2630
2829 7522
4987 5035
549 1742
357 2012
3328 2159
162 285
6771 3907
4530 6590
3072 5136
7064 3718
4348 4872
6866 7341
5790 4367
208 462
5371 7403
7686 5250
2936 4489
6795 6747
4111 7507
6552 1486
2626 7754
3274 1885
7050 4680
7504 416
4510 5395
1500 2265
2459 4331
2902 808
4503 613
2589 6625
1062 7415
170 2808
3311 1565
6424 2228
3343 1841
7132 2506
5145 2696
3406 5655
2252 7402
1131 4108
364 667
764 7620
368 4454
5481 1894
2210 5338
7052 1491
3259 2888
1149 7521
7619 1437
5967 3802
4025 3160
4810 826
5745 4147
3548 3438
681 7294
6568 261
3913 5380
7772 5572
2562 5132
4719 1868
3114 4261
6849 3895
5802 7066
5237 3554
4132 2699
1813 6668
2122 3646
4093 729
2364 4335
2616 4719
1131 452
792 2299
4369 2064
7783 2886
4223 2961
922 6687
620 7449
2213 1327
3435 6260
5730 3884
3556 3632
7623 1147
415 66
3460 4758
1663 7712
1417 6496
2123 5104
289 6789
2612 4904
6294 727
5215 5123
4218 4320
1891 5242
6191 2630
67 4944
3451 7627
4534 2270
2052 3502
3284 7478
3688 6922
5421 6772
678 381
4304 6614
5755 550
4172 1880
771 3409
464 4349
2505 2462
2043 4456
410 293
7653 6793
68 4636
54 1990
4369 7115
1527 5283
6330 3852
5655 222
7603 318
7188 3831
3862 3278
4196 1417
6987 3526
5106 170
6611 2875
87 4157
6458 609
6893 4156
2858 6530
1644 2958
275 3662
1545 2976
814 4206
1694 4018
7588 6176
6210 5426
991 1623
4383 474
7422 1874
4564 7040
4437 653
1696 5994
3342 1290
7024 2297
6343 1089
3670 80
6967 3411
3918 3770
4228 98
4912 4836
3075 4317
6673 4781
691 4060
7789 3261
1733 5856
465 3666
7146 2948
4882 2624
5979 3340
7752 359
3516 2052
7285 5842
1815 4320
4100 4846
4500 912
7637 4878
5352 4268
2789 2633
3500 522
6338 433
1822 1030
6027 3664
4394 6957
1165 4719
2194 4058
6125 2448
4260 1636
3109 6979
5224 4834
5987 2624
2039 791
4851 4884
6336 5538
6528 5037
6915 1867
2153 4959
5239 2761
119 3334
1316 2352
2683 2702
2106 2367
3568 245
6575 6284
3451 4750
4003 5911
7536 2985
968 5
2881 4129
5509 1012
1149 1639
723 1266
2380 6539
6614 4838
4678 2961
7293 4934
772 3030
7579 6657
2529 7320
3839 5972
1910 2096
4640 2682
4412 4942
3975 3204
1574 1653
1776 2232
796 5215
4521 4134
3591 2370
2420 7590
7396 3964
698 4489
5409 2545
7167 445
1308 6370
7050 66
3064 1218
4275 5086
547 770
592 5886
7438 4444
4251 6366
6426 201
3426 4232
7291 4323
5098 4510
3350 1301
1436 3822
3585 1875
3981 4401
6159 3329
2924 7381
6638 1568
3977 6580
6846 735
4931 3315
7678 4429
1486 2095
2598 5793
5279 7365
6744 7319
5624 4492
1171 522
5147 4500
4842 5674
7753 1437
5920 2993
6264 3432
368 3286
4539 3500
5991 4249
2427 4746
1020 5153
2704 2229
6216 4501
3639 5267
7664 346
5092 1133
7793 7632
6319 1738
2174 1710
2324 45
7454 169
6389 5207
2885 377
7801 5901
3164 1417
2827 7657
3470 1079
803 7084
7232 6051
7400 3191
3891 3952
816 5130
4188 309
5931 6256
7272 523
7782 2370
7082 2791
6308 708
4472 7363
3659 5196
1001 6934
3392 7718
3213 7803
7508 1382
6843 6778
2899 6354
6122 2890
1561 2878
4717 420
3951 1184
5466 1873
1129 3538
5159 4234
4766 963
510 6176
5585 948
7818 6265
3319 7198
1597 422
6038 5980
2644 7235
1703 2831
5455 1909
2188 7331
5451 7778
3413 6600
2680 3499
3173 48
6202 5612
6233 2465
2043 5049
4764 4600
7654 6882
7365 3398
6385 992
5208 4100
6837 4303
2047 2363
1747 727
1847 1286
3802 2150
3353 1269
5700 3291
5161 3366
5614 3647
972 5845
6330 5934
2812 5636
3897 6153
5401 3447
4370 5725
1485 899
7403 6603
5770 7701
7465 1750
4668 4451
245 3413
207 3997
5079 3205
5165 6170
635 6372
3533 5275
1581 4087
3218 796
2891 7560
7735 3046
6479 61
3896 149
4794 4931
3172 2361
2941 2077
5399 800
2939 3263
1180 5207
1075 3215
5453 3518
3234 3221
3787 7277
5557 2073
6632 2765
6378 3632
4636 2507
6340 5318
509 882
7793 496
3592 3496
6934 4394
393 2385
1444 1379
4789 7789
363 741
896 3206
7629 3618
1324 1365
3068 4864
3002 1984
7065 6253
7318 713
6636 5457
6619 858
2265 4633
7187 1107
7244 2625
1728 5795
871 5692
7820 4867
1154 1188
7453 6112
2924 4009
4283 2542
517 6331
6793 3898
2313 6271
3472 7315
6747 7439
4633 860
7158 4602
2922 5184
4085 1917
4077 2575
4894 1499
1043 2567
4376 4797
6147 1754
7034 4193
169 335
2751 912
1260 2791
349 6709
5632 958
4169 5772
7755 6356
4564 6782
7776 2614
4187 166
4063 5033
1664 6360
6895 1373
4086 3030
6808 538
3405 5032
2072 4717
1874 4062
7661 515
5462 3210
4275 5856
6692 2430
1870 3355
5333 4619
2192 417
6585 5342
7392 6051
1932 940
3685 7651
4983 7122
1092 5363
6003 3783
6124 818
2397 6134
4064 7254
5547 942
7675 3617
1113 7213
2124 481
5938 5650
1826 7293
5802 5220
6424 6191
2046 949
6929 7054
6883 5534
824 6677
111 7309
2081 5219
361 6283
1348 5345
6405 3007
5442 302
6606 1486
7753 2922
1995 4327
1133 42
5194 7649
2960 2518
2060 1000
2374 7653
1352 2412
7330 3980
5785 1182
2948 582
1838 5620
514 4543
3412 1625
590 7700
442 316
313 3394
5093 4149
2393 2725
2494 6333
2426 1113
2822 1131
2828 6069
7806 6035
6344 6560
3926 6523
5903 7321
6792 7627
4153 3271
4613 5363
114 3786
6472 341
6346 6056
7189 728
6749 7069
4748 2219
2625 4467
7495 4680
2275 1237
658 7084
7192 6185
6140 52
6834 2738
1655 2038
7304 6692
6054 2513
3322 3967
7762 6313
7204 3538
7373 5182
5768 6173
682 3138
6721 4451
3919 1694
7086 3043
4426 5130
3885 6843
1262 1014
2729 487
112 591
7672 3449
3097 1527
3647 5710
4870 1408
3070 7648
4009 3688
6967 4908
1233 3018
2961 6133
3921 5257
4737 3415
3712 6287
446 1671
5362 3057
6492 211
5159 1724
6578 7657
5926 6653
4298 3617
1331 4284
3011 7426
5248 2470
6348 2073
4640 2604
923 3967
6389 7050
4492 1087
3378 2581
4854 3802
1967 5596
1859 1653
6887 7533
5662 52
246 395
3933 3083
205 4293
3374 3561
720 3593
4685 532
2407 1919
2965 6011
6251 6808
1263 1301
3651 4741
2890 2612
141 2596
7365 3597
4087 2805
833 602
3933 5426
1529 3413
3299 894
7813 4112
5226 4253
656 809
7557 4776
1790 4862
3799 1379
4118 6509
4331 1756
6258 4229
6988 678
4223 2439
6744 5613
368 6206
4549 901
246 4463
2400 3472
5349 5032
7487 632
1467 6782
2731 5778
2761 6700
6580 6740
4802 4711
4020 2078
5735 3975
6593 7190
4196 6363
532 3692
1545 3212
7384 2320
2965 690
2859 7207
7210 6270
5483 271
2982 2081
7023 720
4999 7364
3349 7264
4188 3415
7520 4038
6539 3428
2619 5193
4577 7735
2046 7293
598 6204
2473 7113
6345 5114
6383 599
5936 6938
274 612
3188 7590
5241 4766
4370 2179
3590 4699
1850 5480
883 2731
277 4555
2204 546
4047 772
667 4287
2483 2488
2329 6363
15 1425
6843 3890
7500 543
243 4851
1753 264
2856 6896
2270 2941
6915 4915
5173 2464
3908 2779
2509 43
486 5680
3135 7584
7485 4456
1825 6752
3751 2845
472 1988
2971 5974
7179 3656
607 701
5308 7802
3787 385
6867 3043
3689 4549
1475 1486
96 5981
859 3923
1852 2332
1171 1048
7695 3199
2886 4602
6786 6094
1179 4424
5153 859
6 1250
3256 2636
4147 4672
5534 507
4543 474
7248 4013
4845 458
5045 2299
744 4501
4362 690
7464 7451
3007 6157
3047 6360
588 7330
3535 3664
6430 3891
7749 49
3274 2572
3573 379
5828 5069
4394 5683
3541 4776
1330 1534
2709 2
4156 2162
7673 3317
2900 1194
5336 7213
5614 5246
4972 7556
6668 5764
2441 2274
5713 3769
5949 3925
5868 2274
342 7762
381 2834
3346 2484
166 5838
558 2553
6085 2773
2848 7786
7793 6216
6124 7526
265 4402
516 588
4522 3831
1643 5299
7806 6868
7599 566
3112 4356
2526 2179
4696 6000
229 718
6022 5067
5034 1414
6546 2622
6564 2850
4694 564
1264 1868
3715 7710
7602 7362
1896 2490
4251 5750
1091 7260
1091 6950
2469 7163
1374 3906
7002 1523
5547 1388
7116 7406
657 2520
972 277
2996 5099
676 1697
901 6535
4401 6674
3390 1146
2210 1637
3721 7778
7273 2299
4148 6033
6074 1728
6699 1985
5330 1777
4111 2741
3729 6417
1112 1119
2310 5732
7177 563
971 5565
3869 5042
5937 4019
3556 4234
6920 5954
3163 113
1674 190
7086 3805
1495 5256
5749 4961
1430 6848
2736 1048
1612 6588
967 277
2663 6733
4456 5620
4588 1775
514 836
4683 5952
4628 1092
6681 1641
5683 6441
1734 6600
2065 5157
6488 1509
2670 1377
5659 4311
6748 5672
4525 1614
3548 3287
4968 2310
5907 5247
2560 7465
3438 244
3147 7606
7099 7640
2111 7051
7630 1102
3530 2695
626 7209
7032 1756
1927 6434
7309 3332
1824 31
948 4687
6935 785
7035 4000
1849 4790
2819 2875
3451 3339
4521 6226
3660 7243
4748 6299
2729 4165
6288 2972
45 6516
4249 5722
5362 5564
2446 6237
5649 4589
2183 4333
4898 6686
5114 5821
7009 4072
3524 5933
872 2455
4759 6439
3302 930
1501 5365
1560 579
3033 3715
5616 2244
6671 4510
3083 4810
5043 12
6159 5521
1180 6026
741 1790
13 4015
1574 5138
6496 484
2089 3813
4058 2863
6947 913
6879 4189
1612 1515
2789 6308
4339 3943
4041 1805
6655 723
1970 3418
6748 4672
3976 1143
3813 6399
1359 4171
4163 3258
6332 218
5054 5208
1986 3710
4668 2246
4358 207
1123 2807
4112 5610
4491 3946
2282 4699
3489 3980
1117 1251
1520 4717
576 377
3561 6628
7167 2484
1244 54
77 721
5913 7181
4093 3424
4760 5846
1749 2667
3149 1200
2592 1027
3249 5067
5325 6100
1606 844
4766 3805
1796 5785
7461 1467
2421 1851
6250 5051
5159 4001
1027 5956
7261 764
5797 5116
3394 1822
5656 7654
2865 4510
2882 5952
6604 6498
4203 1547
1349 5543
1606 5229
5764 3788
4928 2943
6568 3585
2625 1889
2285 1593
7821 7367
5110 7632
2876 1130
205 7018
451 2531
2544 565
3908 250
2700 7226
5351 6133
2904 7519
4992 3175
5310 1028
4179 744
4133 7151
5124 1473
1595 3530
5868 5100
7516 5035
4954 4327
6209 7039
6922 7803
772 1055
2825 5828
3418 5676
1849 3199
5512 1639
1577 2141
2512 7560
1196 4828
6606 1871
7364 7161
1225 6370
1877 189
7438 7755
1222 7770
1951 6621
1916 2964
62 5168
2046 4098
929 1724
6764 5554
6128 216
7146 5987
4828 6045
7775 882
2224 950
692 782
37 2244
7596 2627
3926 3397
4361 4216
1524 6537
6487 7700
1174 6557
2163 246
5837 7214
316 1954
1994 3727
969 2049
930 5091
4797 6250
5238 6625
1499 3249
3211 2963
5649 7255
5931 6848
764 5030
6221 4437
2654 4532
5426 7320
7389 301
7437 2136
5758 5498
3804 4651
872 814
3219 3857
5725 4243
820 2287
6463 2351
1060 278
6047 966
19 1816
2493 6743
97 1873
7167 7125
237 6422
4245 2066
770 3173
7138 4501
599 5962
652 262
7472 1812
1637 667
2183 6146
412 6707
2497 859
909 4421
2559 658
4485 3810
6144 6324
1561 4820
3942 5252
6824 5624
5713 4087
6101 3311
3608 4094
5414 2043
245 2993
1071 4625
2327 4160
2771 5981
4672 3018
6385 1394
6747 7360
2236 3205
4134 4951
4522 1533
1871 1555
824 1282
2163 3487
4981 4541
3019 2894
3656 3239
2830 3290
5600 6796
517 3355
2005 5362
3852 668
5388 7810
7593 6145
6483 7378
5457 1413
6728 2212
7787 7060
4885 3789
3444 7801
2208 3802
59 1949
7806 3436
1869 962
3785 7522
865 4984
377 5853
5674 4412
5669 3185
2735 882
904 5973
626 2971
5061 3590
4522 7200
663 6903
460 7294
3834 6681
785 4711
4690 6112
2048 6688
57 7522
5585 3644
2474 340
5409 7384
4904 7703
5419 6147
6521 2526
383 2506
3236 1408
351 3639
2900 5394
1004 460
5632 5577
4442 3193
6528 3946
7481 701
5010 2478
2771 540
4245 119
1050 5611
779 2442
6681 4079
4975 3172
1873 1301
3983 5572
1954 3032
7335 4009
1778 4975
555 6796
891 5071
3800 3640
2591 3112
5659 178
6680 6896
280 1776
1738 5622
7032 2780
5227 1217
2061 3870
4489 6412
3275 7583
6555 1905
1163 6675
3399 7251
6059 4031
3591 1178
7703 7598
5397 4584
1147 5246
4041 3896
7768 1427
231 6068
4915 4659
5794 5043
3502 5745
465 1671
6647 5069
6783 4969
2751 1317
5208 2194
7402 2362
6845 4971
1650 2160
3457 1224
2517 3527
5121 3505
4239 803
1920 3925
3409 6616
7115 7512
5521 802
6184 5972
5343 3436
7601 1069
6593 4815
582 640
2279 6943
721 3025
6654 6309
5308 861
3753 2853
7321 5814
4685 609
6586 6317
6337 7568
4282 5347
3484 6287
2124 5495
946 3430
2674 678
7601 4969
1534 5523
5278 6258
7442 2014
4077 4647
4017 3921
336 7659
1754 7458
1247 4888
6024 6686
5915 6583
1982 6135
7095 1627
4240 4967
6927 6687
7025 451
5652 797
1295 462
923 7469
4599 87
6134 4456
3975 1268
2347 393
4705 1976
3342 4817
5603 5032
110 1613
258 6288
1626 940
5286 1949
3971 3510
3667 7563
178 1349
4741 178
201 1607
289 2142
4668 5527
3134 5265
6336 5573
7446 2531
1710 4047
1755 6568
2123 873
6202 1952
5669 6383
7035 3304
2997 3857
4720 4514
4237 3263
6217 6758
3828 3659
1264 7515
78 2334
6956 5227
4168 764
6399 3120
2049 4874
5271 3418
2711 6702
2744 7574
522 3626
7082 524
2943 1038
6 5381
821 5557
5100 4352
2644 4039
5941 5915
6991 3151
274 1525
4361 6931
2968 4532
3889 7100
4807 5237
1184 4194
2418 3517
2627 4847
4030 5444
237 4549
636 4584
3665 1261
1277 6188
4974 5341
58 1687
5330 3483
92 4400
1663 4664
7005 4887
718 3605
7319 6962
79 2386
4678 3465
5864 1531
3885 7226
2366 2330
2643 1052
1559 1200
1676 7211
3271 5350
6060 2599
5786 3297
3704 4434
4094 234
352 1849
4690 6134
4462 6371
2198 2470
1356 3449
6747 2213
1171 622
5661 5557
6343 5604
5999 2661
6699 6764
161 4481
4696 7619
4642 380
581 3704
7749 4257
1647 5500
6103 6127
2592 635
5651 5585
4172 5538
5435 837
2705 6724
5475 7446
1056 3983
6857 163
4958 5821
3412 2754
2614 54
6570 6868
1184 657
2564 7012
1627 833
3218 7593
7798 6586
559 3861
1571 796
1115 2863
427 2659
1994 2789
1268 6634
4696 4239
5598 6101
7156 410
5762 1785
5925 5173
1398 3132
1460 875
3087 45
2653 845
2150 3476
3853 646
4869 6484
7471 7192
3555 6729
554 4000
1723 4140
3231 2465
3511 6627
6407 783
2211 2482
4857 919
4272 6003
4841 7365
325 4783
6109 4536
1277 2917
6188 5304
341 1626
4815 990
4345 3249
7508 3861
6858 4864
5530 4636
7658 2762
1056 4937
4780 6574
3082 52
2385 890
2464 4063
4993 4518
823 4964
579 6668
1806 6480
2047 6357
4399 2150
5348 2616
6315 5911
5036 2783
4384 6854
3686 6158
994 1873
5209 1810
3310 4956
4190 3937
6782 4124
5286 453
4027 4851
4472 553
6792 715
1018 4240
6119 6949
2708 2996
461 6170
7602 1922
4011 2325
3634 3338
7658 3493
962 1648
1884 4119
2696 992
4800 7027
2713 2615
4739 6689
1029 7775
2409 6491
7579 2310
4789 2618
5722 7362
1850 1479
2207 5145
5094 2375
3043 4620
1253 6583
6907 3361
4317 6011
2407 1734
5978 7818
5517 2749
7653 5521
719 2646
4174 6488
7100 267
5339 6829
4422 609
1836 3403
4588 4213
657 6453
5418 1816
837 4749
6135 3381
384 6796
4951 3971
1334 193
6699 3953
3854 7132
6149 2089
394 3151
599 1643
6873 5760
2644 4900
922 3343
3294 342
448 519
3926 7129
2046 3123
3357 1841
739 6870
5174 399
7590 3822
6843 3116
2885 7617
1072 1196
6051 6557
6563 6781
94 6034
4549 7284
5836 2396
3967 2997
1757 3135
5174 3377
1927 4867
3646 7669
963 2442
2474 5834
4619 2255
4943 7192
2592 3289
4599 2132
6183 4844
6252 1442
7235 3875
2626 255
4361 4871
3276 2892
4006 3430
1783 287
2581 7603
4594 2605
6537 5123
481 5856
4780 5382
521 7348
5251 6889
4601 6406
2641 7015
3875 3807
1622 708
6562 1112
4067 7664
4482 7637
4202 193
4760 1987
378 4246
3173 6574
2859 5194
5917 5351
4418 2553
6361 7249
6476 4119
3567 4850
1209 5503
1581 3750
5527 4395
6603 5979
5541 5240
1015 2038
3625 3302
6749 250
2847 4685
4038 7329
6825 2701
5564 4430
1452 3377
829 5855
318 3193
1447 1973
1748 1919
3682 7267
1142 421
149 4129
105 7533
7813 1956
5450 6747
1694 6033
1910 1564
2829 1692
4872 807
3649 7647
2571 2971
3578 6211
7049 6761
55 3667
5075 3789
5659 1012
2786 6891
6026 4491
3373 2420
6881 5182
3329 2660
3940 3296
4732 538
4989 3806
3006 7575
4934 934
4549 1952
2362 5540
1143 7316
7189 1851
2028 1688
2207 3331
5907 2201
2231 3836
5854 3498
5954 7650
6564 1073
2697 2839
4659 1423
7819 1104
7591 4398
4760 403
145 821
7477 1191
4020 1260
3154 5375
5428 5484
855 4115
5973 7687
3160 5263
3820 5604
7596 429
1043 156
7156 2568
6475 7782
1468 2457
7717 7128
4022 5711
232 5723
1569 6521
761 3728
1067 4915
671 1405
867 7752
5560 3584
1633 3785
4058 3122
5972 7533
2473 3019
4169 5073
4343 1427
5441 5356
1492 492
3528 4020
6715 6742
7439 7130
6296 6560
4999 174
1792 1277
2614 6778
647 7760
2349 120
290 2447
7440 2350
2321 5104
3755 1014
458 5286
904 1479
3276 673
5573 7129
1891 994
359 7689
1706 723
4330 6407
3770 4277
6078 1188
4165 4375
3843 2345
7817 1414
1047 6265
6988 3132
3234 7167
7321 3301
2806 6483
2329 2740
4245 6572
6987 25
2151 381
738 7284
6193 3188
5265 5772
7180 6634
474 4206
5725 6837
3517 5130
395 1146
5306 6177
1283 4064
917 78
4445 4137
2100 7415
7023 1834
2557 5936
4458 3423
1511 6740
4159 2845
444 3212
1333 6294
3259 3870
2251 486
7339 491
278 2688
7585 3256
2599 2396
3172 3491
6220 4308
7235 1224
5560 452
5458 2541
3459 3206
6843 4132
2493 3013
6277 6233
675 5362
7626 1606
3065 5566
5103 96
525 5925
745 3603
4275 6973
6360 3847
1098 4366
4903 6309
208 3227
7732 1072
3894 6090
6590 7743
7334 566
5187 2836
5921 5769
6672 6376
1118 7760
967 7598
6696 4294
6467 1653
6422 4223
3843 2409
5723 3421
1716 6317
6369 517
3704 6224
1873 7119
6965 4330
107 3297
2433 5922
5653 2159
3066 3650
1400 2626
4166 4293
5076 3809
424 449
6053 201
4072 905
5485 7710
3697 7364
3160 1093
5762 4482
5200 5324
3329 3472
5226 7321
4270 770
7363 344
705 7163
1871 3817
4794 7314
4210 6047
7262 817
6635 5922
2762 7145
766 769
1083 183
2017 439
1836 5063
2916 1641
958 3112
2991 7740
1749 6895
6591 7721
7655 4234
3662 2560
6605 5516
5151 7157
3983 7435
6965 6628
3277 427
2118 3827
1315 5977
565 5572
3733 7003
6543 3610
2231 7329
2595 2564
4836 3800
1541 4047
7637 7076
403 4175
4759 293
2625 5794
2295 7801
6069 6371
7181 2993
3659 1592
6327 4573
3312 7339
6766 1811
4744 177
3728 7487
4769 4445
1753 2204
6281 3749
1595 3229
5228 2487
2072 4284
502 2285
6552 2795
3640 3473
3021 1543
2822 6806
7189 1380
5507 4193
3387 7064
5506 5343
3569 4895
879 372
4330 4444
4985 1885
1251 3569
7573 6984
3438 1561
3489 2956
5558 7329
7214 3689
6509 5925
5373 2141
2028 5541
7678 2406
7323 4360
850 2200
1502 5837
1240 5189
7584 4726
6360 4629
548 1736
2596 2078
5972 1319
7813 5444
5401 628
6039 6894
4566 5838
1442 139
682 1017
4472 3498
42 7324
7453 671
3660 5355
2617 894
5934 5905
5670 4379
4918 1525
4199 2111
601 6567
313 1663
6856 7678
7505 6709
2273 2847
3891 6671
6338 5961
2176 7077
7454 1812
7663 4137
4353 7395
5342 1606
5375 4792
1129 1818
6590 6210
4193 2679
3471 4283
2226 5562
4115 4894
6993 3608
4987 7547
541 2712
5241 647
1092 7161
4514 7312
1722 3225
6152 6947
7565 7664
6105 6324
4287 3556
6546 1827
5165 188
4221 1961
4399 5887
5347 2749
6872 416
4759 5864
6792 6711
7002 7355
3002 5552
7525 336
3054 2022
5808 3255
5732 716
6907 2063
26 7495
7601 3097
5600 772
1521 110
4911 1365
2965 4640
114 3868
3440 2200
7442 7451
3011 4020
6772 139
7755 4647
3130 4460
5849 2960
5348 6266
5026 2248
3857 134
5901 422
4381 2000
4814 1995
6288 435
1490 909
2198 2647
4544 2597
5431 2997
5592 4943
7698 7636
2512 1544
6547 4015
2645 6119
4750 2337
5348 3697
6683 6161
5139 3921
5171 5282
5252 3753
704 1716
3670 5157
354 4344
3377 7050
3857 6074
2674 1664
4400 4298
2943 5093
5836 5880
4213 6824
7568 5236
2862 2602
3515 4965
2226 4782
2783 3114
3571 3568
4652 5148
4819 4684
543 3736
3209 374
3611 4304
5744 5662
4330 3340
387 2174
6772 2447
3384 2396
6253 7479
7504 5642
4272 6359
6039 449
5670 6549
6424 5355
992 2847
5168 6476
6426 3541
3400 877
3929 3322
5816 1905
900 3033
5752 6058
4199 5442
6950 2462
5564 5375
1923 6237
721 5538
4536 2459
2162 2432
7083 3925
721 3524
6635 4962
6564 4888
1165 3378
7342 2985
7091 5503
873 5837
4458 584
2807 4454
6456 833
2259 2592
590 1425
6929 2688
4498 4887
2849 212
6568 178
7643 3569
5307 505
4688 6851
7460 1568
6953 5795
7330 3845
3340 6320
1522 7180
1139 3093
2075 5483
1039 1004
5687 1775
2701 4314
1682 2737
2176 7198
7252 3594
6425 3070
7165 7468
2208 6023
5632 2883
5437 118
1852 4268
79 3623
7635 5047
1106 5885
5961 6466
7365 1117
7583 2325
1384 1686
2741 3708
1649 5442
6563 6104
4727 6264
7331 1600
4104 2132
4185 5523
190 836
5282 4636
3460 5484
1409 3541
657 446
6213 1514
2257 3488
3367 4902
1513 3011
6215 5375
2049 3344
5787 4283
2805 2245
3649 1843
3800 311
7219 4543
4698 900
7730 1031
4560 648
2614 850
5846 5870
92 3623
565 5867
7101 7316
7538 3399
1089 7640
7678 564
3908 2231
5944 946
2420 7517
4111 6128
944 4147
1496 7773
1194 682
6325 1733
4576 2299
6541 7059
3998 6211
7635 2229
3007 1518
6308 4560
6670 1793
3312 259
3891 7585
4521 2075
385 1287
1231 73
2439 7074
6785 223
5344 7418
2249 1988
3277 598
429 6287
4223 4823
6429 1119
7516 7109
4039 7673
2877 3161
2776 5678
3227 5458
7257 6853
1191 6675
372 5094
3479 4628
3420 7311
2161 1247
5730 6901
2291 4965
3293 7395
2985 6256
6528 874
1606 3670
6922 1335
6869 3583
2435 2994
659 1525
815 1920
7041 2783
4136 646
6479 5307
2854 5880
3224 7284
3651 2762
6492 5153
4683 6157
4087 2515
744 5064
3147 2541
63 4474
4733 2812
4357 2274
725 3988
5180 5943
1150 822
1166 7052
342 7585
1179 5447
1356 3499
6211 4273
6003 3347
1095 73
2914 6216
7669 5624
3790 6649
5748 1468
4367 6354
1150 2146
2535 548
4246 3381
6785 6587
3075 4904
6208 2375
1869 1721
2071 3061
4437 3958
92 7449
7688 5926
7246 1520
5410 97
379 6167
3473 5252
7251 6430
7128 2202
5521 4229
2278 5762
1777 1368
7513 1207
3479 4010
4627 7294
2933 541
4907 5961
873 1316
5808 4159
3967 3846
4997 5380
3603 5818
5856 7692
63 5847
7065 3101
214 1207
7321 6870
6512 6477
680 280
6882 7119
3545 7121
1726 6205
1515 505
876 6581
3293 301
4399 6054
4769 646
5209 2695
3021 3392
3339 6538
1090 1913
4207 2564
3745 236
4586 3470
6016 4752
738 2792
5702 1636
5972 5139
7250 1414
446 3774
3054 7158
7768 1677
1551 5105
7335 511
4601 2310
1102 1413
3366 2782
3112 4019
5896 4195
4362 4689
3144 5893
6214 5075
3571 5569
2787 2128
5761 1150
1650 5469
1354 6005
7099 604
2587 6943
1725 705
1482 7025
7818 4527
3204 6703
7246 1844
3666 2002
3995 973
7787 3606
1231 6315
4440 2455
6540 934
1182 1348
673 2678
1705 7741
1674 5201
1976 4029
1467 7565
4619 66
1150 1026
3423 4313
1323 3583
1053 2960
598 6821
877 6986
448 99
6109 823
1724 2754
7075 3937
328 4566
3338 3536
3426 482
2077 2375
9 857
2853 247
4557 5282
4984 5347
3369 5242
1267 3322
5678 7727
2228 610
3119 541
7236 1468
3874 7257
2482 3756
3805 3612
3864 7507
7793 5850
156 3257
3546 701
6778 3173
7180 3735
3751 5818
2741 5987
5881 3012
1592 5843
3239 2303
6219 4758
3359 4818
6654 2771
5932 406
257 1260
6580 7342
6603 6384
3297 1442
6292 5187
6549 5662
4562 1138
7730 2990
2631 6258
5151 3718
1982 2688
104 1647
7070 7793
2782 3307
2299 6621
3218 5938
6285 2197
2747 5032
1217 6632
383 7607
3757 601
830 5094
1529 3994
4964 2245
926 3524
3943 5634
6792 287
3652 3259
5258 4717
7712 4530
4185 4237
5622 7277
775 5845
4529 2
4577 4903
1420 7655
576 3513
1320 940
3608 5516
6280 6778
4872 6193
6920 1282
1526 5248
5793 2849
2541 6220
2802 7741
3548 5106
1050 2436
7292 5826
3358 3236
4525 2817
632 7770
417 6707
2741 5222
1075 2060
5695 7015
7643 125
888 4346
6916 3519
6475 4654
3387 1894
1017 7437
4122 3487
3424 7574
4519 2646
7461 2038
3175 2920
6246 2021
1052 1577
4581 1462
4549 2197
7588 863
476 3302
1836 5942
577 5614
2212 2317
5534 2888
2388 4711
7686 2990
4698 2514
1377 1655
4402 1107
4991 2057
2404 7614
3293 924
6849 1879
7324 4003
6771 6964
4779 7528
7515 5883
3919 4318
242 6292
4879 3752
434 3637
3329 4574
5495 3507
712 7610
7661 4625
4514 1976
841 6636
2077 4527
5478 2878
3945 7655
6709 3845
7282 6220
1278 1373
1793 6452
2999 394
3749 5932
7514 7383
5177 5316
3104 4072
2096 6857
6068 205
4860 2328
6117 2139
7252 5512
4844 7049
383 7263
7179 1654
5924 4266
7723 3502
6853 4228
1352 1894
574 3007
2807 4401
3831 6986
3205 2072
5834 4739
3791 3848
178 4117
5732 6466
3009 420
7017 5856
7607 2626
3164 6143
1760 174
1279 3473
6540 971
4976 4559
4014 2230
2666 2968
5622 55
3809 962
6236 4104
13 2901
3118 1001
439 1527
4854 4315
7522 2873
4474 7526
2516 5298
3520 1234
5516 2599
1615 6073
4971 1960
6916 2931
2309 6155
4660 1319
2751 836
2336 6556
6786 7176
3176 4797
718 5121
5755 6948
2967 4463
6872 2794
7424 7392
5649 2553
4680 713
3246 5828
4961 3195
2824 814
7008 2229
4431 4381
4019 7736
7105 2821
6625 4416
2301 1790
4316 433
3488 7313
5810 1637
19 2899
1014 3229
2482 1970
3539 1375
1198 4569
139 2794
922 4745
3544 1920
7115 6985
6260 2275
7339 1877
1048 2215
368 5618
4415 1886
3087 1677
1850 1072
5607 4558
5709 1143
6817 7717
6712 6768
4776 845
3763 5180
6839 3874
2753 416
6146 6
4815 3839
2482 6684
178 1884
4676 4584
7660 5427
2436 1067
2544 6933
5735 7155
1687 1563
7245 1018
1703 1778
3096 5418
6229 1301
3255 7444
2807 2014
968 1216
6087 6360
4769 2787
1528 1465
6997 3925
7738 7787
2161 4527
3904 4934
2435 4979
642 3063
6348 3966
1198 5955
6485 3513
3149 5962
2890 7528
7276 2938
5834 416
1591 4944
1444 1614
286 1379
2331 6849
1970 5815
2803 3472
5075 3486
3866 2118
926 6527
1636 4975
6952 1334
2344 490
3146 2259
1808 7000
6771 6453
1847 5422
861 2819
6073 6773
3239 728
5184 6555
4929 6574
646 7510
2881 7438
2727 6603
2255 1313
264 7252
1055 1375
4478 7041
2000 4808
5076 1378
6962 2944
2105 4951
2786 5165
3953 6883
6683 2199
5481 4784
3017 4372
6551 289
2419 1908
7772 3995
982 2862
5105 5852
6728 2397
5851 6208
6284 7735
4304 4633
1260 3456
5644 1053
5230 3487
4286 7406
3353 1507
6521 5041
4181 3689
7726 2096
7362 1283
4398 7755
6459 6095
1300 6090
761 4111
7740 2455
1713 5062
771 6712
1852 6437
3009 5143
7282 135
2413 3698
4786 3358
2374 3174
1608 5026
841 5247
5910 2903
4698 5901
2520 1045
3144 1415
3874 3209
3398 5275
3619 3545
1414 5505
4955 5598
6108 1988
182 1308
1740 3946
2535 5590
3489 6327
5009 2826
7778 5653
1350 2713
2282 6533
2617 2972
1455 3623
4460 5719
1475 3312
1742 2733
7023 7192
6422 6154
7469 757
2526 429
3389 2153
3623 483
2194 4506
278 6705
2782 7474
384 7059
3125 2351
1301 3573
2073 5373
3692 2686
5667 1866
417 1975
6421 2608
5782 7165
230 328
2229 162
4850 5954
5734 3149
4077 2302
7117 4797
333 4324
6479 6861
2453 5896
7223 5418
1659 193
6353 4027
660 550
2725 3504
7192 4350
4308 5503
912 1503
6758 2676
6331 2542
4688 7591
1001 1961
2674 333
2040 3638
528 2139
5381 3019
368 3735
1469 6899
2077 7158
2702 2051
3338 2350
1275 3361
601 803
2421 633
6834 4803
4401 7621
5216 2142
3239 3367
7432 6209
4394 4133
1936 2194
4079 267
5886 1005
4000 1827
4704 7284
5295 4626
5425 4218
4547 1242
7002 2907
2993 5032
5035 3395
5017 3229
2780 4165
2876 785
2541 1915
753 6627
7319 3897
320 3594
2905 2884
5894 3678
3392 477
2367 2648
4172 565
4522 1384
968 5111
4472 5182
2164 333
6120 3995
6264 3707
6569 3399
6429 3518
5652 5304
678 6335
1706 4185
7741 6138
2907 2452
1682 7480
6752 766
45 1888
118 6079
2832 3707
3944 6963
4625 6921
7526 4939
6712 2654
951 3444
6764 1844
7072 5349
32 7000
7654 1804
251 1264
1574 5978
6627 7480
6939 4681
7339 1036
5644 1166
7000 4424
1394 2247
3608 2832
6881 6889
294 5411
4415 5541
658 7348
6571 3750
2309 6005
7637 6925
727 1500
2048 6491
2878 3001
5755 646
1776 3516
3634 6058
6853 3333
4779 2656
218 2159
7408 610
3527 652
2516 2825
3332 1300
7232 5821
2705 7584
4010 4683
4823 4286
4526 1990
3000 809
2595 5439
4908 6794
4993 3132
4739 3259
7139 1846
4360 829
5182 6270
4925 7753
7618 3882
139 7459
1130 1882
1909 2458
6034 6348
4790 3639
7468 3417
4738 1277
3378 1656
7291 960
5462 2490
3311 6095
1521 4064
342 6537
673 4449
3651 6742
1861 5541
5296 3664
2869 7363
7168 7781
6849 2331
484 3258
1881 6327
3185 3533
3212 6912
4640 3314
7618 443
1511 5761
7284 7702
6952 6875
7510 3343
1663 2595
7408 131
3971 58
6549 5231
6681 698
3445 7611
592 2765
3110 4492
6655 6611
5435 5009
2488 1660
5085 7599
728 2753
3338 2854
1496 3384
4434 403
5944 7565
6680 2938
3103 3087
1130 5680
4137 7446
1531 5463
350 169
7110 3081
2210 1623
4568 5071
2482 7015
2517 6688
2826 2717
1780 2396
807 4569
6578 4283
7526 5498
5351 3599
4482 1064
1136 6487
2111 824
5552 6471
7772 6039
168 4118
2063 1815
3344 1056
1683 4874
5623 6810
5655 1570
68 1041
2731 5028
7588 600
6888 658
4967 2063
3093 2572
3163 3647
6824 2194
4862 3534
7787 231
1501 4093
1459 2190
376 3565
3686 4260
7005 5910
646 7614
3943 2005
4862 1856
7263 1537
815 1619
2539 5887
2146 7334
156 822
1995 2617
7565 1020
145 3154
7154 6152
6136 5543
6290 2869
4149 6726
5115 5565
255 676
5324 7249
3073 902
6787 2075
2644 2144
4827 6771
7536 1244
3118 2724
5157 1010
2638 4253
2909 3652
6498 5564
4364 3569
1289 5525
1797 6035
442 6248
4375 1404
1250 1752
2058 2336
5042 967
7314 705
7818 5548
2011 613
3520 4482
7422 3341
2065 1240
3532 1069
1275 3810
1425 1225
261 5970
5427 6825
7260 7062
4532 7705
7432 7481
5463 6773
4530 6389
2479 1443
6821 7292
4086 5700
5375 2174
4038 6149
6555 6624
304 5730
4610 7260
4603 5782
1957 7818
1706 2468
3967 2058
1142 3619
3158 1841
3664 6743
6527 2605
5275 5839
3806 3513
1663 6059
7255 6654
6176 1781
2669 1491
2336 7195
6376 4503
1795 6488
6891 4972
4911 2453
4955 1840
7111 1147
564 1986
6028 6680
1050 3948
1647 7248
2817 5490
5167 182
846 735
5076 2679
646 7458
3165 1808
7819 2626
1039 4823
2309 6937
6251 5929
3648 6456
2645 2506
4190 3466
1545 4715
4694 4156
1513 4357
5612 4355
7607 7701
3665 5628
213 4270
6619 899
3844 1723
7643 5437
1442 7596
1843 2694
955 3053
6417 653
1326 4479
4454 5915
7185 6744
5711 3426
3353 4283
2787 2615
40 6022
3466 1142
2326 5683
7032 6930
1113 5161
6988 4193
5940 1752
231 3132
3525 7139
2252 7514
464 6357
3271 1098
731 3520
3065 1713
3813 6675
4348 3163
7664 2188
6277 4492
3245 1177
4566 5289
118 5204
6604 7096
2426 3048
4449 6034
2773 7063
5462 1324
1467 5940
3649 1259
1231 4600
1763 4776
3622 2560
3016 4472
7705 7714
4771 1010
6984 2072
1295 2378
4621 3977
111 7661
3116 5578
223 1639
4678 2115
1730 3650
2990 1011
1846 2830
4911 1054
6185 7758
7678 1909
6916 2487
7320 1221
2597 279
5622 909
294 1640
2859 6947
2133 2259
6752 941
3195 635
311 4304
1608 7264
4684 3546
6421 5923
522 524
5278 2716
164 1757
721 465
6854 1529
846 7040
1894 5144
1514 3344
7383 5295
5282 6491
913 6114
4255 7192
3329 6354
1825 2766
914 7437
1581 3012
5033 2328
3944 510
3350 5175
3604 6516
3995 1409
7448 201
295 6557
4479 2385
3025 2501
1960 4308
3459 534
3394 1462
6337 5432
6563 6044
6256 1521
7504 2371
1295 1006
6348 2640
1320 7341
6330 2433
5380 5933
6554 4964
5332 7049
6338 2448
1923 543
442 5823
1874 1661
1937 5457
4785 6184
7710 1500
898 1698
4472 6819
1947 4834
2324 927
7311 7280
7272 710
3681 1824
2557 1138
5534 3586
6766 4454
1177 3620
4992 2997
1527 5878
4275 7689
5076 287
345 344
7457 1229
3165 1844
5480 71
329 4249
3906 3864
6275 3384
1594 1881
6296 3879
924 591
1545 2557
4286 6105
549 5051
7562 7647
4020 7647
5939 4112
1593 3452
3002 2557
4956 764
6046 2885
7762 4818
1591 1335
5345 7412
7525 5252
2587 1826
7444 213
5722 2203
4867 5167
5613 5025
3185 4837
3708 3068
4261 6829
3506 640
4627 4503
268 5538
5884 4422
5795 1211
3297 1086
5688 5770
7168 6699
3590 4254
4994 5850
3492 5352
1726 584
5431 5028
2100 2039
7003 1840
4315 1278
3593 472
7537 3339
3511 4294
5363 5316
5887 6187
527 2255
4188 5373
6970 4888
1365 4816
486 4437
1908 875
2571 7321
4735 1266
6533 2799
1531 4358
4581 7798
3747 4072
3165 6518
710 1201
3832 2197
3742 7312
3620 861
5849 5220
4066 7654
1957 2789
3986 6035
4722 6192
3909 7282
2039 3770
1249 262
1518 5355
6244 6122
6386 2901
161 3027
2380 1650
4330 7367
1702 1501
1279 2431
4519 316
4559 1261
3998 1959
858 5887
5338 6215
4261 4898
6463 7248
4830 710
2407 493
7586 5306
1757 2731
5216 3206
1559 5204
7244 6768
6359 6672
6141 3593
6274 6530
2618 7810
7479 6193
2534 7817
7817 4885
554 1043
3678 1479
3009 6806
4958 5385
4399 2943
4981 5885
6614 4262
4456 4335
4426 3311
1578 4741
950 7363
3698 3827
