1000 921
0 0 0 1 0 0 0 1 0 0 0 0 0 0 0 0 0 0 0 0 1 0 1 0 0 0 1 0 0 0 0 1 0 0 0 0 0 0 0 0 0 0 0 0 0 0 0 0 0 0 0 0 0 0 0 0 0 0 0 0 1 0 0 0 0 0 0 0 0 0 0 0 0 0 0 0 0 1 0 0 0 0 0 0 0 0 0 0 0 0 0 0 0 0 0 0 0 0 0 0 0 0 1 0 0 0 0 0 0 0 0 0 0 0 0 0 0 0 0 0 0 0 0 0 0 0 0 1 0 0 1 0 0 0 1 0 0 1 0 0 0 0 0 1 0 0 0 0 1 0 0 0 0 0 0 0 0 1 0 0 0 1 0 0 0 0 0 0 1 0 0 0 0 0 0 0 0 0 0 0 0 0 0 0 0 0 0 0 0 1 0 0 0 0 0 0 0 0 0 0 1 0 0 0 0 0 0 0 0 0 0 0 0 0 0 0 0 0 0 0 0 1 0 0 0 0 0 0 0 0 0 0 0 0 0 0 0 0 1 0 0 0 0 0 1 0 1 0 1 0 0 0 1 0 0 0 0 0 0 0 1 1 0 0 1 0 0 0 0 0 0 0 0 0 0 0 0 0 0 0 0 0 0 0 0 0 0 0 0 0 1 0 0 0 0 0 0 0 0 0 0 0 0 0 0 0 0 1 0 0 0 0 0 0 0 0 0 0 0 0 0 0 0 0 0 0 0 1 0 0 0 0 0 0 0 0 0 1 1 0 0 0 0 0 0 0 0 0 0 0 0 0 0 0 1 0 0 0 0 0 0 0 0 0 0 1 0 0 0 1 1 1 1 0 1 0 0 0 0 0 0 0 1 1 0 1 0 0 0 0 0 0 0 0 0 0 0 0 0 0 0 0 0 0 0 0 0 0 0 0 0 0 0 0 0 0 0 0 0 0 0 0 0 0 0 0 0 0 0 0 0 0 0 0 0 0 0 0 0 0 0 0 0 0 0 0 1 1 0 0 0 0 0 0 0 0 1 0 0 0 0 0 0 0 0 0 0 0 0 1 0 0 0 0 0 0 0 1 0 0 0 0 1 0 0 0 0 0 0 0 0 0 1 0 0 0 0 0 0 0 0 0 0 0 0 1 0 1 0 0 0 0 0 0 0 0 0 0 0 0 0 0 0 0 0 0 0 0 1 0 0 0 1 0 0 0 0 0 0 0 1 0 0 0 0 0 0 1 0 0 0 0 1 0 0 0 0 0 0 1 0 0 0 0 0 0 0 0 0 0 0 0 0 0 0 0 0 0 0 1 0 0 0 0 0 1 0 1 0 0 0 0 0 0 0 0 0 0 0 0 0 0 0 0 0 0 0 0 0 0 0 0 0 0 0 0 0 0 0 0 0 1 0 0 0 0 0 0 0 0 0 0 0 0 0 0 0 0 0 0 0 0 1 0 0 0 0 0 0 0 0 0 0 0 0 0 0 0 0 0 0 0 0 0 0 0 0 0 0 1 0 1 0 0 0 0 0 0 0 0 0 1 0 0 1 0 0 0 0 1 0 0 0 0 0 0 0 0 0 0 0 0 1 0 0 0 0 1 0 0 0 0 0 1 0 0 0 0 0 0 0 0 0 1 0 0 1 0 0 0 1 0 0 0 1 1 0 0 1 0 0 0 0 0 0 0 1 1 1 1 0 0 0 0 1 1 0 0 0 0 0 0 0 0 0 0 0 0 0 1 0 0 0 0 0 0 1 0 0 0 0 0 0 0 0 0 0 0 0 0 0 0 0 0 0 0 0 0 0 0 0 0 0 0 0 0 0 1 0 0 0 0 0 1 0 1 0 0 0 0 0 0 0 0 0 0 0 0 0 1 1 0 0 0 0 0 0 0 0 0 1 0 0 0 0 0 0 0 0 1 1 0 0 0 0 0 0 0 0 0 0 0 0 0 0 0 0 0 0 0 0 0 0 0 1 1 0 0 0 1 0 0 0 0 1 0 0 0 0 0 0 0 0 0 0 0 0 0 0 0 0 0 0 0 1 0 1 0 0 0 0 0 0 0 0 0 0 0 0 0 0 0 0 0 1 0 0 0 0 0 1 0 1 0 0 1 0 0 0 0 0 0 1 0 0 0 0 0 0 0 0 1 0 0 0 0 1 1 0 0 1 0 0 0 0 0 0 1 0 0 0 0 0 1 0 0 0 0 0 0 0 1 0 0 0 0 0 0 0 1 0 0 0 0 0 0 0 0 0 0 
273 618
288 552
766 132
514 344
585 985
881 818
725 903
769 427
445 283
952 103
279 734
451 259
661 378
821 345
820 332
928 937
650 825
116 24
425 30
480 114
317 839
912 381
30 419
287 757
75 495
969 66
795 791
805 194
807 61
923 894
712 662
651 147
358 419
698 72
393 346
734 396
697 711
670 375
539 198
882 336
859 116
597 970
786 283
368 279
67 936
899 124
635 495
31 112
312 751
447 636
988 709
193 441
513 799
838 781
793 396
794 137
391 234
315 389
281 519
432 69
629 626
972 523
789 14
243 650
867 584
833 610
251 899
260 613
241 862
830 447
493 750
716 337
301 855
564 211
217 184
972 994
154 667
738 189
860 235
459 726
742 870
510 111
604 616
281 369
395 122
171 126
134 952
286 74
779 924
944 290
346 592
244 813
479 353
783 809
561 276
522 327
628 505
357 26
142 127
940 999
946 387
573 287
151 721
333 296
704 609
680 865
991 109
649 960
147 439
613 900
87 673
719 497
926 81
115 275
67 511
208 642
577 364
961 67
413 842
45 638
270 874
969 521
912 186
461 793
391 805
591 73
412 326
659 375
815 309
866 879
200 823
346 868
609 424
298 572
103 149
713 507
956 939
166 37
987 107
310 730
725 97
61 406
211 675
594 323
615 504
865 486
991 127
726 848
864 88
793 101
593 906
463 36
551 729
293 763
706 683
103 690
321 352
303 459
441 95
106 405
789 3
871 198
514 110
411 117
300 17
282 705
545 474
648 311
151 988
451 1000
394 150
51 611
337 932
269 655
319 774
219 763
7 64
456 834
652 601
807 232
653 197
722 651
815 539
953 260
598 109
178 805
227 977
949 136
98 818
228 18
276 267
643 149
660 796
892 846
579 451
878 860
909 136
595 703
981 380
82 803
235 621
624 204
21 456
206 784
254 888
67 643
927 886
959 424
463 785
361 575
466 923
102 647
443 744
195 439
119 700
426 48
434 133
892 945
210 365
838 491
96 516
479 772
798 448
411 554
872 80
425 258
41 547
455 612
950 180
542 631
618 778
441 904
603 413
344 802
527 433
985 645
995 294
230 666
816 553
956 184
254 787
307 100
516 299
697 540
91 37
296 264
819 80
418 94
348 600
878 764
236 227
992 476
150 710
272 575
262 807
614 536
335 746
458 41
139 5
378 945
546 124
804 640
626 877
760 242
474 686
554 759
270 888
256 49
754 653
512 937
674 730
84 472
585 345
192 653
15 695
955 432
314 576
895 387
288 783
790 546
689 166
924 637
972 537
56 458
991 590
616 286
916 429
340 977
278 507
157 616
746 458
594 113
621 781
910 687
177 436
9 879
637 644
519 559
7 141
99 997
998 791
46 277
481 52
72 867
904 250
328 32
837 557
753 111
20 359
480 45
272 205
699 975
962 46
803 282
218 538
619 212
614 768
460 300
249 542
625 383
207 960
145 572
124 65
106 883
335 980
187 513
263 96
128 240
747 422
590 849
140 221
979 256
772 913
93 518
204 207
519 287
593 983
684 681
402 132
297 657
837 364
277 964
848 637
776 16
990 473
969 843
233 96
394 587
143 797
729 332
934 915
661 334
315 562
688 353
565 949
973 813
878 416
409 668
407 895
732 535
580 240
961 671
302 295
937 385
583 157
255 307
541 830
58 154
758 959
157 376
183 690
942 215
935 123
127 227
901 517
224 711
939 865
724 433
817 954
537 391
532 728
383 902
320 63
608 40
940 380
55 63
594 764
473 133
895 153
9 386
600 323
836 761
342 568
910 716
634 414
627 547
82 471
446 513
734 377
488 818
643 887
884 633
866 383
401 444
942 867
442 358
852 416
285 293
440 146
810 508
503 463
656 86
349 675
367 501
346 602
356 520
410 647
8 952
5 92
203 695
482 234
784 951
730 202
707 452
274 525
170 289
404 949
886 789
473 434
596 444
25 131
858 420
92 606
782 276
17 549
915 200
835 863
380 648
690 158
742 36
724 509
898 473
817 469
403 496
504 459
365 712
159 948
196 918
729 822
424 574
894 921
726 60
591 806
874 920
183 386
521 354
291 807
151 845
984 464
692 216
329 686
718 570
148 879
148 509
563 505
819 979
22 897
147 986
828 393
412 267
649 728
707 758
364 526
451 941
658 924
260 127
89 268
736 468
45 84
89 331
105 54
62 268
300 947
323 152
177 503
330 623
199 437
347 45
695 63
68 664
333 581
758 864
137 481
494 563
654 284
411 349
58 582
480 438
788 571
139 688
669 654
51 592
827 404
429 171
897 829
796 139
68 54
891 857
972 313
295 571
220 5
363 878
527 553
167 238
692 929
258 822
301 759
352 1
6 51
904 769
219 893
524 68
759 489
917 104
821 996
733 612
633 19
396 958
715 125
659 232
130 581
21 155
515 627
208 280
229 585
144 478
655 897
647 620
60 342
123 956
39 275
973 19
7 208
550 993
792 886
978 124
205 923
822 979
926 610
697 795
813 966
944 81
182 620
394 847
769 248
2 300
113 953
10 258
166 165
593 513
322 641
287 487
419 631
121 226
627 297
916 535
569 715
752 990
555 334
967 37
843 593
644 115
922 567
481 921
92 930
712 465
948 826
947 554
423 437
899 791
505 300
32 816
928 397
415 612
992 403
191 678
767 571
179 381
970 255
771 228
989 112
14 528
232 736
836 421
213 212
247 447
450 77
520 701
805 140
702 414
683 247
608 726
543 153
872 186
142 926
453 151
841 392
612 156
705 645
822 835
332 231
266 989
849 367
417 466
433 483
939 6
914 873
283 132
823 266
934 503
341 610
291 59
634 572
72 33
110 722
77 607
932 858
662 506
177 679
731 690
759 390
190 750
595 61
202 979
938 794
630 614
956 969
726 363
545 815
719 107
241 125
976 631
402 632
126 199
430 108
684 978
428 900
559 843
432 705
388 225
329 170
538 502
656 292
46 259
418 776
12 20
146 967
680 106
172 340
890 600
495 765
225 345
971 564
121 191
267 395
408 564
283 784
312 644
572 348
889 286
216 812
147 227
650 374
28 929
141 116
741 180
543 212
537 811
86 744
143 908
322 80
161 950
70 19
842 583
992 780
364 652
22 165
276 241
639 585
580 850
193 520
592 999
829 1
488 918
927 630
334 921
857 546
848 654
237 696
904 223
457 866
688 307
16 623
469 646
861 55
171 79
906 306
617 890
490 567
271 935
751 694
145 720
105 988
182 118
897 941
590 93
8 905
177 824
234 364
469 397
438 566
416 170
435 734
927 877
362 185
966 516
707 307
785 665
630 108
423 958
840 458
732 174
181 719
690 968
387 374
108 760
26 367
43 654
489 417
776 134
296 665
780 376
787 762
289 99
226 593
941 963
204 325
354 421
206 305
662 643
422 190
307 513
411 745
120 576
48 944
402 578
23 392
718 368
11 817
561 806
76 706
693 709
428 42
541 418
26 561
448 8
797 11
626 176
237 820
774 835
451 786
651 556
400 663
352 47
163 237
637 743
198 799
699 697
492 918
356 530
580 173
712 338
605 645
378 68
382 741
650 696
23 294
459 238
333 738
462 479
182 554
217 677
914 661
550 412
330 749
736 183
379 36
525 220
540 904
103 984
485 141
950 821
136 114
805 34
558 707
89 939
454 675
609 252
602 273
316 955
65 844
810 936
25 144
90 890
196 567
351 552
859 687
378 532
322 181
522 819
573 599
854 428
208 38
343 150
700 216
373 952
844 286
855 965
126 498
472 762
882 137
91 482
543 589
994 763
684 544
153 223
568 288
666 38
738 342
53 39
159 228
50 506
57 650
514 817
531 924
901 455
935 343
389 746
867 45
188 938
44 984
123 185
785 129
25 240
582 954
85 15
537 499
133 691
98 722
359 282
775 211
380 740
741 449
443 360
491 469
475 655
961 750
150 467
819 832
33 75
368 216
13 136
278 146
471 801
916 216
547 266
131 834
902 869
227 104
363 500
411 610
574 192
295 428
299 839
510 484
87 895
559 771
400 80
676 716
517 170
881 409
146 381
810 50
746 450
118 737
440 725
614 765
773 745
335 717
85 606
528 602
825 534
153 264
286 218
314 204
831 21
933 749
687 469
262 253
20 804
372 50
753 238
396 164
131 750
476 12
340 19
656 309
350 563
29 12
109 401
404 257
