445 418
1 1 1 1 1 0 0 1 0 1 1 0 1 1 0 1 1 1 0 1 1 0 1 1 0 1 1 0 1 1 1 1 0 1 0 1 1 1 1 0 1 1 1 0 1 1 0 0 1 0 1 1 0 1 0 1 1 1 1 1 1 0 1 1 1 0 0 0 0 1 1 1 0 1 1 1 1 0 1 1 0 1 1 1 0 1 1 1 1 1 1 1 0 1 1 0 1 1 0 0 1 1 1 0 0 0 1 1 1 0 1 1 1 0 1 1 1 0 1 1 1 1 1 0 1 1 0 1 0 0 1 1 1 1 1 0 0 0 0 0 1 1 0 0 0 1 1 0 1 1 1 1 1 1 1 1 0 1 0 1 0 1 1 1 0 0 1 0 0 1 1 1 1 1 1 1 1 1 1 1 1 0 1 1 1 0 1 1 1 1 1 1 1 1 0 0 0 0 1 1 1 1 1 1 1 0 1 1 0 1 1 1 1 0 1 1 0 1 1 1 0 0 0 1 1 0 1 0 0 1 1 0 0 1 0 0 1 1 0 1 1 1 1 1 1 1 1 1 1 0 1 1 1 1 1 1 1 1 0 1 1 1 1 0 1 0 0 1 1 1 1 1 1 0 1 1 1 1 1 1 0 1 1 1 1 1 0 0 1 1 1 1 1 1 1 1 1 1 1 1 1 1 1 0 1 0 1 0 1 1 1 1 0 0 0 1 1 1 1 1 0 1 1 1 0 0 1 1 1 0 1 1 1 1 1 0 0 1 1 1 1 1 1 0 1 1 0 0 0 1 1 0 0 1 1 1 0 0 0 1 1 0 1 1 1 1 1 1 1 0 0 1 1 1 1 0 1 1 0 1 1 0 1 1 1 0 0 1 1 0 1 0 1 1 0 1 1 0 0 1 1 1 1 0 0 0 0 1 1 1 0 0 0 1 1 1 1 1 0 0 0 1 1 1 1 1 1 1 1 1 1 1 0 1 1 1 1 0 0 0 1 1 1 0 1 
162 10
174 279
24 45
45 249
249 279
24 285
116 279
26 218
162 211
150 285
150 178
309 116
430 116
10 285
116 218
26 162
1 394
146 416
80 394
410 269
94 394
201 425
1 202
426 202
202 394
282 425
107 202
94 307
146 107
201 107
38 425
269 201
307 397
425 381
192 32
442 18
243 258
207 234
18 418
117 270
257 117
126 270
84 243
418 270
243 158
243 234
441 117
431 181
181 431
192 431
54 203
203 32
257 84
126 258
399 143
399 40
98 327
213 208
143 121
143 399
98 208
175 213
358 399
229 386
403 78
105 100
7 105
100 229
182 55
403 250
406 392
392 349
405 386
386 73
392 12
78 313
250 349
55 250
236 100
403 229
434 292
204 82
113 278
324 204
360 193
14 200
319 23
294 297
294 343
199 14
366 147
319 199
343 434
29 278
291 343
83 86
422 318
324 193
113 363
29 292
343 92
289 36
422 427
292 147
46 320
46 443
312 34
289 366
36 37
14 155
70 312
428 341
318 177
245 278
338 292
29 177
341 120
324 14
204 37
77 34
86 177
120 46
14 123
328 34
291 113
151 34
70 151
419 321
419 222
362 140
235 419
383 140
362 433
362 235
439 308
347 222
140 222
439 302
439 308
67 25
67 28
266 180
35 223
47 223
62 266
180 47
180 25
273 423
445 389
273 445
322 423
445 322
445 179
273 372
247 414
303 299
261 299
303 21
316 21
27 119
400 49
76 119
27 241
345 400
254 241
134 374
49 134
241 134
111 30
79 2
378 79
64 72
276 184
265 128
215 268
102 89
388 111
102 408
329 225
378 163
160 152
41 436
224 135
91 152
436 160
163 342
255 436
52 190
163 20
51 190
135 5
89 102
30 378
393 87
190 89
276 87
184 276
268 95
408 128
215 111
135 95
87 135
59 95
142 225
91 184
74 152
95 64
142 184
232 226
85 232
53 407
353 19
226 44
361 22
275 274
19 407
361 314
44 209
407 398
371 281
6 398
411 314
387 53
127 138
6 127
275 304
85 353
6 361
226 106
275 274
281 361
22 325
15 353
125 242
300 242
125 401
125 401
287 17
288 376
186 287
288 186
233 326
326 330
376 66
66 233
252 216
350 216
369 58
359 99
351 260
396 118
382 239
333 384
379 357
109 340
153 187
356 43
351 141
263 61
263 260
68 357
129 159
384 65
364 391
112 216
216 280
350 164
375 122
230 81
253 164
263 238
118 93
357 166
295 260
260 323
122 191
58 205
118 444
129 396
305 280
267 379
317 188
110 33
240 248
248 272
344 48
9 382
248 58
402 205
161 206
159 144
267 344
240 115
220 212
149 333
141 188
367 115
122 58
429 340
39 384
252 262
367 355
382 48
323 11
253 263
148 33
206 110
315 161
161 165
118 267
109 262
380 112
198 144
264 104
415 170
156 240
196 99
296 216
340 391
99 221
344 214
272 368
65 220
283 429
359 344
280 220
230 161
205 108
351 252
368 415
333 103
214 396
9 96
415 187
96 390
272 149
356 212
264 96
69 259
195 259
259 139
440 352
336 139
50 197
197 139
50 256
50 139
259 440
332 133
13 132
227 237
277 437
332 227
231 286
3 219
277 227
132 437
286 277
13 219
332 63
370 306
228 157
101 348
306 228
348 370
114 137
228 420
413 306
228 404
114 157
228 438
168 217
412 217
395 124
130 168
154 412
412 124
173 365
424 298
331 171
42 284
373 189
97 171
251 284
75 331
424 172
310 244
183 172
284 409
331 183
97 293
57 4
301 189
194 409
16 56
432 424
97 189
185 97
56 301
339 246
88 432
56 210
409 377
298 311
435 16
435 185
409 173
311 310
339 97
409 432
57 71
331 4
169 421
337 421
145 136
136 169
145 169
385 421
