753 517
0 1 0 1 0 1 0 0 0 0 1 1 0 0 0 0 1 0 1 0 0 0 1 1 0 0 1 0 1 1 1 0 0 0 0 1 0 0 0 0 0 0 1 1 0 1 0 0 1 1 1 1 1 0 0 0 0 1 1 1 0 0 1 1 0 1 1 1 0 0 1 1 0 0 0 0 0 0 1 1 0 0 1 1 1 0 1 0 1 0 0 0 0 0 1 0 1 1 1 0 0 0 1 1 1 1 0 1 1 0 1 0 0 0 1 0 0 1 1 0 0 1 0 1 1 0 0 1 0 0 1 1 1 0 1 0 0 0 1 0 0 1 1 1 0 0 1 0 1 0 0 1 1 0 1 0 1 0 1 0 0 0 1 0 1 0 0 0 1 1 0 0 0 1 0 1 1 0 0 0 1 0 0 1 1 1 0 0 0 0 1 1 1 1 1 0 0 0 0 0 0 1 0 0 0 0 0 0 1 0 1 1 1 0 0 0 0 1 0 0 0 1 1 1 1 0 0 0 0 0 0 0 1 0 1 1 1 0 1 1 0 1 0 0 1 0 0 0 0 0 1 0 0 0 0 0 0 0 0 0 1 0 0 0 0 0 1 0 1 0 0 0 1 0 0 1 1 0 0 1 1 0 0 1 0 1 1 0 0 0 1 0 1 1 1 1 1 0 1 1 0 0 0 0 1 0 0 0 1 1 0 1 1 0 1 0 1 0 0 0 0 0 0 1 0 0 1 0 0 0 1 1 1 0 1 1 1 0 0 0 1 0 1 0 0 0 0 0 1 0 0 1 0 1 0 0 1 1 0 1 1 1 1 0 0 0 0 1 0 1 0 1 0 0 0 1 1 0 1 1 1 1 1 1 0 1 0 1 0 0 0 0 0 1 1 0 0 1 1 0 0 0 0 0 0 1 0 0 0 0 0 1 0 1 0 0 1 0 1 1 1 0 0 0 1 1 1 0 0 1 1 1 0 1 0 1 1 1 1 1 0 0 1 0 1 0 0 0 0 0 0 0 1 1 0 1 0 1 1 0 0 1 0 0 0 1 1 0 0 0 0 0 1 0 0 1 0 0 0 0 0 0 1 0 0 0 0 1 1 0 0 0 0 0 0 1 0 1 0 0 0 0 0 1 0 1 0 1 0 0 0 1 1 1 0 0 0 0 0 1 1 0 0 1 1 0 0 1 1 0 1 1 0 1 0 0 0 1 1 1 0 0 0 0 1 1 1 1 0 0 1 0 1 1 1 0 0 0 0 0 1 1 1 0 1 1 1 1 1 1 0 1 1 1 1 1 1 1 0 0 1 0 0 0 1 1 1 1 1 0 0 1 0 0 1 1 1 0 0 0 1 1 0 1 0 0 0 1 1 0 0 0 1 1 0 1 1 1 0 0 1 0 1 1 1 0 0 0 1 0 0 0 0 1 0 1 1 0 0 0 0 0 1 0 0 1 0 0 0 0 1 0 1 0 0 0 1 0 0 1 0 0 1 0 1 1 0 0 1 0 1 1 1 0 0 0 0 0 1 0 0 0 1 1 0 0 0 1 1 0 0 1 1 1 0 1 0 1 0 1 1 1 1 1 0 0 1 0 0 0 1 0 0 1 1 1 0 0 1 0 0 1 0 1 0 1 0 0 1 1 0 0 1 0 1 0 0 0 1 0 1 0 0 1 0 0 1 0 1 1 1 0 0 
364 46
52 16
318 52
383 674
319 206
475 534
319 68
56 383
475 674
383 534
181 38
480 712
242 116
425 480
480 425
221 569
522 221
220 469
380 176
454 111
111 176
176 469
111 380
733 369
369 733
228 111
380 108
109 256
432 424
424 285
432 424
90 252
510 525
563 508
312 146
10 308
10 371
308 682
199 264
37 212
154 264
307 351
374 212
374 351
199 212
39 139
138 656
39 656
138 139
511 268
511 378
268 511
375 511
456 590
456 275
423 57
467 412
617 673
51 673
2 673
57 617
412 597
412 57
200 558
529 303
303 676
558 676
559 162
559 303
200 529
647 681
583 295
583 681
707 649
465 649
564 707
19 649
465 564
73 416
605 135
627 150
150 287
150 416
416 73
205 557
205 236
481 667
545 667
545 667
431 157
136 639
302 136
136 743
302 743
624 743
549 248
570 310
570 310
323 523
54 325
47 661
523 54
325 47
54 323
437 47
243 254
169 62
254 169
620 487
377 620
71 477
389 704
704 71
331 350
503 211
211 503
434 82
484 726
726 484
301 726
357 746
710 428
284 428
334 42
441 428
428 241
710 334
429 499
499 429
241 284
159 429
329 700
329 50
579 329
257 329
486 426
50 700
172 208
172 194
718 6
155 718
262 718
161 648
104 397
104 397
320 161
397 648
685 251
519 171
747 449
708 547
255 705
537 255
537 636
255 636
634 641
34 145
126 270
436 65
556 745
34 20
527 723
556 145
270 145
96 290
145 96
102 126
527 645
723 96
582 527
436 556
395 233
514 114
447 616
619 94
524 41
41 445
41 282
524 521
729 580
729 580
630 9
9 630
709 237
662 69
110 237
237 753
402 662
76 391
76 709
69 753
272 675
35 655
35 655
35 586
407 585
407 419
442 407
419 70
652 407
515 528
281 455
728 328
490 36
490 642
113 381
644 381
730 542
390 29
215 133
122 606
60 148
22 711
218 711
711 337
737 711
337 711
315 223
223 198
315 198
574 31
332 588
372 497
191 497
332 372
372 613
613 588
362 187
289 504
593 504
663 231
349 97
638 98
98 638
49 142
129 489
594 451
489 451
451 489
533 692
678 692
678 452
14 507
293 607
293 607
631 695
342 439
439 342
672 61
672 61
695 260
439 695
314 363
724 179
591 167
724 591
361 279
509 361
509 279
546 309
696 219
373 219
322 373
219 696
313 4
313 15
732 317
535 732
435 739
448 74
316 224
224 74
292 74
316 292
435 173
739 550
78 399
399 640
640 446
640 598
355 621
621 355
598 734
734 461
677 387
677 686
632 119
259 418
418 261
614 633
189 654
360 189
170 164
197 170
117 170
298 170
197 170
398 408
398 392
75 392
403 427
336 144
699 427
144 403
144 427
182 618
227 410
227 577
196 577
609 577
384 554
158 120
120 493
158 493
725 493
470 466
468 512
468 623
353 600
600 324
80 744
132 539
64 697
207 64
471 697
132 539
55 311
128 55
140 453
140 494
326 140
278 239
742 628
628 502
670 502
670 299
72 156
72 156
101 592
346 592
592 346
86 750
86 203
271 77
203 77
409 86
93 112
93 735
500 602
112 396
393 112
93 393
602 500
306 152
210 356
210 540
595 540
595 306
595 356
706 657
657 253
253 657
532 40
269 653
643 444
543 213
213 321
665 335
665 335
505 105
690 105
230 250
250 105
417 584
690 505
571 130
130 601
244 177
366 719
736 599
698 288
562 188
599 562
562 274
188 599
27 721
748 721
348 748
178 520
365 178
345 520
345 25
345 365
107 476
684 297
406 485
485 440
651 622
59 283
651 283
59 195
622 751
234 622
651 440
183 717
492 702
462 304
118 629
204 629
118 610
118 713
190 749
491 267
267 689
491 247
358 689
491 267
463 100
411 463
26 727
495 168
411 727
513 26
168 26
463 33
263 495
548 175
560 226
548 544
548 560
560 544
84 400
478 84
344 740
201 216
680 344
216 536
496 201
536 422
216 422
344 536
552 81
160 666
180 45
666 45
658 414
658 367
414 367
658 246
214 79
141 79
214 603
415 214
123 450
450 99
530 691
530 450
625 8
5 625
443 421
443 103
103 498
166 338
483 166
517 385
650 608
488 3
488 3
430 611
611 430
235 420
88 235
88 12
134 568
752 18
18 404
359 752
701 266
359 701
209 265
209 265
659 741
659 137
565 339
720 163
565 163
566 339
473 457
581 232
232 506
460 581
551 66
551 573
401 258
604 13
731 401
604 731
538 7
1 7
538 526
21 1
501 63
192 127
472 63
192 635
635 413
63 151
472 669
192 63
518 91
91 576
184 576
184 153
474 664
664 280
92 405
531 92
