634 292
0 1 1 1 0 0 1 1 1 1 1 1 1 0 1 1 1 0 0 0 0 1 1 1 1 0 0 1 0 1 1 1 0 1 1 0 1 1 0 1 0 1 1 1 0 0 0 1 0 0 0 0 1 0 1 1 1 1 0 1 0 0 0 0 0 0 0 1 1 0 0 1 1 0 1 1 1 0 0 1 0 1 0 0 0 0 0 0 1 0 0 1 0 1 1 1 1 0 1 1 0 0 0 1 1 1 0 0 0 1 0 1 1 1 0 1 1 0 1 0 0 1 0 1 0 1 0 1 1 1 0 0 0 1 1 1 1 1 0 1 0 1 0 1 1 1 1 1 1 1 0 1 1 0 1 0 0 1 1 0 1 1 1 0 0 0 1 1 1 0 1 0 1 0 1 1 1 0 0 0 0 0 0 1 0 0 1 1 1 1 0 1 0 1 0 1 1 1 0 0 1 0 1 1 0 1 0 1 1 0 1 1 0 0 1 0 1 1 0 1 0 1 1 0 1 0 0 1 1 1 1 0 0 1 1 1 0 0 1 0 0 1 0 0 0 1 1 0 0 0 1 0 0 0 1 1 1 0 1 0 1 1 0 0 0 1 0 1 1 0 1 1 1 0 1 0 0 1 1 0 1 1 0 1 0 0 1 0 1 0 0 1 1 0 1 1 0 1 0 1 1 1 1 0 0 0 1 1 0 0 0 1 1 1 0 0 1 0 0 0 1 1 1 0 1 1 1 1 1 1 1 0 0 0 1 1 0 1 1 0 1 1 0 1 0 0 1 1 0 0 0 0 1 1 0 0 1 1 1 1 1 0 1 1 1 1 1 1 0 1 0 0 0 1 1 1 1 0 1 1 0 0 0 1 1 1 0 0 0 1 1 0 1 1 1 1 1 0 0 0 1 0 1 0 0 1 1 1 0 1 1 1 1 1 0 0 0 1 0 0 1 1 1 1 0 1 1 1 0 1 1 1 1 0 0 1 1 0 0 0 0 1 0 0 1 1 1 1 1 1 1 1 0 1 1 0 1 0 1 0 1 1 0 0 0 0 0 0 1 1 0 1 0 1 0 0 0 1 0 1 1 0 1 0 0 0 0 1 1 1 1 1 1 1 1 1 0 1 0 0 1 0 1 1 1 1 0 0 1 0 0 1 0 0 0 1 0 1 0 1 1 0 1 0 1 0 1 0 0 0 0 0 0 0 0 1 1 0 0 1 0 0 1 1 0 1 1 1 0 1 1 1 0 1 0 0 1 1 1 0 1 1 0 0 1 0 0 0 1 0 0 1 0 0 1 1 1 0 0 1 1 1 1 0 0 1 1 0 1 1 0 0 0 0 0 1 0 0 1 1 0 0 1 0 0 1 0 0 1 0 0 1 1 0 1 0 0 1 1 0 1 0 1 0 1 1 1 1 0 1 1 0 0 1 
385 175
439 503
494 219
509 494
632 40
568 418
418 84
513 84
260 418
38 402
402 315
101 493
81 210
530 81
131 143
131 72
545 106
545 165
545 165
333 165
52 450
62 266
622 291
256 150
461 595
174 329
532 304
259 166
304 166
277 166
166 185
185 166
189 471
263 37
410 460
584 490
612 389
389 198
389 612
409 625
409 625
19 122
202 432
441 347
237 538
345 281
237 538
334 538
519 11
213 519
172 519
624 27
27 9
295 585
253 312
529 3
78 269
228 306
404 133
228 404
169 265
525 265
104 444
444 552
393 598
526 393
297 10
316 407
241 617
241 470
241 617
518 305
581 499
90 446
400 467
567 159
467 567
400 567
74 126
431 74
425 575
575 425
39 560
560 192
7 245
249 125
399 472
53 311
233 34
288 533
288 34
34 285
406 550
151 6
221 151
6 230
376 528
170 564
177 620
294 15
294 520
413 520
339 75
486 339
520 15
75 352
114 194
194 168
196 535
387 367
387 367
236 121
553 381
18 391
553 391
88 522
454 383
310 63
167 79
443 280
181 551
181 551
515 348
153 5
26 615
615 340
322 573
48 419
419 48
362 384
610 424
356 610
355 337
30 355
216 602
602 142
602 216
351 278
199 462
199 33
320 483
582 214
207 445
346 482
248 55
597 394
55 482
64 597
346 248
64 597
103 225
325 201
548 36
36 548
225 325
319 420
420 321
31 449
350 161
247 408
618 465
61 437
392 61
289 49
366 456
608 154
456 154
555 186
49 366
366 555
289 608
517 289
154 113
293 474
386 50
331 139
139 331
412 485
303 299
244 388
272 487
272 570
556 430
556 430
91 290
264 203
264 56
127 542
127 171
324 171
542 127
23 105
98 426
23 105
524 426
332 105
302 105
59 51
51 117
47 477
179 47
120 69
544 514
93 463
93 21
463 21
267 479
267 479
70 508
382 35
87 180
87 378
508 35
378 382
382 508
591 422
591 605
54 268
369 54
317 496
380 102
108 16
80 607
107 270
270 360
270 601
118 116
276 592
276 188
238 566
275 29
134 416
134 238
29 205
566 447
238 416
566 128
29 205
96 480
480 224
96 224
252 135
160 99
511 427
429 478
616 565
67 58
141 374
415 403
283 223
572 468
46 543
71 82
309 342
309 466
417 571
335 417
368 115
498 45
498 65
148 534
401 195
20 242
434 500
20 500
541 146
146 157
232 146
157 232
502 405
204 502
405 204
336 254
250 510
152 14
14 510
182 14
301 611
372 111
243 588
501 629
243 372
629 111
379 318
476 318
341 594
594 484
76 132
76 132
209 440
60 626
453 364
