543 508
0 1 0 0 0 1 1 0 0 0 0 1 0 0 0 0 0 0 0 0 0 0 1 1 0 1 0 1 0 1 1 0 0 1 0 0 1 0 0 1 0 0 0 0 1 0 0 1 0 0 0 0 0 0 0 0 0 0 0 0 0 0 0 0 0 0 0 1 0 1 0 1 0 0 0 0 0 0 0 0 0 0 0 0 1 1 1 0 1 0 0 0 1 0 0 0 0 1 0 1 0 0 0 1 0 0 1 0 0 0 0 0 0 0 0 0 1 0 0 0 0 0 0 0 0 0 0 1 1 0 0 0 0 0 1 0 1 0 1 0 0 0 0 0 0 0 0 1 0 0 0 1 0 0 0 1 1 0 1 0 1 1 0 0 0 0 0 1 1 0 0 0 0 0 0 1 0 0 1 1 1 0 1 1 1 0 1 0 0 0 0 0 1 1 0 0 1 0 1 0 0 0 0 0 0 0 0 1 0 0 0 0 0 0 1 0 0 0 0 0 0 1 0 0 0 1 0 0 0 0 0 0 1 0 0 0 0 0 0 0 1 0 0 0 0 0 0 0 0 1 1 0 0 1 0 1 0 0 1 0 0 0 1 0 0 0 0 1 0 1 1 0 0 0 0 0 0 0 0 0 0 1 0 1 0 0 0 0 1 0 0 0 0 0 0 0 0 0 1 0 0 0 1 0 0 0 0 0 0 1 1 0 1 0 0 0 0 1 0 0 0 0 1 0 0 0 0 0 0 0 0 0 0 0 0 0 0 0 0 1 0 0 0 0 1 1 1 1 0 1 1 1 1 0 0 0 0 0 0 0 0 1 0 0 0 0 0 0 0 1 0 0 0 0 0 0 0 0 0 1 0 0 1 1 1 1 1 0 0 0 0 0 0 0 0 0 0 0 1 0 1 1 0 0 0 1 0 1 1 0 1 0 1 0 0 1 1 1 0 0 1 1 0 1 0 0 0 0 0 0 0 0 1 0 0 0 0 0 0 0 0 1 0 0 0 0 1 1 1 1 1 0 1 1 1 0 0 0 0 1 0 0 0 1 1 1 1 0 0 0 0 0 0 0 0 0 0 0 0 1 0 1 0 1 0 0 1 0 1 0 1 0 0 0 0 0 0 0 0 0 0 0 0 0 0 0 1 1 0 0 0 0 1 0 0 0 1 1 1 1 0 0 0 0 1 0 0 0 0 1 0 1 0 0 0 0 0 1 0 0 0 1 0 
47 40
40 402
223 47
340 406
448 3
428 28
241 42
448 6
428 37
31 218
24 25
415 241
194 419
370 390
139 538
316 340
401 352
357 218
264 218
505 184
538 165
406 25
370 435
100 24
6 340
296 357
28 505
485 268
415 494
268 42
296 137
357 253
139 406
419 467
31 28
218 494
37 352
264 467
42 6
165 467
282 276
161 123
517 16
295 282
276 345
83 281
98 486
345 507
16 529
83 517
98 345
161 123
98 486
83 529
491 292
260 35
365 463
73 84
260 429
35 84
84 381
1 381
498 346
506 366
331 235
536 376
541 392
298 198
323 260
171 473
543 473
492 375
35 376
473 366
375 67
346 71
304 365
463 473
381 297
198 541
492 366
260 365
492 260
92 235
298 366
235 536
67 103
190 68
300 217
273 217
68 254
85 273
51 300
51 85
226 179
449 411
230 539
226 347
274 230
539 453
75 539
337 453
158 453
226 421
179 378
230 267
411 347
337 267
347 179
75 439
74 497
191 258
434 115
176 436
193 96
280 22
188 27
309 113
434 129
332 197
309 396
372 58
27 540
189 434
395 277
255 213
395 97
372 174
344 60
77 351
189 396
332 290
309 174
255 22
191 317
309 526
142 351
58 396
97 60
63 96
283 189
332 77
255 434
197 286
317 497
358 258
193 358
497 63
283 60
197 436
102 174
213 188
474 404
119 167
527 94
247 404
131 122
204 359
94 315
56 393
52 196
119 49
403 531
170 496
315 41
315 393
232 483
196 305
363 534
483 527
232 359
138 131
343 196
17 305
219 393
170 56
119 393
5 527
155 349
238 483
247 205
205 474
388 363
155 393
131 17
52 41
315 418
527 403
5 474
196 13
534 94
490 93
356 386
356 512
90 61
356 512
512 90
313 187
182 289
187 172
532 172
172 289
469 182
182 424
128 503
36 503
36 192
391 124
192 426
503 441
114 124
391 192
374 200
441 240
200 426
200 15
302 361
62 46
302 180
445 319
336 479
265 302
46 33
319 20
120 62
361 336
116 169
287 445
20 149
389 202
120 20
287 169
389 361
46 360
210 116
116 33
508 45
416 399
399 26
291 518
228 168
168 416
101 57
443 26
166 57
57 166
443 504
66 166
166 472
399 443
256 101
377 535
373 308
95 9
95 535
177 333
341 521
50 521
308 246
80 341
333 308
318 9
95 524
521 308
133 524
377 328
373 308
95 53
341 328
310 325
522 362
325 502
502 263
263 78
140 530
140 310
163 362
530 355
140 325
311 408
350 334
39 299
118 334
511 72
350 39
311 147
299 208
407 371
380 72
385 156
542 450
350 207
156 520
542 384
520 542
118 511
147 385
269 118
118 407
145 520
156 314
408 32
299 385
216 438
383 425
143 125
160 216
141 500
65 153
425 65
425 141
537 500
70 489
153 216
112 537
160 65
220 414
414 383
414 143
132 112
405 153
243 249
2 456
456 43
523 239
470 523
44 162
270 2
270 86
212 250
222 86
44 470
516 440
44 164
440 262
2 528
7 484
294 152
519 444
440 154
211 23
229 107
211 229
43 162
417 211
270 249
152 135
519 135
417 484
262 107
528 212
250 173
423 109
525 183
487 183
243 294
303 444
43 326
105 173
326 423
417 303
23 431
275 431
440 431
185 481
464 203
214 488
278 367
245 203
214 245
475 458
278 245
278 437
410 185
477 185
410 225
488 245
82 203
82 475
481 446
458 234
148 364
106 148
307 493
59 398
110 398
29 104
19 321
237 468
327 59
206 515
321 327
206 330
330 339
285 468
150 329
104 398
459 150
329 237
515 493
134 330
379 126
221 29
307 329
354 186
221 227
312 221
29 354
227 459
126 134
237 312
495 111
111 495
244 259
478 159
76 324
87 369
272 21
87 64
91 79
55 136
136 342
427 369
261 501
501 136
121 55
476 136
76 478
266 320
144 454
11 242
461 501
178 460
79 513
454 320
242 322
88 178
460 178
510 324
461 8
293 462
514 11
369 513
510 338
322 209
471 461
209 55
242 476
242 99
513 427
21 144
159 501
452 11
510 175
394 478
427 14
266 252
121 293
108 306
12 306
151 108
457 288
455 480
130 279
257 279
130 195
195 81
257 480
130 199
236 195
236 10
451 157
181 353
18 117
433 451
48 251
251 353
4 413
430 447
533 433
422 413
181 284
284 397
215 248
433 18
251 271
413 499
422 271
482 157
251 117
215 248
409 284
224 409
127 433
447 89
430 482
353 533
382 368
146 201
30 201
466 368
69 146
412 34
201 432
432 412
368 466
368 335
420 382
