100
15 59 68 89 71 32 75 60 73 50 11 4 62 21 45 95 
3 92 77 64 
59 73 92 51 47 72 50 21 62 46 69 65 11 23 0 60 10 71 59 52 83 25 49 67 12 31 30 9 2 35 75 22 38 94 90 41 70 82 89 24 77 99 17 97 13 78 34 58 86 54 27 44 42 56 32 81 79 95 28 98 
100 94 81 3 87 63 14 13 45 38 33 76 51 71 12 84 35 22 16 67 8 57 59 68 80 90 55 46 10 75 26 53 77 89 50 48 21 23 47 97 70 27 58 93 65 61 52 28 96 39 82 95 29 20 41 42 78 60 79 18 17 7 98 6 72 85 56 15 32 9 83 0 19 37 1 69 34 11 64 2 54 91 40 86 5 74 43 66 36 49 30 44 24 92 73 62 99 31 4 25 88 
66 0 12 52 35 53 18 2 43 6 68 41 73 63 99 97 57 19 34 69 20 16 62 86 25 75 58 46 71 1 54 95 89 7 31 21 27 49 8 40 33 51 82 45 59 84 76 5 17 24 92 67 13 28 50 98 78 37 81 11 64 39 23 61 48 30 96 
27 59 89 47 84 85 64 22 91 26 79 45 50 61 35 3 81 74 8 51 42 14 17 12 54 15 25 86 
57 55 34 71 96 46 56 40 30 27 31 5 49 17 89 57 54 65 53 75 64 60 81 41 80 63 98 84 83 38 97 3 79 42 26 18 77 51 52 99 50 66 16 47 25 92 48 85 13 86 21 45 10 43 39 0 69 33 
3 57 3 6 
100 1 17 94 0 27 50 31 47 54 33 85 14 74 6 5 99 98 66 63 91 23 57 96 39 4 92 35 46 7 67 58 36 86 42 25 56 79 51 88 87 3 81 69 90 76 61 53 65 64 12 29 21 48 77 45 82 2 44 43 26 78 40 59 19 41 49 9 11 75 62 68 16 55 70 13 93 84 37 80 60 83 30 38 28 34 95 24 52 10 73 97 72 20 22 71 15 8 89 32 18 
40 78 10 94 71 14 24 90 37 43 89 80 57 5 96 53 87 92 52 82 84 26 55 40 41 75 33 66 50 79 61 32 65 74 48 31 46 0 29 9 45 
1 68 
100 1 89 70 37 35 49 21 33 4 57 5 68 61 60 46 87 43 94 36 58 78 80 14 66 81 51 85 56 88 84 91 65 77 9 18 42 22 95 25 15 32 67 69 98 3 6 40 34 75 30 26 45 20 90 71 31 99 55 59 47 10 0 24 12 48 54 62 11 41 23 27 7 16 44 92 73 52 28 13 86 17 97 29 2 39 50 96 79 74 76 38 53 19 8 93 72 64 82 83 63 
46 67 12 49 25 43 91 59 35 27 32 5 15 96 54 40 46 98 9 72 88 28 17 73 92 42 0 18 71 2 81 87 86 53 41 30 20 39 33 56 47 85 34 55 90 79 66 
94 72 41 18 56 68 67 5 97 32 30 4 40 84 42 98 64 14 49 99 47 35 9 6 52 10 62 77 96 86 34 58 51 44 71 13 37 19 50 87 94 39 0 95 8 23 1 61 33 31 54 73 22 81 75 85 78 90 21 53 24 89 20 83 55 48 91 11 38 7 93 88 17 29 74 79 69 59 60 16 12 92 2 27 82 46 26 36 28 66 57 65 63 76 70 
100 0 58 15 79 43 12 50 14 46 68 45 49 61 5 51 91 69 34 65 85 26 2 84 18 37 56 10 9 94 17 55 66 20 57 53 99 60 3 21 32 48 13 16 8 30 35 80 47 87 38 71 73 78 96 93 24 31 82 86 44 22 42 75 1 40 81 19 36 97 74 54 63 64 77 72 7 23 4 76 11 90 83 98 29 41 6 89 67 70 62 59 33 52 27 88 95 28 92 39 25 
3 40 66 56 
88 22 5 20 45 79 80 1 78 27 66 72 21 89 26 63 9 10 15 35 92 53 48 56 81 39 42 25 8 24 83 31 84 55 62 2 23 38 13 71 16 70 49 97 73 3 94 74 61 29 76 28 54 57 77 4 6 67 99 43 82 95 18 11 60 41 50 59 68 93 33 88 96 47 65 40 86 91 44 69 7 30 37 64 46 14 32 52 98 
100 96 0 16 20 55 32 15 17 92 51 25 29 65 53 37 85 50 89 82 93 28 48 77 84 63 10 74 76 97 73 33 31 64 24 3 41 19 59 81 56 6 45 71 91 9 69 70 14 13 42 39 75 78 44 27 94 83 80 61 72 26 8 11 49 36 7 43 67 58 46 52 1 5 68 21 98 87 95 88 62 90 38 30 34 4 60 2 40 66 47 22 23 35 99 57 12 79 18 54 86 
14 25 20 65 77 8 37 53 35 30 39 43 46 7 40 
100 5 69 3 14 70 45 80 99 4 33 67 91 84 65 78 12 51 63 82 41 92 83 20 6 74 60 79 47 19 66 96 46 32 28 94 2 76 93 40 25 13 9 88 64 15 62 29 95 35 97 56 59 75 42 61 11 36 89 85 71 34 38 98 7 22 77 39 17 1 86 18 68 24 31 16 48 37 26 44 55 90 54 81 50 72 43 87 10 27 30 23 49 57 58 73 52 21 8 0 53 
47 79 24 98 20 90 13 40 65 60 86 53 38 55 73 22 37 29 3 75 39 64 14 41 21 12 85 82 83 15 81 80 67 18 27 7 78 0 16 71 54 26 9 97 1 91 23 62 
77 34 28 45 29 8 76 84 85 48 47 80 39 94 12 55 1 46 77 51 11 64 60 25 82 23 72 59 10 57 19 73 2 87 24 68 3 98 89 83 54 49 18 40 6 43 92 14 74 44 31 37 35 66 41 61 52 22 91 58 78 27 81 79 36 4 88 56 15 71 33 65 42 97 93 62 95 86 
7 72 13 65 14 74 23 97 
1 80 
11 29 86 28 56 21 74 58 22 15 82 91 
100 54 28 86 11 26 99 65 53 9 92 13 25 4 31 17 8 14 80 43 18 68 51 71 23 48 73 90 59 84 98 22 41 1 61 87 91 72 6 49 2 82 63 19 46 70 30 44 67 45 62 81 21 77 83 34 60 42 64 97 75 55 56 5 93 88 37 47 69 40 12 78 15 85 76 66 3 10 35 24 52 39 94 20 96 0 27 38 50 95 29 89 32 7 58 74 36 16 57 79 33 
35 89 36 16 74 83 24 61 66 11 21 20 73 80 13 91 27 2 96 69 6 3 42 76 39 53 77 0 1 22 85 23 86 8 4 54 
12 95 1 80 41 90 79 36 40 89 15 72 8 
18 49 62 79 11 88 18 43 94 67 77 58 47 69 28 25 98 78 76 
100 74 37 95 8 84 1 59 14 71 4 61 70 80 50 12 90 98 51 22 45 41 63 30 39 91 68 20 7 21 25 54 16 33 36 93 42 83 10 94 19 85 5 62 56 2 65 87 67 44 96 53 52 86 17 88 34 3 29 13 46 18 23 48 35 27 9 78 11 77 76 38 6 55 99 92 82 60 57 26 75 72 58 69 28 31 81 32 47 66 79 49 43 15 73 97 40 64 24 0 89 
100 67 50 41 3 73 24 31 88 74 72 57 51 81 14 30 69 12 17 8 54 47 11 2 39 95 80 37 43 68 34 26 20 48 33 97 22 5 90 82 29 78 66 53 59 36 35 58 28 42 25 52 16 1 85 86 87 62 75 46 83 77 18 61 92 76 91 45 0 94 21 44 19 98 27 7 65 15 49 6 84 10 70 71 63 96 23 55 38 89 56 40 9 64 79 93 13 60 32 99 4 
19 38 54 76 96 33 69 28 40 6 77 19 5 11 95 31 41 50 60 75 
9 83 27 25 24 26 19 32 66 17 
100 77 17 55 4 33 72 14 43 11 39 8 51 47 6 63 75 74 12 85 22 79 57 37 15 80 44 69 97 78 7 62 26 93 30 41 46 91 38 96 66 86 73 40 65 9 5 10 81 18 35 45 42 34 58 23 53 64 1 49 83 3 67 36 61 60 56 21 48 84 50 71 29 32 2 25 89 52 92 54 16 87 28 88 99 20 19 68 0 70 82 27 31 90 95 59 13 98 76 94 24 
6 55 78 69 77 54 74 
70 12 63 22 28 34 19 33 68 37 18 56 14 75 3 94 83 24 71 77 59 1 51 61 26 64 31 27 9 49 47 48 0 69 98 10 29 5 2 36 93 8 41 25 53 45 76 91 16 73 43 52 30 15 60 55 46 13 85 42 62 90 23 72 87 82 97 7 86 70 57 
23 50 51 5 86 48 94 75 63 93 36 7 20 9 89 64 28 55 78 35 42 26 70 67 
95 44 12 78 80 27 16 85 43 51 84 54 4 74 40 93 71 24 22 13 87 72 17 20 9 97 5 77 88 37 35 29 56 90 3 58 79 33 28 91 46 6 8 30 83 73 53 15 49 26 31 60 76 67 57 86 32 42 25 52 45 98 48 68 92 82 99 0 2 11 66 63 81 95 61 7 39 55 34 89 38 19 50 21 59 75 62 14 64 47 36 10 70 96 18 69 
41 3 96 78 30 5 70 51 14 95 46 93 56 65 90 31 48 99 98 44 28 19 35 88 15 63 81 59 66 11 72 87 82 39 25 97 12 89 40 33 41 67 
35 57 6 96 89 85 81 31 22 26 66 71 36 0 93 27 64 78 73 23 97 34 51 11 65 79 67 9 56 60 18 39 32 94 80 24 
34 77 49 58 18 44 11 63 41 79 87 15 33 97 66 8 5 39 94 28 13 24 71 65 12 74 40 52 29 46 98 99 59 2 67 
61 15 11 96 64 18 50 98 29 74 69 70 72 1 6 2 42 44 25 37 33 21 4 45 61 55 51 13 65 85 89 36 14 52 38 34 79 80 35 68 41 20 77 84 83 43 17 19 5 75 82 31 46 88 28 53 49 63 24 23 94 62 
47 69 33 72 80 21 94 15 13 73 91 57 17 12 96 67 53 78 58 65 3 81 14 1 31 82 40 74 97 64 44 61 0 87 77 75 59 52 48 88 98 46 26 2 30 70 83 62 
100 97 50 24 60 15 78 49 27 95 19 22 90 35 57 47 76 70 31 67 61 42 16 99 51 20 33 3 53 29 21 59 45 7 30 93 62 41 11 13 75 58 48 66 74 77 5 80 43 89 18 83 64 69 92 88 82 44 28 37 8 39 1 54 87 9 63 23 68 71 4 38 10 32 96 14 2 73 85 17 40 6 94 52 55 84 98 34 56 36 12 25 91 86 72 46 81 0 26 65 79 
64 71 37 55 21 54 74 44 58 93 50 53 77 60 91 10 45 39 32 31 56 88 2 38 81 90 22 19 63 7 97 3 49 79 87 18 62 9 42 78 8 52 46 47 61 17 26 43 5 94 30 23 34 16 14 98 6 96 66 95 27 82 99 0 36 
84 55 4 83 54 5 74 41 32 52 50 28 1 47 97 25 2 46 19 23 56 71 65 86 39 3 27 9 58 29 35 37 62 93 22 92 94 98 51 99 36 91 43 8 75 77 16 17 89 64 40 10 44 48 90 49 0 15 88 31 33 72 34 67 21 24 14 59 60 61 6 84 79 57 82 20 30 66 45 38 11 87 12 68 96 
77 61 77 33 42 74 80 46 55 86 31 48 32 64 54 95 38 20 15 57 47 81 58 16 52 26 27 36 92 85 93 30 97 53 7 13 82 29 17 71 68 23 79 28 19 83 51 9 2 21 78 88 49 14 45 73 50 24 60 37 56 89 25 66 18 63 41 67 34 5 70 65 91 40 6 43 10 94 
100 49 91 98 13 27 45 94 16 43 79 9 52 35 0 19 23 11 44 97 40 33 76 57 50 87 56 25 22 66 46 82 71 99 63 67 75 96 24 78 38 90 51 62 58 73 4 64 88 31 34 2 12 48 80 1 41 26 65 53 86 95 14 20 83 69 5 89 21 77 47 55 7 10 70 28 17 3 61 42 30 54 81 59 8 36 68 84 15 85 93 60 39 72 18 29 32 74 92 37 6 
100 10 24 42 8 30 64 69 6 21 53 11 1 2 86 65 66 0 18 70 23 91 85 48 95 33 59 12 56 29 97 57 75 87 34 16 82 63 45 55 43 51 96 80 38 81 90 58 40 22 61 88 20 15 73 44 28 74 94 60 46 31 71 52 19 92 77 3 72 79 4 9 36 17 32 47 50 67 37 7 83 49 99 62 98 76 13 39 78 93 41 35 25 89 54 68 26 84 14 27 5 
93 60 10 32 89 50 37 66 27 29 93 67 47 86 76 22 84 99 42 4 39 36 97 21 70 1 65 48 88 90 83 45 68 85 2 46 28 23 64 81 13 9 94 34 15 19 75 74 12 52 95 11 62 3 5 8 72 54 31 51 96 16 6 24 14 44 98 63 69 30 49 71 80 77 91 79 26 7 55 25 20 17 59 33 56 82 73 57 0 43 53 40 38 61 
54 70 24 94 98 6 78 54 96 27 11 31 39 5 2 1 4 8 26 89 60 12 18 81 19 75 15 22 33 93 69 47 23 28 92 90 86 85 37 83 62 49 42 63 58 17 13 29 9 21 16 77 51 61 76 
100 54 71 21 29 73 74 79 31 2 1 14 53 42 63 40 28 64 18 86 23 22 20 70 26 95 44 50 7 12 72 9 77 88 46 39 45 75 32 85 62 3 6 58 55 91 43 30 19 68 34 5 17 66 27 24 8 33 49 11 52 57 36 61 83 78 47 90 60 98 97 41 92 76 82 80 10 13 94 89 56 93 0 51 69 99 38 81 37 25 67 96 65 15 48 35 87 16 59 84 4 
100 22 51 8 15 31 47 58 40 3 95 71 1 45 10 59 28 44 24 89 57 63 90 81 7 80 85 70 84 17 60 88 12 62 91 6 86 78 99 96 21 92 4 37 0 49 13 16 26 23 97 20 68 36 61 64 33 73 55 11 32 30 93 79 77 65 52 18 74 42 48 87 9 38 56 29 5 66 53 50 83 72 41 34 27 54 46 69 76 39 35 2 94 98 14 82 19 67 75 43 25 
8 30 85 3 92 50 27 68 67 
53 81 18 84 22 87 23 49 30 75 82 52 0 20 47 86 71 33 24 91 70 98 94 57 14 43 55 37 5 16 29 99 38 51 4 67 76 19 93 21 59 79 44 92 32 65 11 73 53 1 13 68 27 10 
100 57 99 16 49 70 71 96 95 67 51 54 76 8 40 41 7 37 0 47 6 61 75 53 91 26 11 69 35 44 80 38 83 32 4 21 87 86 12 33 73 94 45 50 81 88 31 55 22 92 66 98 20 56 25 84 30 29 85 79 28 18 68 46 48 52 42 14 90 9 15 17 65 59 62 19 27 1 82 72 78 5 74 97 89 2 58 34 13 43 77 39 23 63 3 60 64 24 10 36 93 
45 60 36 11 13 28 82 99 5 53 34 68 33 7 50 16 18 95 4 65 89 56 76 51 23 2 31 12 62 0 25 72 22 43 48 1 66 21 75 91 59 97 88 98 83 8 
100 47 0 7 26 85 23 69 3 46 37 24 34 25 90 2 87 72 78 50 65 77 56 12 82 21 61 51 39 45 55 38 52 14 36 63 81 76 11 98 42 6 8 9 40 60 29 94 48 91 70 71 10 53 33 84 31 19 86 99 59 79 49 89 17 96 68 28 80 97 67 16 35 20 13 44 18 92 73 30 43 64 54 95 57 62 66 88 5 27 83 41 22 4 58 15 75 1 32 74 93 
48 78 15 63 65 72 74 11 28 86 17 0 34 33 97 76 27 43 20 61 89 93 8 69 91 92 83 87 79 39 48 3 88 5 36 2 98 73 58 26 54 81 71 66 38 40 46 13 7 
100 42 47 53 15 74 35 98 96 56 22 77 88 75 89 2 44 49 93 25 65 40 6 55 29 21 46 97 62 38 83 71 7 0 70 84 26 32 82 36 85 48 63 3 64 69 43 4 78 12 41 17 52 87 58 94 91 76 51 57 1 72 28 61 9 68 39 13 27 50 34 30 45 18 11 24 20 86 54 80 33 23 95 31 5 10 60 99 90 66 37 79 59 16 81 14 19 92 67 73 8 
100 78 83 17 77 10 63 4 92 7 62 91 29 42 74 69 40 1 57 53 49 97 19 68 82 75 70 43 6 34 35 12 28 44 24 30 72 87 21 93 98 47 39 90 18 0 59 22 16 2 56 55 76 73 50 31 46 33 58 64 99 11 20 15 85 8 32 94 79 60 96 66 65 38 84 5 88 45 54 48 14 36 25 3 95 37 41 81 27 52 23 9 86 67 13 61 89 80 51 26 71 
100 16 50 30 53 43 28 83 58 73 8 14 41 9 48 49 91 98 21 84 70 51 34 20 75 35 87 24 90 67 3 89 7 22 47 1 77 82 12 2 55 36 10 96 39 86 72 40 92 71 80 56 6 13 59 29 62 4 0 81 17 99 63 45 44 18 94 32 23 33 15 85 64 97 5 52 78 31 19 38 42 95 74 11 46 27 61 66 54 76 37 68 79 93 65 69 88 60 26 57 25 
100 70 52 2 98 71 41 66 26 60 78 43 5 10 64 22 15 34 11 81 51 76 77 83 4 92 45 6 32 69 3 9 54 58 36 90 44 55 35 61 20 84 27 0 89 50 59 42 68 74 62 37 14 80 40 88 38 94 47 56 72 91 30 99 28 8 31 13 85 49 1 19 93 24 12 63 18 53 75 48 87 82 67 16 96 17 97 73 39 57 25 79 7 95 46 21 29 33 86 23 65 
59 81 0 29 63 26 12 79 31 74 98 20 96 97 62 44 58 90 19 95 48 33 23 73 67 13 87 27 6 53 30 3 61 55 99 66 1 89 64 76 65 10 34 54 46 4 59 37 18 35 52 43 56 83 2 94 17 93 85 15 
100 26 9 60 28 96 42 48 79 22 80 72 54 24 0 69 95 82 1 59 2 37 73 38 92 50 78 75 66 29 64 15 20 84 68 98 57 52 88 39 74 17 86 43 13 7 4 97 83 53 27 85 8 45 63 16 47 32 55 67 87 11 94 65 71 12 18 35 49 76 51 33 36 14 89 90 56 62 25 31 61 30 77 41 99 3 6 93 91 23 19 44 70 46 81 40 58 10 5 21 34 
100 34 3 57 13 2 24 37 63 54 65 94 11 73 4 50 31 14 70 59 48 22 27 84 89 25 72 91 81 77 78 5 19 8 20 64 0 18 87 33 35 76 60 56 61 53 9 74 92 21 7 12 47 46 51 58 62 49 85 99 38 68 69 17 10 75 52 95 83 16 29 42 66 97 98 6 43 86 55 36 80 1 67 39 45 82 15 71 23 44 88 79 40 93 30 28 32 96 26 41 90 
100 4 95 51 19 75 81 98 1 52 62 25 45 83 23 3 87 85 65 9 44 78 7 68 36 72 74 24 35 82 26 48 10 67 2 40 60 11 14 18 38 28 86 15 84 46 90 73 80 39 89 8 16 13 12 64 66 91 99 43 94 88 54 29 21 53 59 34 47 93 33 58 50 31 22 20 49 32 57 42 61 17 0 56 63 96 27 37 76 30 71 70 77 41 79 5 6 69 55 97 92 
100 31 44 22 3 11 8 91 38 37 33 95 55 15 43 56 9 88 97 80 90 75 93 28 84 26 96 36 69 72 23 71 32 24 89 94 47 42 82 35 41 60 17 99 48 0 34 86 51 59 21 61 1 20 53 62 19 18 14 92 58 66 5 7 12 87 63 52 39 81 67 78 10 98 54 70 50 6 68 13 57 45 2 49 79 73 4 85 27 76 83 25 40 46 65 29 16 30 77 64 74 
10 25 57 35 84 59 91 38 21 13 88 
47 34 61 15 39 97 87 35 27 6 73 28 18 78 80 96 86 99 91 77 93 21 41 75 45 16 31 40 13 49 17 69 23 72 60 90 92 46 19 68 58 11 54 26 2 50 64 81 
100 56 85 42 25 68 1 54 41 30 95 3 47 32 43 31 52 92 81 99 70 23 18 10 71 36 16 17 14 29 78 34 13 53 65 21 24 45 37 91 49 69 38 19 97 74 50 64 96 11 7 9 4 80 66 83 51 82 94 57 40 20 2 98 89 5 26 79 6 48 39 59 75 62 60 8 61 22 87 86 90 28 46 93 63 67 33 77 27 76 58 35 73 44 15 0 55 88 12 72 84 
95 38 82 85 59 40 5 0 15 18 46 99 87 72 60 29 96 25 62 12 34 8 36 32 49 42 3 76 94 20 97 4 30 9 78 84 86 35 81 57 51 92 16 41 71 23 2 21 17 48 27 75 47 45 24 98 79 50 61 37 74 64 39 95 73 44 68 54 14 67 91 31 63 26 77 19 88 7 69 13 58 33 66 53 10 93 43 52 83 11 89 22 90 80 28 6 
42 12 38 7 58 5 67 76 65 15 30 41 64 14 10 50 59 86 90 3 32 37 18 94 85 11 63 43 9 92 70 25 66 53 40 1 89 26 74 57 42 87 52 
14 19 28 14 26 21 32 69 30 84 44 25 89 37 72 
100 23 40 82 66 71 81 86 55 92 56 35 32 98 50 37 48 46 91 14 72 38 60 33 68 28 43 13 76 69 75 9 15 17 67 25 88 89 90 26 93 57 77 78 59 3 79 39 0 41 85 96 31 21 42 87 27 51 11 16 61 4 65 29 53 22 36 2 45 19 18 52 62 94 54 30 7 10 84 99 5 44 8 58 20 73 97 74 49 34 64 95 47 24 70 83 12 63 80 1 6 
65 75 53 6 55 24 71 54 4 0 92 10 16 72 74 52 2 67 38 85 37 97 51 59 12 8 63 57 7 99 45 49 79 91 14 46 64 73 17 93 60 23 96 22 98 21 82 19 69 1 18 84 80 44 61 30 39 65 81 48 78 62 25 87 26 66 
11 16 40 79 34 41 0 75 92 96 17 66 
100 67 14 89 4 38 28 32 7 35 96 20 58 60 75 12 74 9 94 36 42 69 99 80 6 72 77 59 57 82 45 71 27 33 93 65 85 16 51 68 44 47 2 52 23 29 22 40 0 55 50 3 30 43 64 21 54 39 37 10 84 63 25 1 81 91 95 15 31 41 92 26 79 86 66 56 24 48 17 83 76 98 11 97 62 53 8 87 46 34 19 88 90 18 5 78 73 13 49 70 61 
100 25 87 1 80 54 76 6 91 43 22 92 21 96 41 61 89 83 79 52 27 16 23 99 13 32 59 71 84 39 81 33 10 17 74 65 7 3 64 0 45 88 12 78 70 15 67 77 86 14 68 69 51 31 49 47 82 98 50 97 28 30 35 93 38 11 42 94 44 75 62 4 2 58 57 53 95 66 73 19 37 29 34 26 46 5 24 18 60 40 56 48 9 72 63 20 85 36 55 8 90 
100 1 8 95 65 67 24 33 79 21 54 81 62 76 90 2 69 57 43 41 30 11 58 37 28 85 48 92 3 7 83 75 35 72 20 86 0 50 78 74 4 82 49 68 84 94 32 38 34 51 12 18 60 9 22 16 13 66 96 59 40 5 63 31 14 91 44 87 45 52 39 73 25 47 42 46 99 89 15 98 55 10 29 53 70 6 80 23 26 61 17 19 88 77 97 56 64 36 71 27 93 
100 36 52 85 35 21 55 83 18 28 59 2 67 6 50 88 65 54 0 9 45 15 80 25 49 93 47 73 57 7 46 44 33 53 3 42 77 31 92 41 56 22 86 39 96 29 51 70 1 97 82 69 72 74 99 87 48 12 89 27 76 79 71 98 20 4 81 95 23 58 38 19 26 62 11 43 61 24 78 34 84 68 64 60 91 66 30 75 90 40 8 14 94 63 32 37 17 5 16 13 10 
100 27 12 54 8 92 22 69 70 1 42 3 57 7 80 90 52 50 53 28 74 9 31 93 99 71 61 0 37 36 68 40 24 5 85 16 94 19 60 84 73 41 43 98 14 48 96 67 75 62 45 63 78 82 6 64 72 38 33 46 11 23 89 91 87 97 34 18 26 86 66 4 56 95 20 83 15 39 10 13 76 29 30 51 32 65 47 58 2 17 79 44 21 88 77 59 55 81 35 25 49 
16 21 68 63 38 26 0 24 57 55 19 2 66 41 88 93 29 
100 49 89 39 38 14 72 5 77 25 4 82 16 54 53 2 86 46 58 85 96 80 3 13 95 12 41 88 76 52 84 47 74 65 99 55 62 81 69 64 32 21 45 36 60 7 17 8 57 78 44 0 30 10 59 70 90 15 63 24 18 27 6 91 48 68 20 67 11 92 83 1 33 50 73 40 19 37 87 71 29 93 23 31 94 51 66 75 43 97 26 22 79 56 98 42 9 61 28 34 35 
78 27 92 22 28 10 40 51 98 93 81 86 36 3 82 46 34 61 56 75 17 83 87 89 16 25 12 94 21 55 52 48 69 2 9 47 30 99 64 53 57 91 70 96 26 7 1 6 66 41 38 62 78 0 49 63 76 45 14 80 5 39 29 8 95 59 85 90 15 32 44 79 88 73 84 31 23 68 43 
81 98 78 48 64 32 97 77 39 25 89 14 27 10 91 63 18 90 52 75 17 8 87 15 42 85 35 41 12 5 72 49 46 20 2 96 30 4 68 26 81 43 54 95 56 88 80 60 69 45 71 92 6 37 76 50 61 59 65 28 99 13 84 31 44 0 34 47 19 74 7 66 51 38 21 1 93 55 58 9 36 79 
87 15 98 91 63 79 46 34 90 4 68 49 13 38 72 20 14 44 96 95 82 93 36 27 51 32 89 10 7 2 55 1 57 24 94 45 58 65 5 41 16 0 8 35 92 39 25 74 56 30 88 18 52 64 40 50 59 75 70 78 67 97 12 17 81 85 80 22 26 29 86 87 53 54 99 33 19 28 23 69 21 77 9 37 84 66 3 76 
21 28 37 26 61 82 65 77 39 91 98 58 32 38 92 46 59 20 76 4 89 29 
100 72 32 2 88 13 87 22 7 80 74 56 14 77 27 53 4 54 96 31 78 61 36 1 85 25 20 65 79 34 91 8 41 10 30 67 68 89 66 18 62 29 44 69 42 90 23 40 47 70 48 16 82 49 59 43 50 52 33 81 58 46 86 63 21 26 51 64 0 15 9 84 6 60 71 37 12 45 35 98 28 11 24 39 94 17 38 95 57 5 93 75 92 3 97 55 73 19 99 76 83 
100 97 34 52 47 22 51 77 91 29 67 80 25 98 82 55 94 37 64 43 76 46 30 23 31 35 99 83 62 5 15 78 24 88 93 41 65 57 11 45 18 13 81 0 26 84 36 89 87 56 95 96 74 33 85 49 7 8 92 28 79 2 60 6 68 71 44 69 32 19 63 70 50 3 86 1 48 61 90 58 40 4 54 14 10 59 66 12 20 42 9 75 53 73 16 21 38 39 17 72 27 
78 95 92 55 70 14 19 6 80 16 4 24 27 31 45 13 97 75 8 10 33 78 62 53 39 38 17 30 99 59 82 87 43 64 76 63 61 56 25 1 86 18 51 74 83 52 50 90 96 44 81 0 67 36 57 58 60 42 34 5 11 73 54 72 21 85 77 29 23 40 20 91 22 35 12 9 93 49 89 
34 34 60 86 55 4 81 7 47 23 72 0 70 92 45 37 1 94 59 19 97 9 42 95 28 80 54 15 83 41 27 13 11 6 64 
16 46 29 60 70 39 32 26 53 90 58 43 5 81 87 8 20 
18 4 22 98 74 49 12 61 81 2 16 20 1 57 76 53 31 41 93 
13 43 3 35 85 60 13 36 94 97 49 53 86 41 
34 73 93 16 69 1 7 37 86 70 43 60 4 55 17 30 68 45 89 6 83 44 80 71 12 41 34 94 52 62 24 35 22 91 87 
100 1 30 11 22 93 52 20 31 54 71 45 36 64 25 28 8 61 84 55 67 69 41 34 53 42 9 0 90 12 49 68 81 62 6 73 66 15 29 76 24 17 33 21 85 27 99 60 75 65 48 50 7 32 79 26 77 98 83 97 80 92 70 4 72 94 63 14 3 57 56 23 74 10 5 40 43 2 78 39 47 51 58 95 91 82 59 35 19 87 89 88 86 37 38 18 16 96 46 44 13 
100 43 51 48 64 62 39 32 95 9 58 92 16 96 75 81 86 19 77 22 52 31 68 88 99 11 34 2 46 20 91 85 53 59 6 65 57 0 8 90 60 7 82 84 3 21 66 69 5 61 73 89 10 74 17 41 33 76 36 23 93 94 98 29 50 83 55 24 35 25 37 71 42 56 49 12 26 80 87 13 70 72 97 38 40 78 1 27 18 47 28 67 14 15 30 63 44 45 79 54 4 
62 87 52 22 10 16 38 71 35 49 36 90 80 85 34 2 64 91 5 0 55 86 61 27 40 50 1 59 99 88 72 66 45 84 83 81 51 53 26 69 23 8 6 42 29 13 32 62 58 48 44 9 25 78 14 94 43 74 54 67 19 93 73 
100 9 23 57 3 26 4 46 55 87 83 75 99 60 30 32 76 80 14 68 70 31 19 35 47 77 29 95 39 90 50 34 82 27 17 43 86 96 49 10 71 33 69 64 16 54 67 38 6 15 62 44 53 13 7 79 1 89 24 88 65 45 73 37 40 74 48 28 5 58 2 36 25 56 61 12 91 63 51 22 8 52 59 84 41 78 20 21 92 72 85 81 0 42 93 97 94 98 11 18 66 
