1000
1 97 
1 25 
1 40 
1 49 
1 12 
1 5 
1 71 
1 34 
1 63 
1 107 
1 97 
1 70 
1 25 
1 102 
1 18 
1 86 
1 96 
1 81 
1 92 
1 58 
1 40 
1 72 
1 111 
1 47 
1 42 
1 47 
1 98 
1 54 
1 58 
1 75 
1 103 
1 77 
1 103 
1 74 
1 48 
1 64 
1 37 
1 106 
1 101 
1 79 
1 105 
1 104 
1 78 
1 96 
1 95 
1 87 
1 115 
1 112 
1 147 
1 130 
1 84 
1 117 
1 83 
1 88 
1 98 
1 128 
1 146 
1 67 
1 134 
1 108 
1 67 
1 115 
1 157 
1 96 
1 161 
1 126 
1 83 
1 103 
1 116 
1 87 
1 156 
1 146 
1 75 
1 106 
1 115 
1 159 
1 83 
1 136 
1 102 
1 108 
1 156 
1 118 
1 103 
1 164 
1 175 
1 131 
1 159 
1 118 
1 166 
1 133 
1 111 
1 183 
1 149 
1 170 
1 133 
1 164 
1 126 
1 194 
1 111 
1 117 
1 199 
1 143 
1 136 
1 161 
1 163 
1 121 
1 181 
1 188 
1 189 
1 141 
1 183 
1 120 
1 132 
1 182 
1 142 
1 170 
1 161 
1 124 
1 201 
1 140 
1 191 
1 195 
1 141 
1 196 
1 215 
1 197 
1 142 
1 215 
1 162 
1 148 
1 155 
1 168 
1 168 
1 211 
1 210 
1 137 
1 140 
1 183 
1 175 
1 228 
1 208 
1 212 
1 154 
1 165 
1 236 
1 213 
1 146 
1 218 
1 221 
1 227 
1 177 
1 230 
1 164 
1 154 
1 195 
1 176 
1 210 
1 215 
1 201 
1 250 
1 238 
1 227 
1 244 
1 235 
1 252 
1 173 
1 199 
1 210 
1 206 
1 236 
1 220 
1 176 
1 219 
1 259 
1 209 
1 204 
1 193 
1 195 
1 255 
1 275 
1 261 
1 206 
1 243 
1 231 
1 218 
1 275 
1 224 
1 284 
1 249 
1 198 
1 199 
1 281 
1 241 
1 199 
1 221 
1 277 
1 251 
1 240 
1 264 
1 298 
1 255 
1 222 
1 290 
1 210 
1 217 
1 281 
1 240 
1 279 
1 267 
1 280 
1 216 
1 227 
1 308 
1 257 
1 273 
1 315 
1 218 
1 282 
1 289 
1 317 
1 233 
1 307 
1 232 
1 294 
1 264 
1 232 
1 236 
1 276 
1 277 
1 273 
1 290 
1 313 
1 276 
1 248 
1 307 
1 262 
1 315 
1 237 
1 315 
1 338 
1 299 
1 338 
1 279 
1 312 
1 341 
1 318 
1 255 
1 319 
1 324 
1 333 
1 311 
1 256 
1 346 
1 331 
1 269 
1 328 
1 332 
1 291 
1 354 
1 356 
1 278 
1 334 
1 274 
1 311 
1 295 
1 298 
1 314 
1 272 
1 276 
1 302 
1 279 
1 293 
1 363 
1 308 
1 289 
1 281 
1 320 
1 374 
1 352 
1 326 
1 337 
1 298 
1 312 
1 352 
1 355 
1 299 
1 293 
1 324 
1 365 
1 345 
1 301 
1 378 
1 313 
1 331 
1 299 
1 367 
1 364 
1 317 
1 337 
1 342 
1 346 
1 401 
1 388 
1 361 
1 305 
1 342 
1 373 
1 369 
1 325 
1 382 
1 353 
1 331 
1 322 
1 342 
1 346 
1 376 
1 319 
1 356 
1 348 
1 354 
1 327 
1 345 
1 419 
1 396 
1 325 
1 385 
1 326 
1 423 
1 372 
1 343 
1 377 
1 351 
1 392 
1 336 
1 360 
1 390 
1 347 
1 427 
1 438 
1 419 
1 433 
1 417 
1 422 
1 348 
1 348 
1 418 
1 393 
1 386 
1 405 
1 427 
1 416 
1 431 
1 401 
1 416 
1 447 
1 405 
1 448 
1 440 
1 380 
1 398 
1 449 
1 423 
1 400 
1 366 
1 417 
1 465 
1 398 
1 422 
1 405 
1 425 
1 388 
1 417 
1 461 
1 443 
1 444 
1 383 
1 421 
1 380 
1 415 
1 478 
1 461 
1 425 
1 472 
1 443 
1 415 
1 389 
1 454 
1 418 
1 475 
1 403 
1 473 
1 450 
1 460 
1 446 
1 423 
1 485 
1 402 
1 438 
1 420 
1 409 
1 403 
1 447 
1 403 
1 438 
1 468 
1 490 
1 477 
1 477 
1 497 
1 475 
1 488 
1 443 
1 451 
1 424 
1 469 
1 434 
1 467 
1 470 
1 427 
1 471 
1 486 
1 509 
1 514 
1 483 
1 476 
1 452 
1 524 
1 502 
1 438 
1 452 
1 457 
1 443 
1 504 
1 446 
1 508 
1 479 
1 494 
1 464 
1 475 
1 489 
1 504 
1 533 
1 502 
1 537 
1 466 
1 468 
1 511 
1 463 
1 453 
1 533 
1 521 
1 505 
1 492 
1 530 
1 535 
1 508 
1 487 
1 516 
1 511 
1 470 
1 529 
1 555 
1 518 
1 524 
1 539 
1 551 
1 527 
1 558 
1 529 
1 522 
1 503 
1 516 
1 541 
1 495 
1 492 
1 512 
1 553 
1 526 
1 568 
1 551 
1 481 
1 507 
1 519 
1 540 
1 486 
1 499 
1 528 
1 574 
1 571 
1 542 
1 496 
1 576 
1 552 
1 500 
1 531 
1 515 
1 517 
1 554 
1 538 
1 519 
1 598 
1 552 
1 545 
1 562 
1 530 
1 534 
1 603 
1 590 
1 521 
1 595 
1 569 
1 532 
1 551 
1 607 
1 520 
1 602 
1 526 
1 599 
1 548 
1 577 
1 534 
1 589 
1 621 
1 534 
1 603 
1 556 
1 526 
1 558 
1 588 
1 613 
1 596 
1 565 
1 618 
1 537 
1 570 
1 563 
1 623 
1 590 
1 544 
1 605 
1 583 
1 592 
1 611 
1 624 
1 547 
1 562 
1 617 
1 555 
1 612 
1 640 
1 583 
1 636 
1 590 
1 648 
1 628 
1 635 
1 647 
1 576 
1 609 
1 649 
1 574 
1 628 
1 607 
1 627 
1 588 
1 574 
1 572 
1 648 
1 579 
1 640 
1 639 
1 578 
1 654 
1 629 
1 581 
1 614 
1 626 
1 603 
1 619 
1 644 
1 678 
1 661 
1 628 
1 668 
1 667 
1 613 
1 674 
1 677 
1 593 
1 645 
1 598 
1 689 
1 604 
1 615 
1 645 
1 654 
1 625 
1 688 
1 602 
1 642 
1 638 
1 634 
1 632 
1 636 
1 615 
1 616 
1 643 
1 676 
1 699 
1 638 
1 645 
1 656 
1 695 
1 686 
1 633 
1 641 
1 716 
1 698 
1 681 
1 695 
1 679 
1 716 
1 697 
1 673 
1 656 
1 725 
1 679 
1 674 
1 691 
1 704 
1 704 
1 637 
1 635 
1 672 
1 709 
1 666 
1 693 
1 665 
1 728 
1 641 
1 665 
1 641 
1 741 
1 661 
1 740 
1 664 
1 689 
1 663 
1 704 
1 660 
1 691 
1 667 
1 742 
1 723 
1 753 
1 754 
1 731 
1 753 
1 726 
1 741 
1 690 
1 681 
1 725 
1 758 
1 671 
1 745 
1 740 
1 739 
1 734 
1 709 
1 714 
1 734 
1 738 
1 675 
1 726 
1 695 
1 757 
1 720 
1 775 
1 719 
1 726 
1 746 
1 688 
1 710 
1 780 
1 762 
1 779 
1 732 
1 695 
1 775 
1 734 
1 718 
1 747 
1 754 
1 701 
1 750 
1 749 
1 778 
1 718 
1 717 
1 719 
1 777 
1 764 
1 774 
1 770 
1 805 
1 749 
1 721 
1 727 
1 765 
1 728 
1 735 
1 747 
1 716 
1 727 
1 796 
1 767 
1 747 
1 806 
1 725 
1 784 
1 821 
1 769 
1 768 
1 760 
1 802 
1 731 
1 817 
1 803 
1 751 
1 732 
1 765 
1 760 
1 778 
1 803 
1 832 
1 780 
1 779 
1 830 
1 831 
1 832 
1 756 
1 764 
1 808 
1 824 
1 769 
1 794 
1 765 
1 809 
1 756 
1 787 
1 809 
1 837 
1 796 
1 763 
1 771 
1 816 
1 814 
1 849 
1 775 
1 764 
1 811 
1 774 
1 857 
1 771 
1 862 
1 832 
1 775 
1 827 
1 847 
1 834 
1 774 
1 823 
1 802 
1 848 
1 787 
1 819 
1 819 
1 821 
1 855 
1 872 
1 874 
1 865 
1 818 
1 833 
1 845 
1 794 
1 868 
1 797 
1 840 
1 820 
1 884 
1 883 
1 810 
1 880 
1 823 
1 880 
1 833 
1 821 
1 827 
1 802 
1 832 
1 849 
1 855 
1 885 
1 896 
1 828 
1 811 
1 820 
1 882 
1 840 
1 872 
1 862 
1 835 
1 891 
1 840 
1 838 
1 915 
1 885 
1 894 
1 877 
1 874 
1 849 
1 853 
1 865 
1 892 
1 869 
1 872 
1 885 
1 845 
1 924 
1 912 
1 863 
1 844 
1 920 
1 861 
1 924 
1 879 
1 918 
1 922 
1 913 
1 842 
1 936 
1 941 
1 899 
1 899 
1 867 
1 925 
1 947 
1 854 
1 870 
1 949 
1 912 
1 860 
1 925 
1 945 
1 893 
1 930 
1 950 
1 899 
1 871 
1 925 
1 939 
1 863 
1 945 
1 958 
1 935 
1 902 
1 870 
1 904 
1 873 
1 886 
1 876 
1 926 
1 973 
1 891 
1 976 
1 965 
1 972 
1 902 
1 918 
1 966 
1 974 
1 920 
1 927 
1 916 
1 964 
1 975 
1 949 
1 920 
1 890 
1 937 
1 907 
1 898 
1 991 
1 943 
1 996 
1 910 
1 957 
1 982 
1 978 
1 993 
1 999 
1 957 
1 944 
1 936 
1 924 
1 916 
1 952 
1 997 
1 994 
1 940 
1 995 
1 994 
1 951 
1 958 
1 965 
1 948 
1 961 
1 941 
1 947 
1 974 
1 971 
1 963 
1 937 
1 979 
1 934 
1 965 
1 968 
1 955 
1 976 
1 948 
1 954 
1 998 
1 965 
1 983 
1 960 
1 949 
1 961 
1 943 
1 960 
1 978 
1 961 
1 969 
1 956 
1 998 
1 996 
1 970 
1 992 
1 955 
1 978 
1 965 
1 961 
1 975 
1 969 
1 958 
1 974 
1 965 
1 974 
1 982 
1 971 
1 967 
1 970 
1 966 
1 969 
1 987 
1 988 
1 983 
1 985 
1 971 
1 980 
1 989 
1 985 
1 992 
1 985 
1 999 
1 980 
1 987 
1 981 
1 986 
1 984 
1 989 
1 993 
1 999 
1 989 
1 990 
1 999 
1 996 
1 996 
1 989 
1 999 
1 994 
1 993 
1 999 
1 994 
1 997 
1 998 
1 998 
1 999 
1 999 
