100
3 25 75 6 
4 69 63 90 54 
3 40 42 37 
2 43 71 
9 56 97 94 0 74 14 57 59 6 
1 73 
2 89 67 
3 52 71 30 
1 60 
6 6 96 70 97 30 62 
6 73 20 68 83 70 58 
1 92 
4 43 85 74 99 
1 77 
1 26 
5 36 86 74 63 24 
3 73 25 71 
3 43 0 31 
1 66 
6 78 25 80 8 83 14 
3 48 46 98 
2 51 80 
2 46 54 
3 45 1 44 
4 82 58 28 5 
2 7 4 
3 79 87 26 
4 37 7 53 71 
1 84 
2 15 14 
2 66 36 
3 92 30 29 
2 39 22 
1 46 
1 77 
1 13 
1 23 
8 37 25 36 8 4 30 15 88 
1 70 
1 83 
5 56 94 47 65 79 
3 71 98 28 
7 57 35 18 63 16 51 88 
9 25 34 70 43 76 79 51 88 8 
3 70 25 63 
6 98 1 44 2 97 11 
1 69 
6 79 10 62 20 6 17 
1 44 
10 76 44 34 84 37 91 69 10 55 32 
2 98 11 
3 14 11 28 
1 81 
2 18 55 
2 12 53 
3 9 89 59 
3 16 1 9 
1 2 
1 8 
1 10 
3 12 65 78 
3 76 1 74 
3 77 37 18 
1 71 
4 38 58 39 90 
4 64 60 51 65 
2 44 54 
1 61 
3 4 46 92 
2 46 29 
1 94 
9 5 37 68 56 53 49 65 25 41 
1 21 
2 75 0 
1 54 
5 72 43 56 7 6 
6 51 56 99 86 58 64 
6 57 88 34 99 47 16 
2 41 21 
1 31 
1 75 
2 77 15 
3 54 21 26 
2 42 33 
1 78 
3 62 20 47 
2 18 10 
6 28 66 85 33 13 36 
5 66 11 50 43 33 
5 91 27 81 14 60 
2 46 81 
4 97 34 19 14 
7 60 62 58 2 14 0 53 
1 3 
1 29 
2 13 20 
1 52 
3 34 9 67 
1 30 
4 74 92 20 67 
