53
3 47 33 44 
11 31 43 30 47 3 37 16 8 27 36 1 
4 28 52 32 33 
2 34 47 
1 39 
17 35 46 34 36 8 6 10 38 2 42 20 30 29 51 50 24 31 
3 42 47 41 
20 13 43 5 8 3 11 15 47 40 42 46 12 20 49 7 33 37 34 52 24 
2 9 28 
3 30 0 5 
10 27 3 6 49 22 50 48 12 16 32 
8 19 50 20 33 39 49 22 27 
5 23 5 11 48 27 
6 25 21 52 50 51 45 
5 1 0 27 31 20 
5 2 23 7 11 50 
5 48 46 23 0 24 
7 9 2 14 41 34 42 31 
10 5 29 48 17 47 1 15 28 21 3 
4 21 46 42 23 
2 51 41 
4 52 39 22 31 
7 31 27 35 41 19 33 46 
8 26 33 42 46 8 22 40 5 
12 10 12 43 20 14 31 21 41 37 19 47 33 
2 3 27 
1 42 
8 9 27 51 19 21 12 46 41 
5 48 40 14 52 19 
3 30 7 46 
2 18 47 
5 49 40 37 43 3 
6 49 14 2 19 43 9 
1 18 
1 31 
1 38 
7 16 12 2 14 7 13 47 
6 47 38 29 30 3 52 
2 20 8 
1 0 
4 46 34 1 12 
4 41 25 17 43 
8 45 40 44 6 24 28 15 25 
16 13 4 31 43 23 39 47 12 42 36 46 22 32 27 44 52 
3 48 30 50 
8 26 43 28 30 27 46 37 14 
1 23 
2 40 38 
1 15 
5 46 3 43 26 4 
5 52 35 27 39 7 
1 26 
1 27 
