97
4 87 23 61 0 
14 33 43 3 12 75 74 18 61 90 19 2 16 0 20 
6 19 31 87 27 63 46 
9 32 38 62 80 77 87 59 58 55 
2 94 53 
1 22 
13 33 11 79 29 31 38 72 48 73 14 20 37 77 
4 53 29 45 20 
1 62 
5 0 54 13 75 70 
1 92 
5 81 57 42 34 6 
11 93 82 18 73 72 65 69 74 81 15 83 
5 94 61 41 83 4 
1 22 
4 68 34 19 28 
2 73 37 
2 47 69 
1 57 
4 26 77 68 37 
3 41 13 42 
8 24 47 18 88 78 50 14 77 
1 17 
1 87 
3 6 82 67 
1 39 
6 95 42 41 39 24 34 
5 93 45 20 10 13 
5 8 80 49 16 40 
1 60 
2 2 15 
1 60 
11 92 25 34 54 11 36 57 58 87 24 64 
7 3 5 4 83 46 62 68 
2 36 7 
1 39 
2 28 55 
4 82 37 70 51 
9 16 90 22 2 50 66 21 83 46 
7 95 72 55 36 92 67 42 
10 71 58 78 77 90 63 56 34 49 28 
3 94 75 7 
3 45 17 65 
2 85 66 
3 6 65 39 
8 86 26 14 58 65 55 93 75 
4 94 75 24 96 
10 13 27 57 0 28 74 11 82 20 67 
3 73 31 19 
1 14 
16 18 40 37 50 53 95 72 46 17 83 79 12 19 26 30 81 
18 21 66 87 31 44 58 77 96 64 11 80 41 93 12 75 40 47 72 
6 3 20 29 39 0 74 
4 86 38 54 41 
1 96 
9 64 22 65 89 24 48 63 91 52 
1 54 
1 95 
3 62 44 18 
3 63 37 27 
14 28 23 4 8 56 21 59 70 72 81 93 89 55 15 
6 6 20 71 87 16 8 
7 65 24 0 13 50 1 34 
19 62 94 45 54 69 90 31 43 44 15 13 41 93 9 92 82 49 87 14 
5 70 88 93 90 63 
1 46 
1 15 
3 3 80 13 
9 92 24 68 28 61 43 74 7 18 
2 79 24 
1 66 
1 84 
1 23 
18 54 94 1 36 6 38 79 91 3 27 50 5 58 73 75 71 60 22 
7 17 12 15 29 91 9 46 
2 81 87 
5 0 4 28 77 44 
9 39 48 52 74 17 89 23 22 88 
2 94 10 
12 20 15 52 90 39 65 50 87 8 58 46 68 
5 55 65 53 29 90 
8 13 18 3 22 46 71 5 62 
6 10 42 67 73 96 72 
1 64 
5 30 25 36 64 88 
2 73 40 
2 48 55 
5 13 43 15 67 39 
2 25 49 
6 59 18 89 34 75 52 
1 9 
1 29 
3 28 12 38 
15 17 18 5 4 95 16 52 24 96 3 21 10 34 81 19 
4 32 9 68 47 
4 81 28 6 55 
8 43 9 41 40 63 50 66 84 
