1000
1 5 
1 991 
1 992 
1 993 
1 7 
1 3 
1 9 
1 10 
1 12 
1 18 
1 1 
1 9 
1 5 
1 11 
1 15 
1 25 
1 15 
1 14 
1 17 
1 17 
1 26 
1 13 
1 25 
1 25 
1 31 
1 21 
1 30 
1 23 
1 19 
1 32 
1 40 
1 21 
1 34 
1 36 
1 31 
1 33 
1 31 
1 33 
1 37 
1 47 
1 37 
1 35 
1 46 
1 33 
1 39 
1 43 
1 37 
1 49 
1 47 
1 43 
1 53 
1 53 
1 54 
1 46 
1 53 
1 54 
1 54 
1 54 
1 53 
1 61 
1 66 
1 64 
1 60 
1 69 
1 73 
1 65 
1 61 
1 61 
1 75 
1 61 
1 62 
1 74 
1 67 
1 64 
1 78 
1 72 
1 80 
1 84 
1 70 
1 83 
1 74 
1 78 
1 81 
1 73 
1 87 
1 84 
1 81 
1 89 
1 89 
1 96 
1 92 
1 93 
1 98 
1 96 
1 90 
1 103 
1 100 
1 87 
1 93 
1 89 
1 106 
1 93 
1 103 
1 109 
1 107 
1 102 
1 110 
1 105 
1 113 
1 118 
1 119 
1 114 
1 117 
1 105 
1 115 
1 107 
1 113 
1 107 
1 122 
1 120 
1 117 
1 128 
1 129 
1 126 
1 124 
1 126 
1 135 
1 118 
1 130 
1 130 
1 131 
1 136 
1 136 
1 126 
1 138 
1 143 
1 135 
1 137 
1 139 
1 132 
1 147 
1 141 
1 148 
1 136 
1 136 
1 150 
1 144 
1 139 
1 144 
1 145 
1 159 
1 151 
1 158 
1 145 
1 160 
1 147 
1 150 
1 150 
1 157 
1 154 
1 169 
1 154 
1 166 
1 165 
1 158 
1 163 
1 176 
1 176 
1 160 
1 178 
1 162 
1 169 
1 179 
1 181 
1 164 
1 166 
1 180 
1 175 
1 175 
1 188 
1 189 
1 171 
1 175 
1 188 
1 180 
1 191 
1 182 
1 178 
1 183 
1 180 
1 194 
1 200 
1 192 
1 199 
1 201 
1 187 
1 200 
1 203 
1 207 
1 198 
1 194 
1 205 
1 196 
1 207 
1 195 
1 198 
1 211 
1 210 
1 217 
1 199 
1 207 
1 209 
1 215 
1 218 
1 204 
1 217 
1 218 
1 214 
1 210 
1 225 
1 225 
1 222 
1 221 
1 230 
1 225 
1 234 
1 228 
1 230 
1 232 
1 229 
1 220 
1 230 
1 230 
1 229 
1 231 
1 232 
1 231 
1 231 
1 238 
1 248 
1 246 
1 233 
1 243 
1 244 
1 252 
1 236 
1 247 
1 250 
1 240 
1 245 
1 253 
1 255 
1 261 
1 245 
1 248 
1 254 
1 247 
1 259 
1 263 
1 253 
1 269 
1 256 
1 258 
1 264 
1 266 
1 259 
1 258 
1 273 
1 268 
1 277 
1 272 
1 279 
1 262 
1 271 
1 283 
1 275 
1 277 
1 282 
1 284 
1 269 
1 270 
1 272 
1 290 
1 273 
1 282 
1 278 
1 278 
1 284 
1 279 
1 284 
1 285 
1 282 
1 285 
1 300 
1 303 
1 300 
1 305 
1 299 
1 302 
1 292 
1 308 
1 297 
1 297 
1 297 
1 310 
1 303 
1 309 
1 316 
1 313 
1 319 
1 316 
1 311 
1 306 
1 306 
1 310 
1 319 
1 326 
1 327 
1 324 
1 312 
1 310 
1 323 
1 327 
1 318 
1 318 
1 334 
1 327 
1 328 
1 335 
1 335 
1 337 
1 341 
1 338 
1 324 
1 340 
1 325 
1 337 
1 328 
1 341 
1 343 
1 348 
1 342 
1 346 
1 341 
1 340 
1 349 
1 336 
1 356 
1 355 
1 347 
1 354 
1 346 
1 352 
1 357 
1 362 
1 348 
1 357 
1 366 
1 360 
1 358 
1 352 
1 354 
1 367 
1 353 
1 367 
1 359 
1 363 
1 376 
1 378 
1 364 
1 363 
1 375 
1 379 
1 383 
1 381 
1 367 
1 373 
1 371 
1 374 
1 385 
1 390 
1 372 
1 373 
1 385 
1 384 
1 394 
1 391 
1 378 
1 395 
1 397 
1 387 
1 390 
1 400 
1 400 
1 404 
1 403 
1 389 
1 403 
1 408 
1 408 
1 408 
1 397 
1 396 
1 408 
1 411 
1 405 
1 396 
1 407 
1 416 
1 401 
1 407 
1 407 
1 407 
1 403 
1 419 
1 418 
1 406 
1 422 
1 414 
1 416 
1 412 
1 424 
1 432 
1 414 
1 430 
1 432 
1 432 
1 435 
1 435 
1 429 
1 429 
1 423 
1 433 
1 427 
1 437 
1 442 
1 430 
1 435 
1 446 
1 430 
1 446 
1 436 
1 444 
1 440 
1 442 
1 437 
1 445 
1 443 
1 458 
1 447 
1 447 
1 451 
1 461 
1 452 
1 464 
1 449 
1 448 
1 464 
1 452 
1 457 
1 458 
1 465 
1 458 
1 466 
1 461 
1 462 
1 456 
1 470 
1 478 
1 468 
1 472 
1 465 
1 475 
1 464 
1 473 
1 467 
1 474 
1 484 
1 483 
1 489 
1 470 
1 483 
1 488 
1 474 
1 476 
1 490 
1 495 
1 478 
1 484 
1 498 
1 480 
1 493 
1 494 
1 493 
1 494 
1 494 
1 501 
1 503 
1 493 
1 508 
1 492 
1 495 
1 499 
1 501 
1 499 
1 497 
1 499 
1 507 
1 514 
1 508 
1 506 
1 503 
1 511 
1 521 
1 517 
1 509 
1 507 
1 508 
1 521 
1 515 
1 512 
1 529 
1 523 
1 516 
1 533 
1 521 
1 516 
1 528 
1 538 
1 532 
1 520 
1 522 
1 538 
1 524 
1 541 
1 536 
1 546 
1 539 
1 544 
1 529 
1 534 
1 536 
1 548 
1 534 
1 551 
1 544 
1 543 
1 555 
1 554 
1 548 
1 547 
1 552 
1 548 
1 555 
1 559 
1 547 
1 562 
1 556 
1 551 
1 565 
1 557 
1 561 
1 553 
1 561 
1 568 
1 563 
1 566 
1 573 
1 561 
1 561 
1 571 
1 574 
1 572 
1 579 
1 582 
1 568 
1 579 
1 569 
1 587 
1 569 
1 574 
1 578 
1 574 
1 584 
1 584 
1 590 
1 583 
1 581 
1 592 
1 593 
1 595 
1 599 
1 594 
1 590 
1 598 
1 591 
1 605 
1 605 
1 608 
1 603 
1 597 
1 599 
1 597 
1 594 
1 609 
1 611 
1 612 
1 609 
1 616 
1 609 
1 618 
1 603 
1 609 
1 621 
1 615 
1 611 
1 623 
1 620 
1 612 
1 613 
1 627 
1 613 
1 631 
1 630 
1 618 
1 616 
1 635 
1 631 
1 627 
1 625 
1 625 
1 639 
1 633 
1 643 
1 633 
1 628 
1 630 
1 638 
1 642 
1 648 
1 645 
1 647 
1 645 
1 651 
1 638 
1 646 
1 651 
1 645 
1 653 
1 648 
1 649 
1 657 
1 658 
1 661 
1 660 
1 657 
1 658 
1 660 
1 658 
1 660 
1 653 
1 658 
1 660 
1 662 
1 669 
1 655 
1 666 
1 665 
1 662 
1 663 
1 674 
1 670 
1 680 
1 671 
1 679 
1 674 
1 676 
1 675 
1 680 
1 688 
1 684 
1 687 
1 688 
1 687 
1 692 
1 679 
1 680 
1 688 
1 693 
1 692 
1 690 
1 691 
1 698 
1 703 
1 691 
1 705 
1 696 
1 700 
1 698 
1 693 
1 708 
1 705 
1 693 
1 698 
1 698 
1 707 
1 700 
1 713 
1 709 
1 702 
1 716 
1 707 
1 709 
1 719 
1 723 
1 713 
1 707 
1 722 
1 709 
1 726 
1 729 
1 718 
1 724 
1 728 
1 725 
1 723 
1 718 
1 731 
1 731 
1 725 
1 732 
1 721 
1 722 
1 733 
1 729 
1 732 
1 728 
1 729 
1 739 
1 739 
1 740 
1 732 
1 746 
1 735 
1 738 
1 735 
1 736 
1 753 
1 758 
1 742 
1 754 
1 753 
1 761 
1 762 
1 751 
1 759 
1 758 
1 759 
1 748 
1 767 
1 756 
1 754 
1 761 
1 759 
1 771 
1 773 
1 776 
1 772 
1 776 
1 774 
1 775 
1 778 
1 779 
1 774 
1 778 
1 778 
1 767 
1 776 
1 770 
1 772 
1 776 
1 771 
1 783 
1 776 
1 781 
1 788 
1 778 
1 785 
1 796 
1 779 
1 796 
1 783 
1 784 
1 796 
1 800 
1 800 
1 803 
1 792 
1 789 
1 791 
1 799 
1 792 
1 805 
1 798 
1 813 
1 803 
1 799 
1 803 
1 808 
1 804 
1 803 
1 808 
1 818 
1 821 
1 808 
1 805 
1 816 
1 813 
1 810 
1 821 
1 818 
1 822 
1 814 
1 814 
1 818 
1 827 
1 821 
1 822 
1 836 
1 833 
1 820 
1 828 
1 840 
1 825 
1 834 
1 845 
1 830 
1 843 
1 832 
1 842 
1 831 
1 842 
1 839 
1 852 
1 850 
1 841 
1 842 
1 846 
1 850 
1 859 
1 853 
1 861 
1 842 
1 856 
1 858 
1 860 
1 856 
1 858 
1 865 
1 857 
1 858 
1 854 
1 858 
1 860 
1 865 
1 866 
1 876 
1 861 
1 865 
1 866 
1 864 
1 874 
1 867 
1 881 
1 868 
1 870 
1 879 
1 881 
1 877 
1 876 
1 875 
1 880 
1 882 
1 889 
1 875 
1 893 
1 890 
1 897 
1 878 
1 894 
1 895 
1 894 
1 889 
1 887 
1 895 
1 885 
1 897 
1 906 
1 905 
1 896 
1 909 
1 898 
1 905 
1 893 
1 896 
1 896 
1 908 
1 914 
1 899 
1 910 
1 918 
1 907 
1 902 
1 911 
1 923 
1 918 
1 907 
1 907 
1 921 
1 920 
1 929 
1 925 
1 925 
1 923 
1 922 
1 935 
1 930 
1 933 
1 930 
1 933 
1 928 
1 924 
1 936 
1 943 
1 931 
1 933 
1 944 
1 931 
1 938 
1 935 
1 947 
1 949 
1 943 
1 948 
1 948 
1 952 
1 937 
1 947 
1 951 
1 943 
1 957 
1 956 
1 954 
1 950 
1 956 
1 957 
1 953 
1 951 
1 951 
1 958 
1 969 
1 970 
1 956 
1 965 
1 972 
1 973 
1 968 
1 961 
1 958 
1 979 
1 961 
1 979 
1 968 
1 980 
1 975 
1 971 
1 981 
1 969 
1 969 
1 977 
1 974 
1 974 
1 977 
1 987 
1 982 
1 989 
1 989 
1 989 
1 986 
1 985 
1 986 
1 995 
1 0 
1 0 
1 4 
1 985 
1 988 
1 998 
1 5 
1 990 
