1000
1 23 
1 33 
1 14 
1 40 
1 47 
1 25 
1 36 
1 45 
1 29 
1 24 
1 15 
1 18 
1 31 
1 31 
1 32 
1 15 
1 40 
1 29 
1 33 
1 42 
1 22 
1 25 
1 30 
1 61 
1 24 
1 42 
1 29 
1 54 
1 73 
1 36 
1 37 
1 72 
1 58 
1 72 
1 40 
1 57 
1 61 
1 73 
1 51 
1 84 
1 84 
1 79 
1 80 
1 54 
1 47 
1 62 
1 48 
1 71 
1 80 
1 85 
1 94 
1 82 
1 59 
1 63 
1 82 
1 94 
1 99 
1 65 
1 76 
1 78 
1 87 
1 101 
1 87 
1 99 
1 103 
1 93 
1 102 
1 89 
1 91 
1 97 
1 95 
1 114 
1 110 
1 99 
1 83 
1 75 
1 116 
1 111 
1 119 
1 87 
1 113 
1 118 
1 110 
1 109 
1 86 
1 86 
1 110 
1 104 
1 119 
1 125 
1 134 
1 133 
1 128 
1 131 
1 137 
1 127 
1 132 
1 118 
1 142 
1 101 
1 106 
1 113 
1 102 
1 139 
1 149 
1 128 
1 106 
1 148 
1 132 
1 149 
1 147 
1 151 
1 133 
1 117 
1 132 
1 137 
1 155 
1 127 
1 158 
1 151 
1 161 
1 147 
1 129 
1 167 
1 158 
1 153 
1 166 
1 146 
1 131 
1 162 
1 136 
1 163 
1 132 
1 150 
1 177 
1 170 
1 142 
1 142 
1 160 
1 184 
1 178 
1 178 
1 181 
1 177 
1 155 
1 162 
1 156 
1 173 
1 159 
1 151 
1 181 
1 192 
1 168 
1 171 
1 182 
1 164 
1 179 
1 190 
1 161 
1 203 
1 203 
1 165 
1 183 
1 194 
1 180 
1 187 
1 192 
1 208 
1 195 
1 186 
1 189 
1 214 
1 198 
1 193 
1 207 
1 219 
1 196 
1 181 
1 223 
1 188 
1 225 
1 195 
1 221 
1 186 
1 228 
1 225 
1 220 
1 231 
1 225 
1 223 
1 222 
1 203 
1 219 
1 225 
1 222 
1 236 
1 218 
1 215 
1 231 
1 229 
1 220 
1 234 
1 213 
1 217 
1 230 
1 242 
1 238 
1 223 
1 218 
1 245 
1 216 
1 224 
1 243 
1 258 
1 219 
1 242 
1 230 
1 225 
1 235 
1 225 
1 233 
1 227 
1 232 
1 268 
1 255 
1 233 
1 247 
1 238 
1 243 
1 251 
1 239 
1 238 
1 235 
1 278 
1 262 
1 236 
1 237 
1 262 
1 269 
1 275 
1 279 
1 241 
1 277 
1 255 
1 280 
1 258 
1 288 
1 288 
1 258 
1 283 
1 285 
1 288 
1 258 
1 270 
1 263 
1 278 
1 261 
1 269 
1 270 
1 271 
1 271 
1 262 
1 270 
1 274 
1 283 
1 283 
1 282 
1 289 
1 308 
1 291 
1 285 
1 297 
1 305 
1 314 
1 304 
1 318 
1 321 
1 284 
1 292 
1 318 
1 299 
1 316 
1 319 
1 300 
1 304 
1 301 
1 290 
1 300 
1 320 
1 327 
1 334 
1 332 
1 324 
1 299 
1 303 
1 331 
1 319 
1 330 
1 334 
1 304 
1 336 
1 335 
1 345 
1 303 
1 310 
1 348 
1 316 
1 345 
1 349 
1 349 
1 337 
1 331 
1 334 
1 318 
1 334 
1 328 
1 330 
1 329 
1 328 
1 340 
1 356 
1 345 
1 334 
1 364 
1 340 
1 362 
1 329 
1 368 
1 353 
1 347 
1 350 
1 369 
1 336 
1 350 
1 362 
1 340 
1 351 
1 355 
1 340 
1 343 
1 375 
1 354 
1 367 
1 359 
1 387 
1 386 
1 374 
1 364 
1 380 
1 379 
1 391 
1 387 
1 396 
1 369 
1 373 
1 355 
1 398 
1 378 
1 394 
1 367 
1 372 
1 364 
1 374 
1 364 
1 391 
1 384 
1 407 
1 391 
1 375 
1 395 
1 387 
1 381 
1 404 
1 405 
1 407 
1 405 
1 396 
1 397 
1 423 
1 382 
1 391 
1 407 
1 416 
1 428 
1 398 
1 393 
1 399 
1 421 
1 416 
1 390 
1 429 
1 393 
1 395 
1 431 
1 394 
1 396 
1 413 
1 412 
1 420 
1 431 
1 401 
1 436 
1 436 
1 426 
1 440 
1 429 
1 428 
1 419 
1 419 
1 410 
1 410 
1 443 
1 444 
1 446 
1 452 
1 433 
1 439 
1 421 
1 450 
1 436 
1 436 
1 427 
1 447 
1 462 
1 456 
1 443 
1 463 
1 433 
1 444 
1 460 
1 463 
1 471 
1 472 
1 441 
1 460 
1 456 
1 439 
1 467 
1 447 
1 475 
1 474 
1 483 
1 476 
1 465 
1 476 
1 461 
1 451 
1 486 
1 491 
1 462 
1 453 
1 456 
1 467 
1 474 
1 469 
1 459 
1 498 
1 492 
1 470 
1 464 
1 503 
1 505 
1 488 
1 472 
1 506 
1 470 
1 472 
1 488 
1 504 
1 471 
1 503 
1 512 
1 501 
1 482 
1 486 
1 493 
1 515 
1 479 
1 489 
1 489 
1 510 
1 503 
1 516 
1 521 
1 501 
1 530 
1 512 
1 526 
1 521 
1 529 
1 535 
1 511 
1 500 
1 494 
1 506 
1 496 
1 524 
1 531 
1 519 
1 499 
1 531 
1 508 
1 523 
1 519 
1 547 
1 523 
1 548 
1 551 
1 548 
1 531 
1 521 
1 532 
1 515 
1 545 
1 551 
1 560 
1 522 
1 520 
1 521 
1 542 
1 563 
1 558 
1 563 
1 565 
1 535 
1 546 
1 547 
1 527 
1 566 
1 568 
1 572 
1 564 
1 536 
1 541 
1 547 
1 572 
1 559 
1 568 
1 550 
1 557 
1 570 
1 542 
1 546 
1 580 
1 563 
1 576 
1 587 
1 550 
1 568 
1 554 
1 577 
1 588 
1 588 
1 591 
1 574 
1 570 
1 573 
1 575 
1 597 
1 559 
1 580 
1 573 
1 578 
1 586 
1 576 
1 586 
1 608 
1 578 
1 580 
1 591 
1 615 
1 605 
1 591 
1 575 
1 580 
1 591 
1 602 
1 585 
1 589 
1 615 
1 581 
1 609 
1 601 
1 625 
1 595 
1 626 
1 621 
1 631 
1 632 
1 590 
1 609 
1 618 
1 624 
1 623 
1 631 
1 612 
1 616 
1 608 
1 605 
1 614 
1 614 
1 619 
1 620 
1 619 
1 634 
1 625 
1 648 
1 637 
1 651 
1 644 
1 628 
1 652 
1 612 
1 619 
1 641 
1 639 
1 645 
1 632 
1 653 
1 664 
1 623 
1 661 
1 647 
1 646 
1 647 
1 641 
1 635 
1 628 
1 646 
1 648 
1 647 
1 662 
1 661 
1 654 
1 646 
1 672 
1 641 
1 679 
1 664 
1 658 
1 672 
1 657 
1 671 
1 683 
1 678 
1 660 
1 653 
1 667 
1 687 
1 666 
1 686 
1 672 
1 665 
1 660 
1 657 
1 661 
1 685 
1 665 
1 667 
1 663 
1 675 
1 688 
1 680 
1 693 
1 669 
1 670 
1 685 
1 672 
1 686 
1 711 
1 678 
1 687 
1 694 
1 692 
1 695 
1 699 
1 695 
1 701 
1 688 
1 723 
1 714 
1 701 
1 684 
1 725 
1 701 
1 690 
1 695 
1 725 
1 730 
1 697 
1 719 
1 705 
1 693 
1 731 
1 701 
1 731 
1 696 
1 727 
1 739 
1 733 
1 739 
1 704 
1 713 
1 708 
1 713 
1 710 
1 720 
1 721 
1 715 
1 743 
1 745 
1 739 
1 740 
1 743 
1 726 
1 750 
1 749 
1 750 
1 718 
1 730 
1 748 
1 729 
1 764 
1 749 
1 737 
1 751 
1 729 
1 759 
1 741 
1 733 
1 765 
1 734 
1 753 
1 736 
1 753 
1 751 
1 779 
1 780 
1 762 
1 739 
1 768 
1 746 
1 757 
1 760 
1 774 
1 778 
1 762 
1 769 
1 762 
1 778 
1 770 
1 783 
1 786 
1 774 
1 770 
1 783 
1 769 
1 767 
1 779 
1 772 
1 796 
1 784 
1 768 
1 799 
1 777 
1 773 
1 796 
1 777 
1 802 
1 769 
1 778 
1 803 
1 817 
1 780 
1 785 
1 816 
1 817 
1 795 
1 785 
1 809 
1 802 
1 817 
1 813 
1 788 
1 803 
1 794 
1 792 
1 815 
1 792 
1 824 
1 828 
1 813 
1 799 
1 803 
1 815 
1 829 
1 804 
1 827 
1 814 
1 839 
1 824 
1 839 
1 821 
1 842 
1 841 
1 817 
1 811 
1 848 
1 810 
1 826 
1 813 
1 823 
1 839 
1 814 
1 853 
1 846 
1 857 
1 860 
1 842 
1 863 
1 833 
1 821 
1 862 
1 843 
1 857 
1 833 
1 829 
1 866 
1 867 
1 831 
1 836 
1 843 
1 861 
1 861 
1 874 
1 852 
1 842 
1 877 
1 867 
1 846 
1 846 
1 875 
1 877 
1 883 
1 861 
1 886 
1 858 
1 847 
1 877 
1 850 
1 871 
1 886 
1 857 
1 861 
1 869 
1 868 
1 872 
1 902 
1 903 
1 901 
1 864 
1 886 
1 872 
1 878 
1 908 
1 885 
1 881 
1 903 
1 878 
1 909 
1 878 
1 884 
1 875 
1 899 
1 902 
1 912 
1 921 
1 915 
1 885 
1 883 
1 898 
1 925 
1 894 
1 912 
1 894 
1 913 
1 913 
1 926 
1 893 
1 932 
1 921 
1 892 
1 932 
1 923 
1 916 
1 917 
1 936 
1 909 
1 901 
1 916 
1 929 
1 908 
1 917 
1 934 
1 907 
1 940 
1 949 
1 952 
1 947 
1 939 
1 923 
1 940 
1 948 
1 941 
1 949 
1 925 
1 920 
1 961 
1 933 
1 963 
1 951 
1 957 
1 930 
1 945 
1 954 
1 941 
1 955 
1 928 
1 956 
1 943 
1 935 
1 943 
1 972 
1 973 
1 963 
1 959 
1 953 
1 960 
1 951 
1 966 
1 966 
1 946 
1 984 
1 966 
1 949 
1 955 
1 970 
1 949 
1 954 
1 954 
1 966 
1 973 
1 993 
1 998 
1 962 
1 998 
1 981 
1 987 
1 975 
1 960 
1 992 
1 999 
1 968 
1 965 
1 987 
1 996 
1 974 
1 971 
1 973 
1 974 
1 984 
1 980 
1 995 
1 980 
1 982 
1 988 
1 980 
1 979 
1 995 
1 981 
1 997 
1 987 
1 988 
1 986 
1 996 
1 985 
1 989 
1 988 
1 994 
1 997 
1 995 
1 995 
1 998 
1 998 
1 996 
1 997 
1 996 
1 998 
1 998 
1 999 
