1000
1 971 
4 952 937 681 964 
4 44 486 630 971 
5 746 706 370 630 0 
3 775 315 990 
2 526 0 
3 344 381 969 
3 109 115 967 
11 870 188 954 144 869 59 24 943 716 326 998 
1 969 
1 991 
1 988 
1 973 
2 757 981 
4 293 973 826 988 
1 989 
4 840 563 935 8 
2 343 994 
5 713 774 453 936 978 
2 821 16 
2 677 998 
1 19 
2 259 985 
3 230 358 988 
3 516 570 987 
6 423 898 213 338 907 999 
4 414 614 665 23 
4 950 635 600 1 
7 527 358 541 250 93 443 14 
2 796 999 
1 13 
1 992 
3 798 824 19 
1 21 
7 125 873 371 138 593 412 7 
5 524 45 982 599 12 
3 666 866 25 
2 117 11 
1 2 
4 379 789 43 31 
1 12 
1 22 
1 9 
9 729 875 307 237 354 805 437 224 28 
1 29 
1 44 
2 838 10 
3 884 955 37 
2 315 43 
3 230 897 44 
1 13 
1 32 
1 22 
1 18 
2 726 33 
7 876 781 714 822 571 916 25 
3 430 228 52 
2 297 56 
1 47 
2 595 24 
1 42 
1 55 
2 332 32 
6 609 399 822 170 682 32 
6 100 868 412 909 126 41 
2 74 57 
1 33 
3 593 120 44 
7 86 376 788 97 663 84 61 
2 999 44 
6 259 668 280 864 245 66 
1 62 
6 303 156 482 377 489 60 
3 167 221 62 
2 523 61 
3 627 85 48 
8 785 867 500 825 504 912 797 60 
5 597 648 911 868 42 
1 56 
1 66 
1 59 
6 316 343 325 773 13 48 
2 858 61 
6 731 658 601 291 747 66 
2 6 74 
2 141 73 
7 168 431 626 220 607 209 86 
3 616 989 68 
3 672 507 60 
1 77 
3 535 959 78 
2 588 62 
4 182 354 871 90 
1 56 
2 465 64 
1 81 
3 910 951 84 
1 72 
1 94 
1 66 
1 80 
5 797 43 234 167 100 
2 699 86 
3 702 979 81 
1 96 
4 326 142 855 72 
1 104 
9 323 476 24 762 296 432 738 956 104 
4 436 808 929 78 
3 729 445 95 
8 777 930 662 153 208 431 156 82 
2 154 77 
1 74 
2 705 112 
1 106 
3 953 659 96 
6 785 47 292 638 737 79 
2 472 96 
1 85 
1 99 
2 77 102 
4 755 144 538 96 
1 104 
15 224 187 708 847 379 14 444 819 960 507 659 882 416 616 85 
3 673 710 109 
2 829 122 
2 905 109 
1 90 
1 117 
2 139 123 
2 301 129 
1 130 
4 38 477 746 105 
4 506 825 548 117 
5 419 955 724 999 128 
2 653 106 
1 134 
8 40 733 655 743 626 320 499 137 
1 127 
1 119 
2 276 105 
3 527 53 112 
2 536 103 
1 130 
9 389 401 521 984 212 913 51 8 118 
9 660 269 94 19 416 352 863 995 137 
1 141 
2 394 142 
1 116 
1 118 
5 698 166 792 457 127 
3 886 226 117 
3 282 101 136 
11 539 738 845 541 2 940 247 855 71 192 144 
5 156 646 161 819 122 
2 883 148 
3 21 775 153 
2 743 149 
6 539 16 114 521 348 140 
2 421 121 
5 769 736 200 772 136 
1 123 
3 198 362 154 
4 763 314 973 146 
3 258 721 131 
1 133 
1 155 
3 503 232 161 
4 804 617 395 140 
2 615 168 
1 155 
11 282 88 62 45 397 729 58 48 9 783 141 
2 804 150 
1 151 
1 140 
1 162 
1 140 
2 582 167 
5 569 445 312 604 159 
3 235 348 157 
2 403 174 
1 152 
2 538 176 
2 563 165 
3 984 269 178 
3 872 220 151 
3 506 211 166 
1 182 
1 156 
2 237 182 
1 163 
1 159 
2 783 161 
3 273 960 190 
7 926 585 530 492 149 116 189 
3 916 475 157 
4 206 420 856 164 
2 207 159 
1 178 
2 708 182 
1 198 
4 569 442 426 164 
3 310 573 202 
7 211 678 432 977 60 770 182 
3 138 474 195 
3 629 806 186 
4 844 567 877 197 
1 169 
3 615 606 178 
4 770 920 19 180 
1 187 
9 533 999 669 5 57 39 987 357 195 
2 792 180 
3 987 81 180 
6 985 916 155 362 739 214 
2 718 214 
6 384 533 24 658 26 216 
1 213 
1 216 
2 703 215 
6 23 530 451 329 705 214 
8 758 558 84 280 790 945 674 214 
4 958 152 132 212 
3 137 798 218 
4 525 556 894 213 
4 852 978 791 198 
1 216 
1 197 
13 804 715 757 646 328 966 901 651 759 630 657 867 203 
4 788 304 437 206 
2 788 192 
1 225 
1 203 
1 201 
4 432 445 118 233 
3 960 613 203 
1 201 
5 121 465 624 423 216 
4 729 132 595 209 
3 562 999 206 
2 643 208 
2 70 209 
4 750 813 585 208 
5 944 499 197 173 216 
3 627 687 233 
1 206 
5 352 298 380 550 208 
5 372 132 688 896 243 
3 552 842 232 
1 242 
6 979 496 985 336 562 247 
1 245 
2 861 242 
2 841 239 
5 876 414 500 665 222 
1 251 
1 232 
4 906 297 584 217 
2 919 250 
2 345 256 
3 502 27 254 
2 566 233 
2 969 227 
2 477 262 
6 214 74 1 994 161 258 
2 157 253 
2 130 226 
1 244 
1 244 
4 882 732 5 260 
1 256 
1 249 
2 28 259 
3 994 813 270 
5 797 771 791 197 256 
12 654 605 317 354 743 598 564 903 759 340 853 240 
1 269 
2 606 243 
1 261 
2 282 247 
2 952 263 
4 219 589 10 280 
2 675 258 
1 255 
5 785 659 446 133 261 
5 301 445 617 545 261 
1 285 
2 686 266 
2 360 276 
2 307 254 
1 284 
1 285 
2 889 270 
2 18 260 
2 857 258 
1 270 
5 10 823 490 739 281 
7 510 1 486 54 369 676 281 
1 296 
7 634 703 217 85 744 148 282 
3 639 882 276 
5 394 927 448 64 295 
5 666 51 832 136 285 
3 520 899 281 
2 100 295 
3 330 928 287 
6 772 722 841 124 165 301 
2 560 296 
4 758 68 258 274 
4 147 808 504 295 
1 305 
7 507 7 909 163 160 183 284 
3 81 680 278 
2 954 298 
4 265 860 402 283 
1 286 
2 776 302 
1 277 
8 960 539 762 29 323 534 485 300 
1 314 
2 544 283 
1 315 
1 286 
12 519 662 4 361 621 137 598 575 433 601 944 287 
3 86 236 289 
2 906 302 
1 314 
2 242 317 
1 314 
2 588 305 
7 812 519 57 195 481 651 321 
1 318 
3 224 136 308 
4 451 774 917 303 
2 219 309 
8 34 24 146 883 744 254 925 327 
2 630 306 
1 307 
5 810 453 808 610 333 
1 305 
1 317 
4 216 890 38 317 
5 165 453 771 872 319 
5 502 193 476 971 340 
1 334 
1 336 
3 593 871 307 
1 318 
2 179 330 
4 134 727 228 334 
5 69 160 382 773 324 
3 406 583 321 
6 820 867 163 367 97 317 
4 720 128 839 337 
1 336 
2 125 333 
1 347 
7 841 710 365 623 145 878 327 
2 792 322 
1 325 
3 317 367 340 
1 322 
16 366 795 869 640 407 412 864 508 996 256 276 575 517 97 716 347 
4 635 476 567 348 
3 87 961 343 
5 971 711 974 30 343 
1 347 
1 367 
2 698 332 
1 331 
9 651 804 280 847 549 495 671 225 338 
1 355 
3 810 716 339 
1 356 
1 360 
1 357 
1 345 
4 122 253 125 352 
2 626 376 
7 690 137 253 793 922 728 340 
1 351 
2 497 375 
2 763 372 
2 990 344 
2 239 344 
2 900 359 
3 669 97 357 
1 384 
8 259 921 617 440 405 598 308 386 
3 631 915 386 
8 615 96 123 829 303 486 546 364 
1 371 
1 369 
1 377 
3 313 888 384 
2 677 359 
1 370 
1 388 
3 761 618 375 
3 992 495 392 
2 463 399 
1 388 
2 202 378 
2 486 376 
1 368 
5 196 876 697 273 374 
3 42 652 404 
1 391 
1 385 
4 11 997 40 383 
1 390 
4 326 999 240 379 
1 404 
4 182 717 529 377 
5 548 345 292 540 379 
2 931 393 
5 588 442 263 692 393 
1 413 
1 402 
1 391 
1 396 
1 403 
1 395 
1 395 
6 177 50 994 507 750 410 
1 405 
6 942 485 661 900 180 412 
2 305 403 
10 324 208 225 727 869 824 974 899 294 424 
2 273 397 
2 647 418 
1 423 
1 393 
4 28 133 485 394 
5 98 188 917 593 396 
1 434 
2 684 415 
4 566 892 191 407 
5 58 770 823 605 434 
7 537 865 161 732 634 692 421 
2 704 425 
2 605 434 
3 555 183 415 
4 960 250 8 439 
1 426 
2 495 439 
2 28 435 
1 415 
1 436 
3 224 605 438 
1 430 
13 163 667 408 704 30 569 621 579 312 149 504 84 434 
1 436 
1 431 
2 140 445 
1 416 
2 647 416 
5 24 475 652 591 440 
1 435 
4 90 806 473 435 
5 584 545 477 775 425 
2 105 460 
2 691 458 
5 37 163 256 758 424 
4 157 32 314 437 
2 513 458 
1 465 
1 457 
6 159 636 166 626 973 442 
1 449 
9 650 891 738 593 242 196 789 354 445 
1 467 
7 934 582 972 921 198 220 450 
2 499 459 
2 551 471 
1 445 
6 59 619 135 402 623 442 
2 790 437 
1 459 
3 34 497 458 
2 974 446 
4 689 619 738 450 
2 312 447 
1 455 
3 732 740 461 
2 359 464 
1 457 
1 481 
2 85 453 
2 346 461 
6 834 448 935 905 96 450 
1 484 
1 453 
1 493 
2 800 456 
1 483 
1 485 
5 279 355 256 990 463 
1 490 
1 474 
4 554 969 671 495 
3 594 418 465 
2 395 476 
7 706 88 179 711 385 728 484 
1 476 
7 895 294 909 939 80 766 474 
2 118 477 
4 265 829 369 470 
4 445 972 31 506 
3 834 177 479 
2 459 489 
1 502 
1 512 
5 438 227 529 632 479 
1 482 
6 653 295 175 630 380 493 
1 485 
1 515 
3 802 12 509 
9 973 175 624 850 755 856 963 946 483 
4 653 289 267 497 
2 988 499 
1 493 
10 265 730 641 372 797 607 407 946 760 485 
3 840 830 508 
1 523 
1 517 
1 521 
1 497 
1 524 
2 877 522 
6 997 386 483 885 56 527 
6 468 156 649 222 800 517 
7 994 658 848 680 461 827 532 
1 534 
3 23 793 500 
3 43 133 517 
1 528 
11 257 791 63 27 355 816 594 104 820 937 515 
7 20 340 13 932 57 201 507 
3 734 85 501 
2 28 529 
1 520 
8 27 914 937 706 167 339 973 515 
3 965 21 543 
1 506 
2 28 506 
3 653 409 536 
8 170 619 708 442 65 820 479 533 
13 351 902 414 865 253 943 275 347 587 415 212 789 537 
3 379 158 515 
4 284 629 633 532 
2 658 519 
2 599 523 
1 530 
2 391 555 
3 850 269 516 
4 27 735 357 547 
6 287 48 923 432 780 520 
3 591 941 541 
1 556 
7 204 645 510 14 184 594 531 
1 525 
4 824 991 928 531 
3 942 796 557 
2 291 529 
3 211 34 536 
1 549 
2 635 568 
1 534 
4 466 138 478 532 
4 529 320 925 563 
2 718 547 
9 387 448 616 627 52 169 584 177 550 
4 419 461 983 552 
1 552 
1 563 
1 557 
2 495 556 
2 499 561 
8 961 280 31 15 508 841 770 575 
8 68 51 369 838 845 873 411 566 
5 356 299 822 164 566 
1 546 
1 572 
2 193 578 
10 456 969 763 342 357 626 115 690 245 585 
3 974 594 549 
1 563 
6 978 292 485 265 713 549 
5 675 832 728 692 550 
1 574 
1 564 
1 562 
3 742 837 580 
3 771 98 592 
10 329 61 64 70 934 71 790 645 488 584 
3 20 931 572 
3 887 645 590 
1 573 
3 269 836 586 
10 887 768 131 862 251 317 262 754 13 569 
1 577 
5 766 902 856 70 584 
2 657 590 
4 677 649 276 586 
2 889 582 
2 681 590 
1 605 
4 378 968 950 596 
2 193 572 
1 605 
1 601 
2 197 610 
4 990 767 626 609 
3 830 167 609 
4 486 260 179 587 
5 853 773 357 49 591 
2 565 617 
5 737 455 46 922 602 
5 171 338 252 148 605 
1 597 
2 971 607 
2 804 586 
7 232 720 220 5 357 328 584 
5 815 700 737 889 593 
1 624 
2 178 597 
2 287 621 
2 929 589 
3 335 718 603 
3 460 481 604 
5 126 776 32 993 614 
2 105 611 
1 614 
2 594 597 
6 188 583 903 574 800 604 
2 393 610 
1 603 
4 556 363 579 623 
4 92 240 671 612 
1 615 
2 393 629 
2 550 606 
1 608 
2 392 642 
1 619 
2 910 615 
3 940 160 625 
1 632 
9 588 672 69 959 997 315 119 853 629 
3 419 188 621 
1 612 
1 640 
2 744 649 
1 655 
3 966 935 636 
1 636 
11 508 930 857 91 160 786 145 493 99 589 649 
17 897 703 129 838 595 935 123 503 115 460 549 718 429 900 800 811 640 
4 520 828 853 643 
4 693 73 429 627 
5 611 160 898 372 658 
5 452 84 51 884 627 
16 411 414 515 362 189 701 221 703 920 536 317 948 207 430 784 648 
4 393 841 16 656 
2 977 632 
2 729 662 
1 658 
1 657 
2 420 630 
9 543 360 860 868 717 399 727 116 648 
1 650 
1 655 
10 573 995 562 839 69 631 428 506 814 635 
3 72 954 636 
1 653 
1 651 
6 10 581 194 982 743 668 
3 143 781 652 
5 164 595 753 384 666 
6 331 375 588 761 730 650 
3 315 346 649 
7 583 322 376 318 113 591 676 
2 576 652 
1 651 
6 642 955 484 697 456 663 
4 390 354 260 664 
4 777 709 951 649 
1 671 
4 123 860 882 690 
1 666 
1 687 
2 608 688 
5 397 989 79 591 655 
6 193 331 946 578 138 671 
3 813 303 664 
4 208 532 818 672 
1 669 
2 925 685 
1 686 
3 127 16 691 
2 90 677 
1 697 
5 422 264 580 959 688 
3 26 454 683 
1 698 
3 913 157 684 
3 859 723 676 
4 351 526 781 704 
3 431 455 674 
1 680 
2 828 684 
2 566 681 
4 344 966 196 680 
1 712 
2 483 696 
2 442 713 
7 927 545 245 378 780 588 702 
2 16 703 
3 910 875 690 
2 315 714 
2 888 719 
2 151 710 
1 705 
3 154 773 709 
2 343 686 
1 721 
5 970 353 631 490 701 
4 226 94 36 726 
1 718 
1 729 
2 882 721 
2 753 720 
2 532 700 
4 166 351 554 709 
10 560 496 993 882 742 371 556 429 279 709 
3 458 191 732 
4 987 769 1 720 
4 4 498 155 724 
2 744 709 
1 717 
1 738 
2 576 735 
3 495 511 735 
2 57 731 
1 725 
2 116 737 
1 716 
1 740 
2 862 736 
4 617 75 53 719 
9 157 902 461 354 939 19 0 486 715 
2 896 742 
1 746 
1 745 
4 710 667 867 730 
1 736 
4 472 84 304 729 
3 154 902 723 
1 754 
4 932 220 882 743 
1 738 
1 758 
2 768 754 
2 423 743 
1 761 
2 659 747 
1 748 
1 742 
1 739 
1 735 
2 510 733 
2 842 756 
1 735 
6 429 491 929 960 622 761 
3 192 480 736 
1 771 
3 316 667 771 
2 354 742 
2 58 752 
1 752 
2 93 776 
14 740 895 963 236 329 269 552 53 175 680 257 587 400 768 
4 442 616 837 771 
9 314 826 475 105 642 186 131 548 779 
1 754 
4 295 238 489 779 
3 410 664 765 
6 100 810 343 715 672 750 
1 762 
4 882 325 749 788 
4 994 329 409 780 
8 645 839 678 221 949 902 12 775 
1 754 
1 788 
2 148 759 
1 791 
1 777 
2 620 759 
8 76 538 555 144 960 184 644 770 
11 78 703 30 228 61 855 655 970 248 334 761 
3 348 310 791 
2 44 798 
1 803 
3 201 531 781 
2 433 801 
4 874 96 584 777 
5 70 762 393 709 807 
1 782 
5 698 133 916 12 789 
6 760 114 78 581 812 811 
2 955 781 
1 775 
2 755 808 
1 799 
3 371 818 809 
5 690 692 855 153 801 
1 809 
1 781 
10 930 245 929 960 692 660 123 331 992 785 
2 259 783 
5 441 6 864 455 785 
4 459 421 47 792 
8 826 964 438 425 453 449 384 803 
2 149 787 
2 955 818 
1 796 
4 272 329 911 810 
5 706 955 204 372 814 
1 813 
4 119 1 175 808 
5 779 414 785 449 819 
2 158 810 
1 818 
10 132 204 713 585 712 347 178 146 90 822 
2 13 833 
3 962 152 809 
4 328 944 683 813 
1 816 
1 804 
5 123 891 341 586 837 
2 694 802 
1 811 
1 804 
1 837 
7 385 724 590 48 615 899 810 
1 822 
1 808 
10 868 509 722 86 397 531 23 485 358 836 
3 149 381 810 
3 293 674 839 
1 834 
2 912 851 
1 848 
1 831 
1 821 
4 874 802 529 843 
2 235 853 
3 466 786 822 
3 448 296 844 
1 839 
2 480 825 
1 852 
3 211 611 851 
5 769 524 753 746 862 
2 917 844 
4 64 359 290 852 
4 176 435 143 844 
2 995 846 
2 400 832 
1 865 
2 49 839 
1 859 
1 855 
1 861 
5 276 264 561 513 866 
9 360 437 179 931 477 0 741 617 856 
5 357 759 253 830 877 
1 870 
6 944 449 955 569 391 850 
3 316 606 865 
1 850 
3 492 550 874 
1 847 
3 238 337 848 
2 418 868 
3 389 307 867 
1 874 
8 540 642 318 557 735 179 672 865 
3 200 379 854 
2 965 856 
3 241 37 854 
3 284 905 873 
5 580 211 437 395 856 
2 786 873 
1 877 
4 643 966 242 868 
2 945 859 
1 891 
3 294 227 861 
1 901 
1 890 
5 977 129 2 628 895 
3 717 768 896 
1 884 
3 788 119 878 
1 907 
6 993 292 934 100 591 880 
3 158 731 869 
2 788 907 
2 505 908 
1 901 
1 886 
1 895 
1 882 
1 910 
7 485 225 510 467 784 232 890 
6 22 322 413 795 875 893 
1 894 
1 917 
2 857 918 
3 606 832 896 
1 894 
6 961 330 639 641 369 893 
3 195 5 897 
2 256 901 
8 552 555 882 459 378 257 468 899 
8 406 153 172 401 824 346 427 926 
2 706 905 
6 960 314 419 778 564 912 
4 947 691 169 923 
4 993 804 557 920 
1 893 
8 89 675 507 401 19 724 720 895 
1 919 
2 483 919 
4 613 441 835 897 
2 100 937 
5 147 140 820 661 905 
1 933 
1 904 
2 298 907 
1 925 
1 905 
5 207 193 445 842 919 
1 915 
1 926 
2 516 930 
1 922 
4 311 445 383 930 
2 714 915 
5 442 998 515 129 948 
1 935 
2 473 947 
6 472 889 617 226 830 953 
1 926 
1 937 
2 534 926 
3 675 384 925 
2 785 929 
2 17 946 
2 339 957 
2 75 940 
3 828 687 926 
3 514 320 950 
1 931 
1 944 
2 918 965 
1 964 
2 781 957 
1 937 
5 220 646 572 151 938 
13 359 380 239 192 214 866 274 358 111 24 551 201 935 
1 951 
8 824 373 369 992 638 599 507 968 
5 201 354 363 797 952 
1 937 
4 7 681 509 974 
1 973 
1 973 
12 357 516 239 552 674 40 364 241 210 147 291 967 
1 947 
5 191 494 737 458 947 
1 978 
3 394 808 947 
1 977 
2 434 983 
2 797 952 
1 969 
4 428 60 300 978 
1 983 
5 160 578 929 119 990 
1 961 
2 142 968 
1 994 
1 977 
2 743 971 
9 189 433 683 49 102 131 717 516 992 
8 370 741 117 282 203 934 31 960 
