239
1 460267802
1 721674253
2 908191344
2 237437557
1 609206259
2 349991733
2 398009075
2 161637791
2 481516104
2 943829427
1 546044749
1 573560258
2 157448379
1 920320346
2 445578173
2 297172587
1 492515502
1 489941938
2 262570396
2 751215110
1 847637133
1 580570449
1 576220187
2 571290807
2 525794337
1 743779623
1 252133857
1 726422822
1 383388411
2 860794885
2 245902583
2 137761636
2 11081992
1 725753857
2 98692582
1 432309229
1 552635263
1 142831173
2 392067006
2 189438759
1 549545569
2 764199330
2 646341770
1 388732037
1 730599332
2 235076869
1 522276954
1 955534780
1 933144552
2 137451952
1 984110993
2 293615258
1 797152453
1 477731249
1 185826363
2 859999592
1 222619131
1 563061188
1 218871682
2 745617583
2 149047270
1 532720581
1 444301554
1 192405497
1 314888793
1 766532019
2 733365812
2 76685701
2 374682351
2 988048098
2 482768294
2 451709935
2 387843723
1 946196239
2 549033427
2 311593094
1 964372831
2 117520521
2 318937988
1 384617832
1 991964449
2 522024145
2 993514773
1 280178336
1 979155971
1 991239943
1 174422135
1 162480627
2 727848189
1 344761771
1 993462586
2 884189904
1 73622500
2 736136798
1 222122515
2 49802414
1 993888968
2 964678725
1 168573840
2 765507205
1 519911244
1 160013481
2 988782976
1 491915880
2 36324697
2 928462653
1 661182307
1 353500771
1 385222823
1 961294253
1 419155573
1 929287985
1 418551360
1 345177463
2 314699203
1 948558690
1 646206264
1 441189492
1 420561534
2 110433786
1 923270706
1 291833620
2 803590941
1 617904581
2 901822047
2 910676190
2 104142840
2 894686519
2 91037780
1 383803843
1 685099232
1 611946606
2 105206901
1 443292746
2 79508138
1 48133878
1 653861782
2 79346853
2 147325684
2 805161617
2 64909635
1 939687607
2 199937488
2 552635263
1 288384287
1 69251292
1 26582571
1 361603202
1 825109884
1 588091903
1 885464741
2 242699705
2 117219238
2 649221902
2 129092793
1 71678222
1 931477437
2 242849467
1 182108457
1 336423072
1 450078068
1 369844987
2 258846980
1 179634234
2 749429735
1 658251305
2 73489395
1 648336667
1 57687555
2 145248185
1 673431656
1 182251634
1 453163709
2 673063468
1 665019480
2 226952016
2 952331565
2 664994385
1 434941410
1 1356690
2 294239690
2 138265322
2 315178483
2 162704593
1 263195413
1 624157436
2 315238207
2 767398995
1 113738217
2 716030855
1 680289731
2 727063021
1 899380819
2 416361178
1 887845169
1 296674145
1 92218976
1 909009934
1 260299261
1 106341242
2 318374101
1 449299582
1 235614776
1 866253733
1 240688613
1 131844578
2 954081035
1 39420543
2 44725876
1 76029707
1 918631111
2 981951628
1 315238207
1 134229914
2 242141700
2 366166983
2 162011916
1 341679433
2 733534727
1 116807609
2 73899895
2 360776940
1 706613059
2 974906311
1 592203926
1 265501930
1 251160107
2 493587900
2 875589003
2 941983465
2 589816621
1 877862405
1 689992015
1 231661641
2 483268132
1 453387448
1 713068945
1 855069636
1 719665365
