303
2 673432609
2 933808098
1 497386382
1 287576319
2 272171915
1 686900987
2 320911690
1 605166262
2 979643583
1 572190432
2 769947749
1 368977783
1 465129208
2 537417177
2 839701623
2 704758614
1 648698071
1 810443080
1 406645960
1 875227725
1 851008471
2 742203076
1 383249747
2 170954053
2 626902701
1 823532219
1 513895727
1 423431607
2 920352256
2 125576985
1 506749222
1 427857728
2 428218920
2 614617880
2 560433981
2 325590159
2 815862213
1 482004039
2 862206012
1 381675124
2 145170998
2 566065082
1 151327362
1 752781553
2 801949315
1 706168339
1 501663067
1 485530100
2 566955882
1 632289807
1 442710215
1 691489306
2 16819183
2 315332497
2 145630379
1 488688467
1 484634977
1 417416922
2 997755865
2 401175275
2 503630590
1 697035048
2 668254778
1 384336338
2 953805439
2 207138196
2 783738502
1 538929283
2 188057438
2 543159822
1 687935199
1 564885079
2 837240564
1 663345477
1 608643757
2 339607227
2 562394109
1 571877685
2 730699529
1 816906390
1 832631817
1 341323689
1 650719916
1 853969625
1 622960386
1 467061844
2 61877760
2 735933186
2 439457340
2 455691936
1 931825490
1 606721610
1 623854001
2 704886940
2 927222499
1 470484022
2 80699329
1 497350517
2 10616042
2 125009784
2 74964960
1 732321587
1 668990884
1 858788662
2 875619787
2 500655857
2 463439128
1 984983629
2 287612957
1 871591610
2 260460004
2 292649185
1 465735275
1 650328318
2 298767270
1 668209370
2 29824551
1 851077916
2 308973581
2 283664651
1 788238202
2 260321559
1 655490672
1 70859273
1 732354796
1 392609625
1 510040560
1 225704731
2 387773661
1 112008974
1 802231388
1 806161527
1 54513830
2 912033585
1 60269351
2 431729821
1 789676405
1 591585819
2 653018253
1 726826695
1 810157082
1 942234680
1 843408594
2 268645362
2 550349611
1 479733252
1 60542018
1 257475023
2 483631237
1 639465080
2 80391586
1 273169326
1 529591905
2 313885566
1 65754343
1 185210256
2 982801210
2 242804753
1 768760850
1 698384734
1 31526281
2 702379520
2 705966944
1 669442409
2 380891349
2 355960138
2 970408282
2 158616430
2 472709199
1 201290710
2 755813971
1 989866442
2 102787438
2 302314702
2 38813631
1 56232311
2 59877466
1 661410404
1 167183121
2 928195093
2 543826837
1 200605144
2 510040560
2 976235920
2 317932128
2 867614864
2 471571437
1 279573881
1 597062051
1 167873103
1 264738943
1 582033169
1 766782552
1 12645807
2 424364033
2 890245746
1 583841211
1 320408828
1 733537333
1 583969314
1 243476722
2 661910444
1 156120848
2 427731770
2 964680810
2 619221709
1 355605486
2 26360515
1 632706556
2 461417249
2 941206602
1 594423723
2 179906176
2 427105179
1 294356265
2 586602410
2 265199680
2 334971669
2 161110086
2 393152828
2 983042340
1 345961860
1 344975665
1 119852514
2 380639014
2 664276093
2 967338093
1 300051747
1 359418718
1 87934689
1 286269173
2 413232536
1 292211068
1 126577657
1 333398691
1 648684950
1 92186622
1 581533815
1 990966879
2 682807487
1 354011480
2 334959382
2 611124012
2 532786505
2 934515683
1 648688725
2 457523634
1 243152281
2 349356542
2 763959161
1 920902566
1 921650429
2 261228974
1 43616600
1 177594877
1 513395181
2 634715267
1 43725137
1 110196260
2 661664519
2 153716425
1 243564159
1 118083542
1 205365380
1 324270007
2 215317868
2 812132705
2 299196177
2 648289358
2 172796747
1 683640488
1 904633000
2 724538315
1 358329279
2 456477934
1 784646890
1 252483122
2 505476566
1 359786591
2 629228465
1 207778660
2 132417108
2 175304526
1 354478339
1 366495903
1 334305260
2 943925332
1 983924683
1 597419481
2 401370562
2 339847635
2 500587398
1 923571854
2 388748699
2 679996332
1 786219052
1 340243580
1 316896497
1 603936778
2 212651561
2 650012780
1 142612661
1 80391586
