809
2 567264893
2 805293335
1 484797317
1 223868715
1 112470417
1 169227488
2 382570759
1 367445992
1 421952274
1 67731061
1 394059961
2 995773728
1 35651250
1 12688256
2 931879
2 584708837
2 761516951
1 18286548
2 421104018
1 19299506
1 20346337
2 469626437
2 66466685
1 18979699
2 22896909
1 134776301
2 862968863
2 587392222
1 751459590
2 513120781
1 154454287
1 878337949
1 88986034
1 54054704
1 47834396
1 6528987
1 74962405
1 222531
2 186592958
1 297746044
2 343432879
1 382460390
2 108222328
2 55313455
1 14158560
2 287710227
1 614408631
1 540832499
1 829316532
1 40079769
1 98161664
1 72669818
2 454111568
2 544370999
1 14302262
1 388394247
2 163101406
2 600309360
1 50724845
2 672415986
1 91755706
1 267350583
1 379660749
1 48228425
2 424825472
2 445320080
1 190431310
1 139656890
2 915807157
1 371549449
2 13759151
2 875488308
2 286397619
2 975312984
2 657425186
1 182673779
2 435722625
2 763513843
2 642650666
2 722553324
2 873107308
1 283807779
1 287026159
2 976387901
2 362999961
1 794575458
1 163719742
1 47693662
1 661969953
2 622415669
2 523459058
1 641229321
1 144977780
1 814567449
1 285173894
1 159186492
2 858930889
1 140143525
1 379871609
1 212436420
1 697611685
1 80016323
1 120043439
1 60761460
1 73095416
2 612648631
1 127289299
1 73605748
1 804755551
1 115902806
2 405732885
1 621006881
1 445084369
2 514720104
1 286033691
2 61799146
1 651391357
2 276676943
2 330421495
1 572957065
1 405979849
2 880212794
1 245618755
2 821346531
1 391813959
2 261244848
1 848624245
1 91306929
2 725096887
2 505070884
1 78488765
1 375612055
1 468113720
2 6233551
1 59842968
1 78853544
2 147148426
1 62906413
2 247996542
2 552532367
1 383773132
1 200284221
2 655817764
1 685111195
1 117734020
1 232966064
2 152813515
1 62513178
1 474340756
2 562655010
1 147210535
1 940477082
1 272323918
1 233418259
1 87369215
1 410021679
1 388071350
2 75212066
1 630120915
1 166443326
2 445291975
2 864911849
2 850797910
1 268331038
2 805550051
2 256652571
2 919245965
1 91617085
1 807067185
1 225237695
2 72092271
1 165040891
1 134140991
1 388780289
2 803056059
2 182172769
1 71177126
2 906445300
2 125499355
2 750628606
1 132005211
1 592712019
1 715405637
2 105669585
2 100920667
2 247111903
2 87569807
1 857343385
2 781689509
2 210698107
2 199603654
1 472057934
2 587093622
1 209245741
1 88176376
2 981713097
2 522925528
1 121273945
2 273628450
2 921495093
1 220636434
1 710030028
1 861320065
1 507926708
2 364335462
2 963561299
1 771261281
1 97410875
2 658253704
2 650348794
2 406018586
1 135845310
1 3679795
1 162155206
2 204904777
1 214101766
1 382165303
1 701507659
2 287868500
2 114757769
2 712380388
2 894780801
1 328800581
1 210476131
2 170908079
2 918300906
1 71324750
2 33195655
2 37452418
1 139019709
2 395197485
2 265538229
1 180855959
1 7956037
2 506886145
2 325861847
2 280614554
1 779857514
2 691588503
2 1209558
1 688235652
2 734078694
1 902509912
2 408104308
2 920236192
2 316681900
2 660227810
1 241556550
1 102283729
1 784474723
1 231030221
1 119923091
1 221869916
2 650585238
1 788562723
1 202804559
1 853559715
2 918883609
2 296242547
1 195663205
1 923320181
1 169022106
1 8636779
1 657423152
2 599795604
1 494692033
1 82430635
1 172948794
1 849085502
1 186095473
2 405511335
1 660261739
1 856677727
2 25513894
2 484015793
1 701631885
2 660860121
2 891064113
2 323552804
1 460313970
2 180615860
1 559657030
2 129111450
1 661423069
1 308899109
2 602463055
1 806044136
2 310107145
2 331152132
2 315968707
2 418522034
1 134251426
1 800737015
1 735037476
1 199342177
2 368728459
1 714816010
1 397341050
1 476728846
2 642776271
1 114208267
2 914061361
1 602678231
1 64335914
2 825597246
2 986634186
2 321826235
1 178819096
2 976354010
2 341961006
2 230122644
1 436845620
2 4216114
2 321686864
2 502721180
2 548375877
2 433210518
1 293479496
2 937677557
1 619277028
2 613728471
1 186154922
1 803056059
1 98892055
1 465476938
1 849904336
2 394170001
2 911626935
2 291047947
1 889797709
2 820093882
2 655734712
1 919200397
2 115875537
1 855954961
2 980966667
2 536705021
2 715712075
1 223422747
2 491631326
1 767911312
1 742179209
1 689387204
1 856769385
2 7667769
2 704012800
1 474976324
1 892408133
1 769210821
1 782633636
2 346932356
1 857924538
2 261134997
2 484675122
2 48430737
1 615552705
2 794693338
2 921471764
1 891009807
1 303316006
2 372848675
1 919912761
1 273086863
1 758692013
2 449013240
2 893816082
1 500117388
1 921116320
2 668293549
1 100076211
1 522466536
1 919619864
1 186144112
2 883682887
1 272070987
1 839020909
1 644135152
2 133607097
1 633790859
1 461092565
1 394947718
2 104097350
2 273305873
1 502995766
1 643968416
2 11272485
2 117844488
1 441018049
1 809737248
1 694527366
1 722805852
1 432868227
2 779152889
2 524322413
1 737780154
2 907310919
2 885496168
2 700087533
1 407091156
1 775767273
1 818743374
2 725176881
1 125844331
2 303164561
1 60170906
1 688423615
1 395663280
2 250358072
2 879384714
1 908025504
2 218993436
2 440666386
2 297680139
1 311382226
1 439266569
1 827314501
2 867648729
2 321753435
2 916234456
2 64419103
2 657324536
1 932151398
2 367933260
2 847173014
1 220116524
1 497395257
1 638641285
1 672538686
2 954315226
2 175898100
1 425701977
2 258831584
1 108176498
2 19049020
1 486558007
1 645380601
1 822032330
1 188467438
1 842264003
1 183454701
1 500506829
2 824392624
2 9783580
2 6935069
2 615243052
1 467410342
1 778890359
2 789813855
1 94619325
2 388173855
1 310263066
1 643974810
2 989375847
1 221507194
1 967766730
1 310345987
1 714757408
2 184672842
2 574152686
1 674340884
1 499783828
1 651637864
1 184847071
1 885422931
2 467410342
1 304102109
2 99148237
2 988399864
1 594236258
2 36694440
1 682098132
1 287776277
1 298527282
2 172949371
1 619824025
1 834859656
2 68670212
1 280262719
2 328525800
1 392309406
1 828211449
2 715579828
1 103387776
1 354209877
1 608080529
2 406444423
2 362596897
1 182430569
1 887297054
2 60682094
2 781010818
2 321649037
2 258965646
2 372874486
2 249530606
1 255735608
2 54624984
1 714900687
2 499680869
2 7454192
1 835170095
2 918190763
1 504636712
1 630495944
2 560215245
2 52422262
1 685299995
1 338354854
1 325767362
2 522533431
1 300687239
1 816175862
1 97730452
2 951454553
2 872141505
2 44681268
1 294191601
2 859596691
1 603745901
2 91920312
2 319176990
1 891179572
1 838501867
2 210589080
1 898756881
1 272551430
2 533337344
1 673714545
2 943603807
2 929352881
1 759195727
1 934148072
2 392946786
1 109946995
2 650603249
1 52355938
1 839367280
2 701791451
1 842110848
2 813992765
2 721711601
2 459769235
1 950158143
1 914991384
2 960149537
1 831443224
2 582102111
2 312120278
2 883542804
2 307052908
2 707195119
2 345531792
1 976698303
2 366466197
1 974058896
2 515108
1 939960959
1 729593573
2 40043738
2 750684228
2 638974852
1 444308779
2 736513457
1 115107945
2 603940231
1 435557884
1 329382258
1 594963750
1 620744150
1 331103956
1 658204351
2 925281309
2 321400532
1 484818545
1 943498427
2 867135122
2 972619625
2 543322630
1 845696802
2 913677018
1 843417202
2 807718162
1 968460595
2 184414960
1 487194110
1 974870752
2 754762745
1 858442364
2 529548344
1 612350688
1 474126458
2 90227671
2 140904465
1 980890147
1 440615029
1 450587644
1 531134460
1 953188551
1 818598782
1 536650087
1 419777795
1 929757634
1 582965596
1 452989493
1 413275978
2 358587235
1 941836277
2 585445455
1 647286030
2 308371534
1 420453048
1 441824332
1 963561299
2 726263115
2 335820398
1 833787558
2 127289299
1 957284381
2 332406502
1 963891422
2 90070196
1 933825135
2 465644541
2 675471636
1 930370867
1 182470262
1 873169950
2 65444663
1 436245005
2 275497545
2 447454664
1 349967720
1 950254411
2 895240989
2 990782370
1 182374051
2 242668818
2 99022560
2 600670934
1 576914505
1 523570223
1 899982134
1 876500959
2 706770835
1 444575826
1 435513026
2 706681983
2 303597860
2 24347225
2 747886046
2 314593483
2 238426799
2 78106599
1 969403900
2 791507893
2 56327511
1 743249399
2 192550270
1 569770270
2 956349998
1 976777591
2 963681126
1 486518136
1 897400356
1 491905249
2 492233884
1 976044948
1 889591535
1 407733591
1 247305920
2 74718648
1 513251203
1 980656045
2 122096619
2 186878432
1 560215245
1 644363031
2 975262708
1 872873217
1 951087496
1 568168467
2 215799631
2 228399499
2 185532830
1 571749627
1 517221910
2 72882330
2 917795759
2 834473012
1 401603427
2 652706024
1 770565541
2 818789148
1 345717038
2 6146667
1 625099730
2 529317321
2 304325066
1 879690404
2 354369262
2 299142144
2 799710696
1 688004779
1 520873659
1 484128227
1 308411004
2 416862256
1 570266030
2 741762076
2 135131237
1 350390217
1 592054695
2 613008925
1 943174470
1 557801905
1 536697839
1 619047204
2 122480158
2 81614728
2 509270858
2 600150879
1 405147265
2 285643372
1 515162045
1 428765366
2 300449260
2 854792828
2 457196291
1 627559848
2 132665011
1 881211996
1 998434542
2 691331310
1 577138178
2 304190844
2 863956473
2 87126925
1 572577145
1 947804526
2 752966553
2 73986769
1 534957317
1 999954143
1 998085998
2 683590738
2 167622011
1 320823607
1 583555785
2 712673503
1 592092117
2 346522579
2 790145444
2 676488262
2 774241183
2 603519396
2 424302220
1 358367879
2 479198812
2 29693867
2 939921963
1 668926487
1 544759521
1 327549372
2 991727151
1 974846924
2 265932289
2 542202904
2 574581095
1 948091206
2 797438228
2 203899239
1 250110421
1 947608535
2 31711278
2 565384656
2 705741354
2 638368593
1 261500287
2 349422472
1 355952208
2 439383589
2 470320566
1 558810892
1 398203738
2 335912989
2 143214341
1 670882592
1 266997286
2 703867428
1 528838434
1 360130036
1 358527114
1 510981687
2 95578434
1 846834129
2 118116824
2 787496873
1 259696015
2 685438288
1 549463079
2 213767202
2 11441179
1 558991522
1 362272535
2 595045836
1 356899114
1 511739927
2 428821913
1 652527515
