13 1
2 2
10 1
50 1
1 2
28 1
59 1
83 1
87 2
91 1
19 1
63 2
33 2
41 1
72 2
52 1
92 1
42 1
95 1
18 1
9 2
48 1
65 2
67 1
66 2
8 1
7 1
77 2
6 2
5 1
78 2
82 2
55 2
36 1
57 1
40 2
26 2
4 2
88 1
17 1
62 1
69 1
15 2
14 2
25 2
56 2
64 1
20 1
21 1
60 2
76 2
34 1
22 1
29 2
79 1
16 1
51 2
35 2
37 1
45 1
84 2
39 2
47 2
61 2
85 2
81 2
58 1
23 1
38 2
24 2
71 2
90 1
32 2
80 1
74 1
93 2
12 2
3 2
89 2
43 2
31 2
53 1
73 2
54 2
68 2
30 1
86 2
44 2
75 2
70 1
46 1
27 1
94 2
11 2
49 2
