687 3041
310 2190
3264 1353
3163 625
3131 498
2751 4895
3360 2361
2223 3303
638 3339
2827 2046
2493 858
1613 495
3190 4872
1724 4760
1579 2588
2819 290
1761 530
2087 1454
1213 1610
3399 2613
1884 1034
3118 2319
2396 1377
2106 2963
1722 4606
8 4498
2491 3884
3035 1836
978 3567
1274 4969
403 359
2325 3039
1711 384
156 4464
1227 2062
2696 1943
2069 4567
2419 4600
2472 2760
2981 1916
2487 3337
2761 190
2822 1676
3181 4328
1739 2061
2997 2664
507 4158
2128 2518
1804 4870
3206 60
199 4059
347 4210
1462 4586
2949 2553
198 4282
583 301
2201 4126
1399 1240
940 876
1958 4391
1830 2225
3093 2561
2074 468
3326 1821
2274 3394
2317 3346
1714 1502
2715 776
1078 1345
382 1799
1091 1157
2014 786
2389 3369
1468 3537
2571 241
3147 4802
1279 2062
1080 1821
1901 1670
1255 1095
2686 4728
2233 2541
1284 3406
2042 3671
2884 4454
2497 2735
3260 1659
3227 3965
1838 1196
1190 4802
1747 4672
797 1741
2780 3586
2291 676
524 1116
435 643
117 1449
1409 4485
1135 1792
2887 3228
1580 2586
3230 3962
1516 2211
2160 2176
2916 4452
1569 2104
433 3131
3425 1262
1452 2012
2449 750
2986 1946
3102 3440
2687 1954
2737 2182
2963 879
3376 2628
1066 1809
1608 1141
359 2765
2623 1646
2851 3090
1051 3416
1171 1553
1578 540
1268 2089
356 3232
560 2273
119 1269
3099 4035
1867 2147
1638 947
1323 2409
188 4409
534 319
2833 4168
1946 4034
2290 4305
2502 249
2494 2850
2700 3092
2660 3580
781 3510
529 1609
353 2907
2008 2471
2757 652
2988 1876
3307 3347
1042 2873
1294 3984
1642 3342
1373 3046
3042 468
1152 4351
504 3124
1397 3108
3149 3591
2363 588
36 197
2139 1649
881 4546
982 1572
3024 4391
1314 830
3358 769
543 680
987 2867
234 776
2569 4586
2492 2813
1603 1540
3415 3969
1501 721
3350 1671
3145 3556
2378 1995
2468 2835
2765 4766
615 4609
1163 4007
3056 548
3215 1903
2630 3960
1636 3129
535 1761
3108 1370
277 4918
2437 1424
563 4566
3342 1976
2788 1185
2009 4693
2608 1954
326 1805
1153 3759
2542 3975
2606 717
2899 819
1502 1908
2673 1677
1819 2347
1132 1794
673 4831
196 2844
2359 634
2391 251
2718 461
2125 4071
657 3617
609 2951
605 4974
162 600
3253 998
690 1882
850 2746
2482 765
2967 1566
1622 4052
1733 3898
2853 2568
346 940
427 500
607 4400
3157 4303
1410 320
1203 569
1833 397
186 4964
766 449
3173 370
924 2124
509 4968
28 929
3372 4731
2162 3526
2094 3523
1582 2019
1759 2246
911 2684
3403 536
2947 2634
3223 4686
116 996
3075 1111
3316 4295
2591 658
1282 3545
1006 3589
1053 22
817 4826
2598 3290
655 4580
2836 1885
3427 4320
1531 3140
1753 3849
580 597
2706 4077
1666 4655
159 4516
2267 4031
1934 1557
875 1989
636 2857
1522 2468
1304 2765
174 3983
2599 694
3397 3838
2570 1639
1825 3898
1786 1862
1106 2709
1315 2529
335 4345
849 4980
1574 841
50 1867
1485 4078
974 1463
1705 1806
81 2492
1198 278
645 3322
3261 1431
1558 797
85 4572
1770 691
421 1734
1167 1365
1641 605
3059 4313
700 4906
1407 1546
1476 4910
2096 3341
25 1288
287 4446
2784 210
481 1273
1763 4126
824 3095
2792 3498
3429 3119
65 4241
2732 2982
336 3976
843 1234
160 4277
1309 804
2801 2746
1635 3261
2018 255
453 573
1356 1650
574 395
2744 3769
1597 1788
2435 4168
1283 1898
1512 2260
1939 348
1076 4959
398 1487
1016 2493
1261 1376
2828 2534
3314 3494
2616 2404
1871 2204
1146 233
726 2277
366 1408
1361 2359
2461 4156
1414 9
1100 56
1767 463
3383 1833
1182 641
95 4878
110 3776
2266 2157
2076 3491
1451 3142
784 1634
2136 224
804 2346
3212 4814
1007 3737
77 626
2719 4782
2974 2697
1577 4407
2985 3854
379 2405
2941 340
873 520
1756 2659
599 1650
2607 809
2877 2435
3299 1382
107 1349
2615 2872
2062 857
2046 3845
650 2113
2865 3130
3165 3353
2596 414
2361 2680
2513 3471
98 1485
1366 3323
1403 200
3091 2213
1952 1925
2862 4312
724 270
1195 52
3337 4648
1463 4908
93 3255
2021 548
3366 378
1454 1687
2137 3584
2284 4104
528 3606
329 3406
1637 4526
932 2134
1503 2611
718 3542
3045 3005
1809 1277
1449 610
551 819
3277 2046
319 2300
216 2290
745 2723
1834 399
2078 2298
3019 2417
1771 971
2066 3292
2983 1799
128 3500
1127 2689
189 2840
826 975
1699 4321
818 3904
922 1193
78 1602
703 2627
842 4634
1306 2577
1365 4885
825 2994
331 3896
858 1455
3420 2550
1425 2535
1664 2404
3409 1996
1418 3791
1011 1088
2075 751
1347 3409
288 4809
2779 3138
459 952
2666 3634
1506 2915
1141 4794
1539 3644
3301 1117
672 543
3156 1695
214 1455
3036 4273
1183 3842
450 1292
2408 187
452 3284
292 3059
2922 4194
423 4249
2968 1805
1415 3584
2760 1848
2740 1801
27 66
1442 3234
1626 1888
282 3907
1766 4569
2012 2181
1201 2251
2107 4982
269 3861
2467 4328
988 4859
2033 1300
751 2932
24 2409
1527 4066
2337 341
471 397
2641 2577
1254 1087
1229 1473
1683 4796
1244 2747
1291 1985
261 589
2474 3393
494 1694
760 1600
289 3986
420 2441
3432 757
2484 3566
2302 2100
1481 491
990 3659
2804 4399
736 4762
846 1709
3249 2020
124 1463
2485 1635
2659 868
2512 2293
2195 210
1734 2737
3160 2763
1443 1456
533 4011
3082 1301
713 3053
3027 2163
2072 26
2480 3653
1337 3890
2766 1209
259 2131
2117 2126
3224 190
123 2526
2830 3269
2714 694
1695 1091
3011 3276
2611 4670
1269 1283
2394 295
613 2159
324 318
1220 2978
3065 3867
1438 3840
3416 3070
802 1063
902 3755
2406 0
1172 3546
3238 3984
3017 59
2774 3830
1983 264
3051 2455
3241 3000
587 1973
7 13
2897 3635
2938 4206
2790 4559
554 2341
2597 1969
1162 2824
244 1580
2490 926
759 4813
3357 4850
573 377
938 4915
1742 1604
3038 4150
2261 3736
3389 1415
3240 787
49 4905
2142 1290
696 2681
762 4300
705 469
909 3490
3066 4354
2783 4531
1866 1387
1795 2799
756 2037
1621 2246
1129 4862
231 2649
3304 2392
1498 58
2975 4235
567 1661
1708 3531
2306 3866
1257 2809
1824 2584
55 2504
2124 4398
936 4498
1564 2845
559 561
1525 46
3210 4382
2384 2227
2052 3190
56 492
2426 3162
1214 3523
495 2307
3090 4236
1105 1115
11 4278
299 1065
2349 2612
2113 1359
1114 4851
2013 4146
527 949
1234 3835
1211 2038
1017 3399
2044 4167
1880 593
13 895
3338 2372
1859 4897
3349 2178
1437 107
1465 4625
1116 2680
279 4868
2422 461
3185 2459
3394 3597
1002 4
1322 3888
2140 467
1169 3795
3340 1892
22 617
2674 756
3127 438
1062 862
783 2058
1818 752
2303 140
3343 483
2848 3562
1411 4656
1311 284
933 532
1821 2935
2873 3672
2293 3752
2332 375
2003 878
591 796
866 563
2709 3514
1890 4303
2539 855
364 219
51 3984
2423 3137
2520 858
2680 2999
1305 1661
931 4767
1605 2468
2252 2144
2176 1997
1115 4554
3013 1984
2275 4004
1087 2132
2742 2895
2902 2620
1267 4280
1419 1216
3202 676
309 4731
1251 4048
2815 2889
100 161
280 827
3169 2522
2820 3518
575 2844
2444 3833
1682 2838
1379 2755
2239 2923
2541 4288
270 751
2972 300
566 3718
2338 3680
1032 3631
1971 85
2955 3554
1427 3105
2891 1283
3295 4106
2610 4201
1945 2334
3311 2741
3225 616
631 3151
58 1382
2564 714
3104 4554
692 687
2724 989
1194 4631
1680 507
698 1458
2424 1039
3283 836
3154 3435
2638 2083
154 440
1450 768
213 938
2670 1720
2523 3962
441 383
1865 3756
1026 3861
2756 4523
437 2801
702 3303
263 4629
3345 4769
1727 2425
267 914
1796 4508
768 683
3124 1180
2 352
2398 1375
225 4285
2282 4903
1908 3967
2197 4599
3142 1792
2770 118
2098 4971
914 3606
176 2458
487 1925
192 4440
149 1820
130 4138
1043 3532
2133 243
2869 4166
629 2514
1210 3530
2881 2428
625 863
2882 3439
1999 903
2281 1494
920 4533
968 144
666 3114
3158 4975
1175 3767
467 3839
2375 824
2936 2064
2463 1538
1929 97
1915 1553
2238 4807
1581 2905
1844 4798
1184 1906
2531 1905
386 2399
2979 1345
1273 4576
474 3865
3423 3536
1343 2455
3229 3836
2601 4839
1575 78
483 4242
2172 388
3461 2655
2271 3085
1199 1068
1846 1986
2454 1342
3359 2318
618 20
869 4281
754 3032
74 4175
2654 4951
1302 8
2525 274
1394 1238
1507 546
165 2733
342 1024
2429 2361
113 3658
3391 796
649 4604
1319 317
597 776
856 1462
247 1575
3396 4492
3282 2270
1148 943
962 1683
2886 1787
1191 4897
418 2838
2554 3808
376 4926
1992 883
1143 3452
844 2542
965 4921
3032 434
228 2507
1746 811
879 1173
1632 4377
378 1498
1067 4114
1212 4825
1405 3263
1931 1953
64 2165
1477 3523
2618 229
2572 2446
637 237
79 1660
1851 3924
3355 4180
2507 2147
2036 3786
2911 1717
634 1080
1222 496
2519 3390
3205 4423
430 4828
243 528
929 1539
500 4554
2353 2530
2867 2964
1659 4388
2632 2424
2362 4808
1602 632
1758 3588
339 1120
3178 4750
2553 4758
890 4084
957 4689
1445 2279
2294 4462
790 3509
1715 3752
2278 1851
966 1894
970 1928
1730 230
1380 4379
482 1005
449 211
3393 2629
908 77
61 1637
3007 11
2167 981
338 4396
561 4792
2232 3521
33 1065
392 977
3146 4505
1223 1502
1392 2663
2731 3179
286 2845
737 2700
1028 3685
3088 940
2083 1649
1092 3928
2400 1014
429 119
3153 1701
2960 327
1236 1175
2544 2706
2192 3957
1385 3618
1334 3340
2381 943
758 4566
1029 851
3428 1100
1803 1281
283 2327
3351 4631
3174 4570
1975 4599
1444 4230
892 3227
757 4940
2933 3173
1471 4866
3390 4218
1691 3503
610 268
1270 1435
2104 2559
1082 4335
2407 1202
2683 952
1827 2531
2876 2336
2581 2142
1096 3694
915 2610
539 682
490 273
1594 165
1126 4051
1806 584
2966 683
2614 1780
2528 4050
3129 3612
1647 3896
388 4152
2049 4131
1920 3728
794 1094
2417 2674
2900 1376
419 257
1253 1723
1710 4722
115 3817
681 1548
2112 282
2024 1252
2399 3611
880 1325
1455 1045
1186 1902
3044 4980
1326 4637
592 1841
2182 801
2030 3516
476 1879
3457 200
2587 3081
1044 2341
1835 86
1147 3731
3095 460
2448 182
503 1102
2095 825
2583 2333
1412 4015
2745 200
1651 1092
97 745
1340 838
1562 3447
3216 3131
129 3150
3262 1377
715 325
1231 1843
1249 4584
3221 2445
1911 2283
2676 2801
2746 2625
1719 4312
2430 3565
1349 731
3440 3524
2123 1317
2130 999
2692 1124
2453 4409
2458 1651
513 2730
761 4801
752 1907
2304 1694
2811 643
3303 3084
1862 545
1332 964
2624 1110
2708 539
2047 3592
31 2120
1644 2743
230 2794
1 4428
723 3179
1376 2599
3130 2601
4 4613
3247 712
579 3024
2980 2012
1692 15
1008 1247
2561 4459
2870 1600
595 471
2567 4771
2626 135
3430 3568
1713 3592
719 2981
923 14
1263 3365
3141 2405
675 4563
654 835
3305 4755
2693 82
882 3703
803 4126
1248 4842
1154 3572
3333 1208
1245 1622
492 3683
405 1478
1864 652
2011 1361
451 722
14 2020
1812 3768
2506 1462
1732 3357
1416 4606
830 1846
3211 1105
1209 795
2861 326
1298 3440
3336 3926
1645 4851
2079 1892
3074 345
2527 4332
1895 2014
2806 350
1063 1783
562 1738
1378 404
1523 1902
2825 2026
1061 1640
416 1829
3199 1348
436 1009
2799 2921
1055 3490
2620 4677
874 541
1000 840
2753 3991
3175 1826
1618 3699
1903 179
2834 4059
2547 3082
716 548
870 1094
862 2757
1150 3834
2149 4089
2582 1132
895 3026
190 144
798 3586
1120 3739
1464 2134
2725 1304
1035 2736
2503 706
1630 188
118 1629
3164 716
34 1329
71 2377
1207 2340
3053 4571
315 3821
2540 18
2025 4453
1941 1481
2677 521
3388 3460
1040 3038
1646 4642
2256 1783
2250 298
1604 1480
919 2892
859 2069
674 2389
3112 3174
2585 4616
1144 1133
646 429
2787 3853
912 4763
127 1516
2222 3811
651 4986
325 4662
2318 957
2214 786
2464 2166
1943 2555
2354 3079
1560 2082
2509 4611
2288 3094
2684 2343
3441 4543
3080 507
903 3129
2385 3980
710 1208
1823 3702
1177 756
1905 1705
1544 469
1090 2721
2578 4903
1033 721
2789 4951
2229 993
431 4220
3231 2638
1352 3717
147 3283
1235 2949
1012 1679
2093 2886
1372 4153
2565 3553
295 1071
2091 3898
136 4885
2387 1448
682 2800
2508 4629
1075 278
3079 4675
661 3008
306 4240
2471 3101
3120 2764
1906 3471
105 984
1765 4034
1570 2832
1974 4264
1400 3338
3252 4906
2310 3171
2727 2194
363 4384
886 4020
1611 1301
1961 4599
992 4256
387 869
526 1819
3424 1146
408 2060
652 3019
1693 1576
1690 844
2892 3778
951 4129
2584 3317
2905 509
1102 957
2736 2239
1180 3172
2010 4124
2844 3157
2071 1542
2918 3578
3434 4803
644 4038
2532 4725
2131 1516
1447 4999
3339 3162
3395 1757
2466 1474
3380 905
2186 4190
1287 3087
1478 4756
3239 778
108 998
3135 4244
2165 3480
1136 4939
3412 3886
1654 3208
1434 479
3114 4724
1964 2136
1612 1775
516 2026
3411 135
3117 1321
3408 1799
827 365
3217 2133
3354 4671
3155 2528
2330 4175
975 4940
447 4342
1423 4144
2847 2856
1829 4291
779 789
226 2832
168 1231
1874 2434
3016 1710
1950 1968
1505 4326
235 2682
627 4178
2837 3132
2989 2266
934 1066
1350 2653
1877 4435
3407 625
3187 104
2577 4075
1265 1326
1221 4238
1684 4772
177 2073
1432 1592
2473 3716
2348 644
2323 790
1768 3926
1004 574
1149 3491
3294 453
2818 2319
1296 1805
2782 3262
3067 643
60 911
2516 650
469 717
2409 208
3365 3296
3382 1764
3189 1167
993 1443
2950 3200
1009 2779
665 4488
1429 461
1894 1154
2253 2906
3201 1490
1189 3076
2841 4149
3310 386
1839 3323
1687 3014
3377 911
1610 1419
2656 659
1595 1697
1218 993
1299 3621
3188 3124
2993 460
1536 3028
371 2826
3436 1870
1631 546
1723 762
1559 2996
1980 858
1345 3080
952 3463
660 787
2118 446
2211 3659
1266 313
1453 23
1324 920
704 4471
52 1027
2590 4024
394 4489
2150 105
47 64
780 2313
32 1912
1729 1038
1909 469
3324 4604
1357 4963
1119 3473
308 829
2225 3923
3369 1710
1277 1773
3137 4037
3184 1680
3284 2708
3028 4090
2215 3233
1607 2999
3312 4901
2488 4545
1752 2044
3279 2979
537 2019
3292 1870
1704 3035
1237 439
2511 3927
2007 3016
3170 1573
1685 3239
1181 3498
3138 1179
150 4594
3317 4968
3049 4307
2285 1614
1185 4698
1599 4823
1927 4008
1001 681
3321 2548
2153 2405
1782 1408
2518 4026
456 3748
985 2982
2132 956
126 4790
2073 439
3276 1589
2193 3119
972 1528
3161 835
755 925
1216 1146
686 665
792 2512
3219 3149
3259 1442
3353 795
1754 299
2152 3492
2735 2441
3069 3354
410 3364
1876 4343
444 197
23 4991
901 3128
2971 627
2442 3006
400 4684
1173 1247
520 4096
2200 4942
2996 4784
352 4660
1504 4545
2637 3324
1108 1173
1134 747
1355 899
1046 3257
355 2861
1998 2236
3437 724
2575 4452
1783 4811
2147 4164
832 1778
2589 72
1529 3920
1672 244
389 2282
2948 2656
2885 2033
1085 4034
2324 25
2462 4016
2272 2604
3234 1647
1093 4991
670 179
1178 4208
2772 2601
1660 3867
1176 1702
917 4644
2187 3485
2664 3941
3374 3586
2835 3970
2937 2362
458 262
87 4381
2376 1152
348 4091
1426 3372
2465 4671
3452 3449
2832 3939
1367 3258
391 999
285 2391
2671 2798
1861 1547
3018 1700
2179 3399
2440 722
2264 1779
2915 2239
821 3495
2451 639
576 2315
2262 4774
749 4827
2061 1095
2917 1699
1624 4435
2367 2172
1619 215
1543 493
2893 1551
94 2653
2991 43
888 2886
1963 281
1348 2918
946 4916
497 3206
2279 874
3151 1484
3245 1649
404 264
2060 2406
1272 573
2019 705
2475 3093
1678 444
2263 762
1546 2808
2843 3154
2257 230
1081 1520
1942 4271
2134 3333
218 4546
1917 4005
183 4745
986 3293
3186 2468
281 4084
891 293
980 4336
262 3544
1653 3393
1003 40
632 3217
2699 1012
3327 4481
1698 4780
1957 2789
602 2798
626 3116
2183 4914
948 2371
2373 23
2347 3475
3274 4646
1886 2757
2990 560
2089 1592
2486 3860
2548 3851
1104 911
819 1364
343 3939
209 3029
656 1986
1208 1215
2122 2319
2242 4849
868 1012
1954 1942
1745 1655
2346 1304
1988 110
1422 3507
717 3422
2602 4213
834 4093
1634 4713
12 3667
2434 2076
1984 2914
62 1072
54 4949
2961 4790
1151 3249
3443 2968
3329 3273
1377 1739
1310 1415
1246 2439
2445 4429
82 2285
3404 4221
2594 406
3126 2030
1072 270
39 4311
2296 1200
1902 4083
1777 3921
2550 4470
967 3125
1317 4710
293 1891
3444 4103
1688 1702
3406 544
345 3440
112 2560
742 2602
223 3205
2653 2301
2733 3509
1491 1412
668 3698
1590 117
217 774
2652 3367
2280 2696
2796 4492
2764 3790
1989 3049
1584 4172
3236 2270
926 1082
2170 696
598 2126
789 1116
1494 450
2114 2424
606 2431
3331 4737
1593 736
1987 2560
291 4430
2470 4400
2236 1385
2212 4013
2992 4363
763 1543
1551 4333
796 3263
3197 3776
1328 471
515 4896
1778 4560
409 4773
1417 1183
2657 4636
1924 1611
2914 4969
594 3187
1499 4699
1944 2960
1440 2567
3159 1217
1728 1987
3288 3500
2220 2769
2726 290
2852 4725
2478 1634
2658 1644
2803 1930
3442 3454
2838 1993
66 3403
740 3221
3180 453
2609 17
2443 473
2720 3902
1482 1291
1849 813
446 2283
1045 3949
2627 2344
320 3686
2628 4805
1736 3241
2428 2923
3449 4946
2574 677
1545 1112
2920 1469
3402 1966
1388 2433
302 1297
937 1448
1976 3974
1331 4526
3364 639
1493 1945
1390 1805
193 1753
3111 636
1470 2335
1973 1375
1668 2667
253 2351
69 1958
18 3249
2945 3768
864 2533
900 4685
958 869
2758 4604
1831 4799
3094 402
1436 1263
3191 1308
722 1268
2813 1561
2277 4711
3068 181
2604 1014
2312 580
2301 1097
300 3438
1706 221
1280 1135
889 411
1845 4460
2613 3184
1592 2498
647 4884
2101 1710
2403 2870
2334 4044
2204 1914
1737 1605
1932 3923
2600 368
2416 3122
15 3632
1059 3450
2543 3956
2864 4697
2366 1288
470 3844
2650 4486
2807 1507
1627 3343
2086 485
2067 2662
3015 924
950 1081
236 880
3315 2940
2028 4627
2102 4847
1556 2674
550 4790
1360 1145
2034 3636
973 3972
139 1096
1278 665
557 3969
3136 266
84 2498
1648 4205
67 3869
1885 1594
417 4748
635 1257
961 4786
3193 4940
443 1955
375 1028
16 2069
617 844
2560 4516
477 2058
2763 4418
1271 2709
1065 2649
312 1004
3176 4397
2213 4756
1679 2205
2017 1460
401 2325
748 68
600 4776
1675 2126
2452 950
2050 2752
2690 645
46 3010
3286 4574
2661 874
232 1099
2817 1993
2090 1287
3123 4417
823 4267
805 1692
2289 4055
2127 3310
2331 4295
464 1745
921 4213
3125 1837
2260 2759
3222 339
620 426
896 4760
2077 1932
48 966
1238 2876
778 3128
3291 87
1351 4424
630 4062
786 4848
2573 81
738 847
1986 3526
1500 335
101 4493
701 892
1264 2557
3384 4610
1202 3815
907 1551
488 3296
498 3426
1897 3434
390 3012
2194 3028
76 2336
2636 2529
1341 4980
2340 899
1230 794
998 2816
3335 3381
2651 763
2207 3187
1160 3682
2383 3411
884 1192
170 4827
1530 1637
2759 1566
2959 4864
1572 1130
1404 198
777 2117
963 2598
2678 2278
855 2512
3078 792
92 1964
2135 350
2663 1435
2898 1678
2427 3624
3325 3522
298 14
197 3107
960 3630
2821 1272
2871 4190
643 1017
2634 4053
2043 997
2051 2472
694 2594
1601 781
2358 207
2099 1959
2672 3547
35 4164
2695 4514
989 2029
578 356
2521 1944
793 1645
2707 4409
83 4414
2057 3714
809 211
667 3660
256 2820
1515 2560
99 1231
3022 964
608 957
2769 1258
2180 4278
897 1221
1179 2974
1258 4193
145 1215
153 836
109 1725
264 824
810 3689
1413 1450
3233 1125
2237 1873
2496 2041
2691 1730
1788 2544
1879 458
2809 2939
121 354
2457 1686
2939 718
412 1740
671 4006
3296 4729
2962 3265
2343 1179
800 2779
3083 1782
3426 902
2168 4020
770 4691
2935 3164
3010 4535
3459 2964
383 3659
393 2487
1780 3995
317 1372
2001 87
57 3662
111 2648
2643 3859
1591 232
3363 514
1313 4866
1128 3676
2537 2129
3270 837
3418 4362
1099 3989
1947 1563
565 4346
1789 4506
750 1391
1930 3581
2208 618
3226 4552
2313 1172
2413 432
1616 2526
1027 3220
955 3464
3009 3602
1600 424
1784 3341
1751 4091
1981 4947
1994 2821
899 1550
854 3270
2973 1127
2159 2130
1013 2098
2037 1997
275 3687
227 2033
995 3274
558 1762
1256 3036
1241 4311
2341 3639
1204 1207
695 4466
257 3678
3235 4654
2360 3959
506 3133
3263 3140
1487 3144
2679 1460
486 1470
1039 2793
59 4674
1188 2228
3046 4552
994 1645
2210 46
415 4010
2103 873
3237 3645
628 2491
219 3039
3362 1617
996 4883
593 1692
1469 2919
1145 1646
2621 1453
2015 2558
2460 1908
3275 1496
3290 4937
3244 2730
1225 3074
3431 2780
1889 1879
2927 3632
3273 2177
1933 128
327 2723
3334 1219
3463 4575
45 2950
2535 2484
2129 2426
764 3036
1740 4968
3214 3424
2020 4258
785 224
1057 1911
3021 1768
360 3508
2369 2142
413 933
1015 2927
455 3423
1854 4946
2976 873
3250 4900
155 2209
3464 1889
1720 3194
357 4768
2455 4451
3352 2405
2895 3839
3058 2662
1156 1495
883 599
735 466
1364 2490
1907 779
2712 1823
41 2117
3439 4750
3041 3417
2065 4760
1293 601
1956 2795
1959 2777
2635 2629
484 166
1881 3553
2056 4652
548 3448
3031 218
1583 2816
2322 1161
2866 3274
2566 20
2115 3545
2315 1572
910 1174
1815 218
2059 2301
1288 3013
3289 4842
894 1766
1023 2670
2713 3384
3076 4140
2456 4932
2588 1068
3367 446
1557 3695
1781 2144
351 413
1798 1087
709 3238
2592 7
511 4377
1669 3220
489 1675
1548 4296
1576 3052
402 1535
3106 3545
3285 1674
1381 4830
2675 1403
720 2307
1461 4259
1814 1119
1374 3857
2048 157
2929 3791
3378 4662
3196 4860
2559 234
1121 22
103 3359
3410 4627
1665 951
274 3316
1855 1579
941 3436
1260 2948
1858 3686
1967 1042
1962 1606
3133 1272
208 4055
245 1303
3318 776
332 4313
1369 4835
3254 1195
1755 3575
2173 1814
2251 1039
811 2096
1519 4739
2054 1406
568 411
1111 3856
10 658
2667 3983
1312 2753
2085 620
1473 2289
2952 4734
2612 1052
3052 4176
323 1027
2004 4562
893 739
2633 4815
1362 1025
2826 1350
440 2333
1387 1027
1762 2998
604 935
184 1452
1118 4794
999 3981
428 1260
1872 2843
1853 4841
546 3693
439 2931
3071 1668
3143 3481
1098 2974
1041 4445
746 2168
1982 3014
523 4102
475 3871
2246 2568
831 1618
747 991
132 4214
2244 4357
653 3295
2738 4736
3281 1970
3257 1971
1215 3564
977 2537
1913 2991
2773 3788
290 1184
541 3149
2120 3848
3198 336
876 4103
2171 1345
3308 1917
3110 2176
522 4490
1384 2581
3280 3724
727 4359
721 1183
313 3759
220 4336
1484 4317
1333 2757
739 3034
148 2310
202 4733
2386 1574
767 1340
2240 3332
3033 1203
2956 4955
2631 778
1088 2300
2335 1287
588 4020
1472 2629
2100 1443
708 1058
2896 710
88 2411
2404 4306
3194 494
194 3351
3119 4486
1107 703
2555 4959
1031 1601
616 4178
1923 4044
1353 3719
278 4177
1089 1779
1721 1083
1125 4268
659 3503
1836 703
438 1925
2070 4830
3319 971
2778 2928
2166 4594
971 2310
997 2917
1495 2385
2829 1398
2816 565
1813 1487
1847 4422
1725 3971
2209 4967
945 410
2721 1541
732 4027
344 4766
2498 4865
43 943
648 3811
1718 2592
2053 977
2526 1925
623 3691
255 554
1860 4831
865 116
2410 1952
203 3856
2224 4042
1677 4107
1112 2331
1585 3001
1344 1334
1760 4933
73 3552
1534 2390
377 2564
1663 3091
3003 4063
3171 3530
689 460
2682 2638
185 4277
1857 4506
1822 4113
3086 4749
3213 4125
1979 3214
2203 2041
3039 50
1301 4971
1048 1857
1842 3477
839 1214
2040 921
1769 4190
949 1303
1995 4903
570 341
140 912
297 933
2558 4201
1571 4748
2890 822
1997 3309
330 786
863 69
2479 493
144 1143
2767 332
1070 3811
1674 1959
411 2206
1019 2352
2258 674
2510 75
1095 3906
1490 4039
468 4707
3371 4576
2748 1889
3001 1064
3073 1186
1916 1404
1561 2097
1898 2295
2143 3868
1122 4502
2234 720
2842 768
1396 3304
2894 610
29 4661
2919 783
1919 4350
1060 1734
1217 1219
2411 1922
663 170
1456 4087
2999 2078
304 3859
358 1947
296 3124
1773 1314
639 1053
2414 3498
2824 1648
799 2920
622 1967
502 1339
3166 1424
3152 4606
3341 2757
3103 3199
1338 950
171 2641
42 2621
2984 2211
2921 3640
2698 984
1441 970
801 4885
2932 1325
2319 753
3400 2622
1882 684
1948 1762
1131 3858
2185 4221
3401 337
1342 4462
181 3925
2181 2558
146 1415
508 3919
1563 4792
2110 1996
407 2465
3081 1676
2536 2959
3139 118
2190 343
979 1321
215 4863
1801 1342
96 4891
3020 266
898 547
465 1172
1386 3959
2874 4655
887 341
664 2246
1617 4703
1667 2563
2405 3252
3060 802
2247 1226
3417 4739
820 2087
2743 4458
2161 1399
3313 1913
1568 2937
5 4424
2248 2440
2141 2882
38 4864
1303 369
3458 4929
1010 415
1912 2990
1446 4113
2906 795
1552 1152
2856 2402
3370 2076
1262 613
2031 2243
2145 4677
697 2405
1749 2508
969 4222
1524 1125
3256 500
200 1184
773 2511
2109 3498
816 3265
178 222
2292 4283
808 3696
2297 3034
2189 3835
2226 4666
1775 4948
138 4397
1888 2762
2595 1377
3072 572
2538 2486
21 190
1336 788
2749 1103
1325 1714
928 525
1077 1750
1047 3601
2785 1948
1573 277
175 2534
925 1650
2647 4205
134 2776
1480 2909
224 3680
1935 3696
164 1971
1370 2027
131 3954
1800 2545
707 3865
2850 174
841 2816
835 2241
1791 1058
3419 1610
122 1012
80 607
517 3896
2421 4850
947 1158
3269 485
1978 3341
1985 1097
679 4384
2342 2662
1250 4063
3228 2044
1639 2633
1064 3880
3070 4949
1086 1765
1458 2028
72 4468
1018 2052
2563 1560
851 72
1285 3272
731 3690
3012 86
3446 2631
384 1958
1764 1702
462 3153
3150 3291
1142 1739
1547 1263
2655 3980
3122 1210
1850 948
2425 4771
2063 2675
3265 2598
1021 2200
2913 3817
2987 1693
2694 193
3105 1407
2665 3900
2557 1360
2934 2658
1649 3957
1671 1922
1205 860
3006 171
75 1584
222 4634
2356 3077
1892 3652
2781 721
2157 4620
2640 4721
3302 1859
1925 1317
367 2619
3293 1352
1848 608
2068 653
2964 738
3172 3458
2730 4165
1953 559
368 3618
1586 2272
294 933
1069 4658
1553 3914
2705 1927
3014 3139
2768 2180
1174 4345
2218 2219
3242 3302
2994 72
2903 530
2311 3054
480 4099
1375 815
2580 3626
1197 938
434 4280
260 1117
3192 6
2121 1165
1779 1383
2305 3247
1275 3478
1840 3301
1743 4806
2316 125
321 801
268 4422
1970 4381
179 3430
2156 2692
547 4654
1868 1969
2883 559
2872 4187
167 1576
2931 400
2752 4670
1103 566
2243 90
1036 357
496 1970
2116 3150
316 1449
1159 4254
337 4732
3034 2776
1228 994
2879 90
848 3966
2747 1178
1508 3759
1697 3040
1038 3398
2533 3688
860 279
2175 443
1166 1554
942 3753
1233 2966
3134 3806
2977 2566
1005 1527
1117 4665
603 2662
1748 4700
2814 698
1566 701
2546 3573
425 4111
272 4157
1900 1037
2370 4616
2910 1520
885 259
838 4669
505 3745
3132 424
399 426
3309 658
3218 3469
1716 3348
125 1544
37 4671
3328 419
822 2245
2155 3022
1938 1845
2711 1010
2534 1249
2701 3627
201 129
1329 348
311 315
1875 2948
1662 1296
954 2354
2944 413
1681 1593
913 2628
1243 4686
2041 4006
2390 162
1951 2454
252 2064
2022 918
2298 952
1155 4348
1110 4310
3195 3653
102 4571
104 1696
276 4302
2097 1118
3278 4616
3062 1115
2909 4119
2644 219
89 1389
2593 2936
1588 1023
733 3916
1893 2560
1972 1073
3287 4214
1307 398
2108 4271
3025 1166
180 2910
2198 1757
1776 522
1232 2629
6 417
1068 4121
1726 1938
1467 3831
2355 1182
1054 262
70 1854
2481 4324
1510 1719
2227 4947
1083 2290
1165 821
2146 1743
2393 954
714 3386
2722 1169
2392 1874
341 627
3204 4445
2418 2441
1168 3751
143 3825
340 4699
1424 1550
1820 4133
1609 648
774 3489
1707 540
1615 914
1339 3664
741 659
1402 986
776 4114
1363 4735
867 2096
3332 644
3320 3228
1097 4881
2231 4431
3356 1413
2556 4333
1792 3266
640 544
1870 1682
3421 998
250 4771
658 4967
2286 2621
3453 4105
1521 2948
806 333
166 2398
1794 350
678 3181
711 1130
1101 1471
2144 3055
1655 4138
2265 4297
685 261
1991 207
775 2033
2151 1549
935 2329
3375 1678
3243 4507
772 3512
812 1017
582 1389
3109 4713
569 2423
2269 1780
239 630
2081 1412
3148 4205
861 3988
2797 1750
30 3709
532 2008
493 3185
2357 4619
151 3711
1247 403
2268 3389
242 3236
1797 1602
2287 726
1658 643
590 104
1550 3920
3385 2950
2754 1562
246 4111
53 113
3121 573
3413 1376
2619 4395
3037 2856
1526 2726
2710 3927
173 1956
1949 4318
2045 1962
2998 1482
157 1613
1774 1596
1965 3281
2639 3064
2716 4765
788 3729
2023 3873
1200 3809
2603 4260
172 427
2771 3443
3097 1074
2235 338
3450 801
463 718
229 1058
2402 4904
1808 2
1292 3457
1113 4013
1955 2434
3272 158
2199 2673
2476 446
2374 3018
1554 441
1346 1225
3168 2370
1224 3849
2860 2016
2459 2395
2196 2641
3057 1658
3096 2210
1661 2041
1395 2410
1259 366
1514 487
1300 479
1252 4603
1489 2283
1856 137
3089 146
1883 3635
2529 2859
2254 1104
3387 1212
2365 934
2668 1196
2908 928
642 1682
857 1382
1969 3935
1960 2035
2786 186
2514 2461
1330 81
2308 4141
1289 2698
3048 2414
2032 460
374 4113
1140 4800
2027 428
3435 1035
1625 4861
1689 1589
2420 808
519 4469
3460 2386
2845 4023
133 1707
1878 4074
1541 3911
829 1108
2798 1148
265 226
485 3939
1170 3394
2642 3389
1187 2901
333 2010
765 208
572 3379
2202 3041
1226 4429
2446 3871
2329 1492
1124 4857
3084 1105
1158 475
552 521
2880 3759
2016 4866
211 4751
2689 1759
2755 2701
432 1238
1738 1707
782 482
2002 841
1717 974
1354 2484
1460 3958
20 942
981 1322
2739 1527
2055 4870
3347 1394
2431 701
2629 4131
3322 2320
334 4253
525 2399
2082 1566
1138 825
2184 4732
2794 2095
3267 1793
472 1977
2058 4856
240 3765
845 1918
63 1351
1694 1709
984 4217
205 2852
2802 3253
964 2592
1538 3940
2857 3335
542 2381
2907 1576
1448 994
2854 13
1623 4953
3251 2347
2295 1307
2000 2659
3392 3382
2617 1019
577 4284
584 3435
142 2635
2741 3280
1474 1448
959 3096
1785 1984
3346 1039
2562 3954
1358 240
1297 2190
683 2857
2163 1245
545 2355
365 4354
2380 1125
414 1505
1656 4818
904 4637
2551 3613
2648 763
1071 2946
3379 1367
3115 2745
1816 3749
624 2118
305 1847
1629 3009
2545 3398
3177 1255
1286 4297
2951 4085
585 1239
540 3
1940 2349
1475 628
1802 4771
2549 817
2276 2167
2309 4007
273 1207
1596 2867
301 4987
2320 2819
2372 4462
2524 389
1837 536
3454 3181
677 4805
254 3942
1567 3919
241 2625
906 4944
2530 4836
3085 3292
422 3352
442 4307
314 3421
137 2670
120 2981
1657 3719
491 1167
2164 3450
1676 3567
2878 1323
2436 3379
556 2424
1049 1642
1206 2472
2775 2080
1433 267
1037 957
2088 2234
3183 4543
3422 458
258 3109
1513 322
2216 4355
2810 3463
1640 2942
684 2380
3092 2141
2441 623
2982 4207
3101 69
2625 4113
284 3559
1587 268
370 484
3107 4566
1406 2690
1316 1672
1620 3007
1910 1869
2241 2816
3447 1855
3386 2068
361 3722
1157 4087
3246 1237
3433 2217
734 1870
2412 1265
369 2064
424 2375
1891 2737
1133 3337
2005 218
680 1933
207 2069
3055 4986
1772 4805
3398 4259
1084 4264
2230 256
2969 2923
743 703
2868 3179
3361 2300
2978 1800
1401 4967
2515 667
2415 1314
251 2799
1757 2756
1709 1340
538 117
1435 1739
2576 512
2382 1789
1139 3803
3004 1886
944 4611
2681 2223
372 4486
1371 4479
3405 4191
1787 4108
837 235
1828 1121
3113 143
619 3163
2092 3774
872 2261
2605 206
1094 2503
1810 1911
3030 1778
612 746
2377 1065
2501 2688
1431 4763
1391 2413
2307 4587
1242 2932
871 2044
2270 2753
1421 2138
2339 4109
1383 1098
2026 4234
688 769
3200 771
512 579
1670 3962
3455 2947
2368 293
1239 1498
2904 2612
1295 1690
2064 1636
2191 2715
2352 3222
596 505
1799 4268
2499 2266
2912 1257
3330 2887
2728 1833
1589 1899
611 4383
1805 1132
728 4629
2255 4719
836 2914
1904 165
3451 4330
1439 2448
1073 492
1735 469
2469 649
473 3255
2345 2380
40 3269
1790 4267
3116 3944
1034 1436
536 1970
691 2632
1030 1822
1308 939
106 93
2703 1626
3266 2533
1457 3903
1703 1165
725 4977
90 4017
461 1376
3456 2899
3040 4465
2953 3217
1914 4922
2923 202
1164 1153
510 2369
2039 2679
1887 4571
3047 3049
581 4370
2662 1939
2450 2036
350 1269
1074 3050
1628 3639
2750 4385
814 3345
26 578
2154 2403
753 2243
2517 1476
2371 3420
86 301
1511 4761
457 3851
2805 685
3005 4813
1532 148
1650 2562
614 3546
381 3342
2401 2467
233 737
3232 2665
2579 165
3298 3763
271 4394
927 4461
1968 4636
318 2495
2350 2851
1428 2872
1382 4069
3026 4874
2669 1941
1389 3847
521 4740
2849 1537
676 1711
1479 4266
2477 4089
1702 1301
1537 1436
983 4989
1466 2097
349 2585
2839 1222
1109 1772
328 3893
1161 1378
852 1398
2568 4715
212 4703
2645 4544
2364 2684
2321 2770
1869 1958
2119 4456
1318 925
3 2578
1533 3922
3029 4976
426 3222
135 3828
2273 3726
307 1858
1643 3877
1050 2570
2188 4427
1321 3435
2111 702
518 1997
397 4835
1196 3417
1509 70
2177 4074
807 837
68 3668
1518 3952
3162 1301
853 1208
1483 1512
221 3906
1549 1723
2029 3440
549 1015
953 2844
2495 2447
3368 2315
3064 439
939 2148
169 4478
1020 4924
1240 2698
976 4360
833 2873
878 4367
2397 3287
2333 2798
2586 1031
771 1851
204 673
2831 1591
2438 2172
2970 3937
1873 3625
1741 1370
2327 3905
3063 2375
1192 1455
699 1220
1496 2365
2995 763
2326 223
2791 3005
787 743
248 1039
2505 1423
1896 1900
3462 767
3144 2310
3043 2053
791 4428
795 3346
3373 2908
1056 3015
3054 804
1921 1067
1024 4916
3179 1782
2038 838
2504 3499
544 3648
1542 1015
3182 25
1996 3117
1701 1208
918 4498
1606 480
1928 3990
1918 78
2697 3965
1079 3999
3050 690
553 1281
187 4416
2300 1315
2283 554
2646 130
847 3874
44 1030
1936 924
2925 1795
2228 4540
1993 1627
2126 3957
956 778
3077 2348
905 242
2158 1360
1276 436
1817 4854
1359 288
2823 4337
2483 3288
406 512
17 2512
2500 2138
1335 1147
3002 4825
1899 4528
730 3768
362 4372
2174 1753
2388 3434
206 1861
669 94
161 107
2855 210
1368 10
2800 210
445 1411
729 2032
2351 3074
1673 3261
514 3077
1598 1755
2105 2015
19 859
1744 2392
3140 3075
1290 1167
1420 2200
1492 2730
2928 880
3344 2630
2812 2248
3128 1624
1535 4415
385 2068
1393 2211
1750 2613
3268 4115
2259 2633
2685 4121
1937 694
210 4582
991 643
1022 3821
706 2546
693 2690
1832 4034
2808 4845
2080 2387
2336 4800
2138 732
2314 1852
114 3096
2946 4268
322 1986
712 3820
2379 2310
152 22
479 3537
2522 2730
195 3297
662 3173
1863 4698
2858 2774
3258 4725
2432 2038
2178 645
2793 2840
3023 2593
354 3548
1327 769
633 557
3098 3350
1459 1519
395 4792
1058 3348
564 3767
813 4231
1540 4874
2958 3879
163 3903
2035 2528
1123 3142
3000 2815
1977 1329
3255 387
2840 521
454 1847
3208 2945
769 4112
2148 786
531 2639
555 2891
828 3849
373 820
877 1156
141 1179
1137 118
2702 4123
2704 246
3381 1081
3297 260
1700 3467
1811 29
1633 3654
2729 4563
1807 1344
2762 4243
266 3027
2888 295
1528 4968
91 432
1696 1299
2622 2249
2875 2727
3300 777
744 4326
303 4098
3167 174
2489 1932
2859 287
2006 3381
530 835
2688 1881
2723 3667
2221 92
3414 4190
1990 4343
2846 569
1430 4781
1652 800
2328 4414
3438 28
943 3040
1219 3233
1852 1745
2084 1666
1130 1189
1926 123
1025 3666
1793 2216
2344 2333
3323 1129
589 3502
1843 4821
1281 1579
1966 968
3203 2284
2205 199
2395 2716
1826 1421
499 569
3209 1721
3448 3680
2206 201
1398 3238
158 887
571 3685
238 3157
1712 316
1731 2642
460 2412
2217 1413
1497 4138
182 868
2439 3124
478 138
1565 3128
380 2704
3008 3634
2717 2896
601 4105
2930 1907
1555 852
3248 3042
586 1393
396 2348
1922 3634
3207 895
1486 180
1193 448
2943 2062
2249 1029
1320 4923
2776 2260
1614 3928
9 1803
1488 4359
237 1166
2926 2420
191 3030
2940 2314
1517 4480
1408 1101
2299 256
621 2593
3306 3215
1052 3544
2924 4812
2219 3497
1014 810
2901 119
1841 2545
840 1494
2245 3814
2942 4881
2649 1633
466 1754
916 3560
2954 3836
641 2066
3445 3156
249 2830
2734 2256
2169 2204
2957 2292
2447 3648
3100 3346
815 1623
2795 3938
501 3002
2552 4550
3271 1224
2889 691
3220 1419
2965 1499
3348 1089
448 4805
3061 2137
3087 1596
1520 2788
1686 4058
930 1976
2433 3705
2777 4415
2863 3130
