687 3050
310 1053
1393 378
747 929
1050 3093
349 1853
367 3401
153 2215
638 2186
1694 945
321 1653
1613 2080
1034 2082
1724 4479
1579 4866
1292 3844
786 802
1387 433
1213 4235
463 4260
772 1045
272 3879
835 3442
316 4037
1722 1951
8 3954
805 1061
473 3395
978 2127
1274 4464
403 1881
1617 4534
1711 4093
156 4203
1227 3914
40 633
671 2902
851 456
1625 1210
925 3687
1341 3292
1289 2018
472 1027
1103 3980
893 1823
1563 680
507 3632
1384 2020
953 4328
1079 3793
199 4919
347 2977
1462 3433
1663 689
198 378
583 3366
1112 391
1399 2363
940 4423
45 2438
667 4910
318 1433
1312 611
1137 1740
296 581
96 3978
1714 4965
531 79
1078 1219
382 4924
1091 3728
894 4199
164 1616
1468 2099
252 1184
1549 2360
1279 2211
1080 13
905 3352
1255 3766
1658 3607
1571 1364
1284 4275
774 2898
273 2066
1386 1369
1318 1095
208 3968
897 3278
1190 4110
464 2616
797 503
485 1437
1200 2314
524 4648
435 4765
117 1796
1409 1642
1135 3084
465 3397
1580 48
17 4919
1516 587
616 4678
432 1787
1569 2351
433 4341
813 3316
1452 1302
222 4221
999 1709
676 78
590 952
1661 1948
372 3515
59 1919
1066 4522
1608 722
359 3607
35 1441
303 1974
1051 2250
1171 4332
1578 4820
1268 3815
356 4893
560 635
119 715
1389 4850
1316 2537
1638 3682
1323 3108
188 2749
534 814
545 289
1515 2198
233 4580
167 4547
268 3429
1225 2482
775 2953
781 3838
529 1995
353 4681
215 772
572 3468
70 4260
1540 1423
1042 2639
1294 3987
1642 2915
1373 2085
691 2288
1152 4528
504 3037
1397 3574
549 2090
808 3632
36 1803
1480 3161
881 4506
982 2565
611 1015
1314 3309
1430 3122
543 52
987 1817
234 2090
1370 1713
1333 4150
1603 2263
9 2792
1501 4520
913 1060
1483 1757
1077 1788
1069 910
1140 4514
615 3485
1163 691
1256 2408
628 4611
1402 178
1636 209
535 2609
1466 3355
277 4795
1591 3146
563 2194
1424 4040
1226 447
910 2055
949 1678
326 3761
1153 3814
838 4967
439 4636
422 1212
1502 3784
489 2388
1286 1655
1132 2453
673 3046
196 2916
132 1442
131 2874
229 3475
140 723
657 2204
609 504
605 2797
162 3844
1161 223
690 3603
850 2486
1197 343
251 2032
1622 353
274 1818
1358 2651
346 4625
427 3464
607 3757
1240 4545
1410 4590
1203 456
99 1822
186 4349
766 4350
1192 241
924 4431
509 3626
28 3968
589 1558
1353 4478
1303 4399
1582 3537
1351 4759
911 1401
1673 4565
369 1526
1524 3212
116 1619
1461 2228
454 671
479 3386
1282 1832
1006 1641
1053 1411
817 2398
1232 720
655 2843
1448 881
684 2521
1531 1054
896 1027
580 1717
1566 75
1666 817
159 4072
1217 3190
241 4037
875 1785
636 1666
1522 227
1304 2021
174 1466
6 418
380 382
750 1797
793 4707
1160 600
1106 1366
1315 4048
335 1172
849 2024
1574 4319
50 2948
1485 4286
974 4375
1705 371
81 3326
1198 1965
645 4837
358 3888
1558 1852
85 709
1202 3829
421 4766
1167 18
1641 2597
510 1621
700 3930
1407 3544
1476 508
546 1861
25 100
287 764
333 1074
481 4956
738 272
824 1342
381 1266
1014 4222
65 536
414 2898
336 754
843 2704
160 3926
1309 40
232 3208
1635 2871
200 2435
453 1072
1356 4439
574 4701
815 4287
1597 4765
1497 3295
1283 767
1512 450
996 4921
1076 3040
398 2422
1016 3235
1261 2033
984 1810
1290 4333
341 3663
393 4901
1146 1519
726 3891
366 2491
1361 106
1401 3443
1414 3898
1100 4166
701 2109
1534 215
1182 3347
95 4098
110 4430
1060 1958
1473 4020
1451 3521
784 2467
739 1926
804 4737
1338 1548
1007 4889
77 153
731 3928
1139 3187
1577 2120
619 3748
379 32
361 3360
873 3260
1238 2273
599 508
1510 4984
540 4114
1327 2051
107 4577
92 1202
1369 1224
1121 2082
650 3359
1071 3601
204 2837
203 1584
178 3263
1553 592
98 1846
1366 3879
1403 4996
927 4715
837 4734
904 3811
724 1647
1195 2433
266 4406
1463 2541
93 1647
1557 1655
1130 3143
1454 312
148 1616
1696 2988
528 4792
329 906
1637 1857
932 4709
1503 4398
718 495
106 279
38 3612
1449 2723
551 2301
323 4756
319 4573
216 3955
745 691
1554 1164
707 2452
138 743
907 2335
1335 2449
1321 2207
128 144
1127 2578
189 2795
826 1809
1699 828
818 1627
922 1829
78 4234
703 1790
842 3826
1306 3684
1365 1448
825 4916
331 2907
858 4531
571 1175
1425 1911
1664 4121
1193 4631
1418 2667
1011 4860
63 1042
1347 1367
288 726
265 2272
459 4040
812 872
1506 3988
1141 177
1539 3612
569 3323
672 2955
1020 2164
214 3795
1089 2198
1183 773
450 3269
1010 3304
452 4650
292 4263
1589 134
423 3988
778 4183
1415 2834
1019 1582
1514 0
27 3847
1442 1252
1626 4276
282 1947
101 63
1288 866
1201 3972
831 1862
269 3221
294 149
988 542
1537 4316
751 2586
24 2003
1527 4709
1490 1891
471 2378
640 3034
1254 4522
1229 2084
1683 4841
1244 755
1291 425
261 4035
357 2826
494 4365
760 1304
289 1505
420 4029
840 760
260 143
1342 1672
1481 1924
990 2901
1717 4618
736 365
846 1979
514 1078
124 3114
1024 2096
641 994
337 1169
207 4503
857 3600
878 2963
1443 4589
533 3343
1650 4681
713 4403
1561 4551
10 345
1375 3838
1337 1090
511 4673
259 835
558 3109
1276 1659
123 793
782 3751
728 2850
1695 3712
1239 4236
1568 3057
1269 3054
377 1442
613 3400
324 2216
1220 516
1420 3867
1438 2447
1488 3306
802 2065
902 2677
883 3789
1172 2425
971 802
596 724
133 3884
1164 1930
90 2761
161 2414
587 4420
7 2062
1117 559
1070 4052
1095 3340
554 2917
255 633
1162 4446
244 4537
1258 2191
759 3668
142 2488
573 1741
938 1770
823 1264
1530 871
1396 1257
1731 2243
669 3108
49 1756
46 1249
696 280
762 3296
705 217
909 411
350 4910
1187 441
770 4431
777 1880
756 2060
1621 212
1129 110
231 2083
1058 4225
1498 1436
1307 926
567 567
1708 3398
508 3291
1257 3113
828 811
55 2413
1472 1660
936 960
1564 1978
559 4042
1525 3728
732 835
956 3726
941 119
56 650
462 2015
1214 826
495 1709
271 4538
1105 3684
11 947
299 2552
1262 3093
114 691
1114 1917
195 4982
527 3732
1234 1448
1211 4373
1017 1950
544 1872
1313 2142
13 1245
1404 809
1158 2698
765 1755
1437 4070
1465 2387
1116 1375
279 3095
1657 3489
1030 2532
1541 496
1002 1693
1322 1987
767 953
1169 4525
91 875
22 1545
861 2425
135 4976
1062 3362
783 4174
385 2447
181 2136
822 1782
1474 4237
1411 4738
1311 780
933 349
1168 3900
1667 1699
801 4329
1489 4098
1583 747
591 3696
866 4741
351 3956
157 4436
180 2372
364 2402
51 2182
521 371
1038 2430
151 3268
1305 2511
931 4242
1605 268
1421 925
1495 211
1115 2623
1295 1967
498 3179
1087 468
1252 1455
137 1494
1267 2184
1419 4562
1606 1016
309 4315
1251 1650
334 2385
100 1864
280 4667
317 200
552 2172
575 909
1649 2357
1682 288
1379 3243
144 3810
885 132
270 3606
593 2240
566 2821
806 896
1032 2735
1015 3033
488 4341
1427 1457
1475 3410
525 3598
1165 1254
1519 1367
1123 4544
773 327
631 2779
58 755
1122 3886
120 3240
692 2825
1022 36
1194 74
1680 2955
698 3991
384 3352
322 2445
939 1148
41 1463
154 235
1450 3083
213 1827
663 3707
997 4735
441 1083
1689 4645
1026 493
979 4535
437 3389
702 1940
263 1727
744 1614
1727 3760
267 1961
963 1254
768 2481
1533 1101
2 1730
191 1169
225 4180
964 1415
1013 1234
434 2834
1518 1929
1285 3666
26 3851
914 1868
176 4460
487 4466
192 797
149 1700
130 4233
1043 140
220 615
624 1544
629 1267
1210 1484
125 360
625 4993
639 2390
1128 846
502 1930
920 681
968 55
666 4659
976 2135
1175 3662
467 1846
238 1876
1620 626
538 2982
1188 2831
1241 1666
480 279
1581 3138
264 1167
1184 751
603 829
386 1646
1371 4915
1273 1839
474 2910
1131 2491
1343 150
406 4949
1726 1702
1575 130
483 2480
158 1591
930 166
871 3189
1199 885
1413 3192
1709 1078
1652 4906
618 4022
869 4651
754 72
74 681
1101 4097
1302 4244
942 2512
1394 4249
1507 4839
165 3307
342 25
1547 866
113 2465
847 4104
649 4558
1319 4328
597 4400
856 2504
247 3562
1565 469
1064 3032
1148 67
962 2016
301 1733
1191 3896
418 4009
943 4618
376 646
536 1798
1143 3748
844 4624
965 97
1073 1739
228 1222
820 4304
879 768
1632 3451
378 2270
1067 1154
1212 3322
1405 4356
994 1888
64 2846
1477 2856
954 4258
1230 3866
637 566
79 3617
884 1676
1614 1588
1036 1166
211 3754
1049 335
634 4298
1222 2259
1697 4088
1526 1218
430 3038
243 2112
929 1058
500 3095
899 4634
729 4646
1659 3516
1363 964
1441 2220
1602 605
614 1086
339 1882
1124 616
194 26
890 1570
957 4025
1445 2877
370 4707
790 2994
1715 4831
240 957
966 4417
970 282
1730 2797
1380 2080
482 767
449 4639
182 449
908 3122
61 1153
512 65
659 4452
338 557
561 1737
201 3117
33 4603
392 1813
221 2942
1223 3844
1392 3994
1224 174
286 297
737 3260
1028 1188
276 1248
867 2704
1092 3173
80 2699
429 4437
935 4345
743 1912
1236 107
43 278
1233 1398
1385 3510
1334 4343
1573 4043
758 4835
1029 3
1344 706
517 4109
283 4485
530 4263
699 2335
1598 2307
1444 673
892 3180
757 1595
983 4761
1471 2584
460 1394
1691 2021
610 1521
1270 1561
523 4868
1082 1976
679 4583
242 3184
83 3349
585 1863
5 4879
1096 1127
915 3713
539 4291
490 1000
1594 4483
1126 3971
298 3631
1458 2418
1113 1026
1247 1400
307 4546
1647 3040
388 1506
1665 4245
730 3546
794 4555
1018 4761
442 1038
419 555
1253 4157
1710 1136
115 3538
681 2699
1395 4068
855 4585
122 590
880 2594
1455 2222
1186 39
1308 1878
1326 4863
592 953
1383 3164
1548 4570
476 3233
565 1604
1588 3870
1044 2349
608 4853
1147 4935
1428 400
75 4517
503 693
1259 1179
1021 2192
1412 1328
354 551
1651 4993
97 446
1340 2851
1562 4309
360 371
129 1445
1535 3666
715 4232
1231 3456
1249 162
1511 2540
227 3952
30 4685
210 2010
1719 3517
776 3761
1349 3359
1701 4519
876 154
727 1034
53 3505
1107 829
959 4399
513 3601
761 3969
752 1051
1725 1088
872 2187
395 2574
800 3026
1332 1344
1609 4659
788 213
103 1088
31 942
1644 308
230 2827
1 2788
723 4588
1376 127
1643 1548
4 1576
1088 1639
579 1300
396 2547
1692 562
1008 1495
57 1708
305 412
595 1832
1243 1886
1707 2188
314 4139
1713 501
719 4089
923 2069
1263 1298
68 1595
675 4818
654 2786
564 1794
290 139
882 163
803 2460
1248 2591
1154 2929
1633 4306
1245 3826
492 4865
405 2085
1052 1995
245 3909
451 848
14 1592
643 3889
411 519
1170 3429
1416 2715
830 4304
1025 2477
1209 2527
1656 2917
1298 2732
1457 3865
1645 1963
461 3185
1005 1785
653 4975
1616 3760
1460 3561
1063 953
562 3064
1378 4858
1523 1282
845 2695
1061 186
416 413
163 1134
436 1494
170 2735
1055 400
143 4261
874 2627
1000 1672
642 3095
1496 2536
1618 2559
1293 1206
542 515
1125 421
716 4553
870 353
862 3496
1150 1577
1098 1646
171 49
895 3432
190 3716
798 3598
1120 4808
1464 1230
839 3461
1035 2427
1587 946
1630 3589
118 351
771 3380
34 2264
71 2491
1207 3652
448 4866
315 1134
556 668
709 2654
1469 664
532 1418
1712 3768
1040 2739
1646 4217
1275 4189
373 1078
1604 4429
919 1407
859 4781
674 272
328 463
89 2819
1144 868
646 3462
1585 4445
912 20
127 2011
1048 1144
651 3054
325 3376
1206 1244
412 2945
706 4538
340 4959
969 4787
1560 796
977 742
42 529
493 3305
249 1612
688 70
903 71
134 1148
710 2534
578 4755
1177 219
854 3804
1544 1838
1090 4181
104 1297
1033 3485
1205 3284
570 1258
431 4062
407 1768
1352 3896
147 2050
1235 4971
1012 3301
428 1154
1372 1248
1681 3038
295 4866
1118 3903
136 4609
224 592
682 2340
496 2912
1075 2101
1354 173
661 2554
306 4616
48 403
1520 3344
175 2960
105 4719
1500 978
1570 642
944 2181
1400 4473
19 1328
1532 68
1336 618
363 3432
886 1555
1611 1996
764 4104
992 3155
387 2905
526 3380
621 355
408 2919
652 3169
1693 4427
1690 2290
677 776
951 1417
250 2448
491 4513
1102 3543
1382 1389
1180 3000
694 2202
577 3650
1111 1326
1408 4992
1157 1907
644 3124
921 2084
721 1388
1447 3250
1528 2492
478 2959
1586 4168
499 2089
344 115
1287 2991
1478 2223
206 1762
108 836
518 667
1721 1240
1136 4599
1320 3398
1654 1527
1434 1231
852 4952
486 1313
1612 1323
516 378
468 806
658 4351
1486 3669
827 3390
1346 968
1301 3947
169 3178
237 3507
975 4082
447 2095
1423 280
1300 2093
809 213
779 4045
226 2435
168 2357
548 3344
697 3694
145 2272
1505 1444
235 1098
627 2707
1297 2952
1094 313
934 2347
1350 3735
1517 4411
725 3424
795 1366
102 1956
1265 3952
1221 394
1684 2746
177 1571
1432 1665
1174 613
1446 3240
887 4648
1264 3415
1004 3366
1149 2574
246 2431
1138 1925
1296 803
383 1435
1074 895
60 2934
848 1387
469 4127
1250 2792
1362 2436
1057 4849
1056 4873
993 2041
1133 4612
1009 1279
665 1685
1429 973
814 247
753 376
918 1845
1189 2071
184 4484
1381 1059
1179 828
1687 2364
73 1005
1610 568
1655 511
1595 4744
1218 1466
1299 832
109 3653
928 1116
1536 4497
371 3426
466 4065
1631 4005
1723 4330
1559 4247
1459 4311
1345 3313
952 4592
660 2659
584 1008
689 4249
1266 340
1453 2989
1324 4690
704 4357
52 2956
455 560
394 1457
708 4110
47 4328
780 864
32 4483
1729 4144
720 4962
877 1844
1357 379
1119 4162
308 3886
1374 3777
1572 3616
1277 121
1196 2837
853 4567
712 1460
836 3365
989 3497
1607 2253
1456 1900
146 2791
620 3226
202 4407
537 2760
365 3990
1704 4365
1237 546
1159 4363
1215 445
3 1545
1685 2660
1181 3534
1509 1030
150 2828
553 3104
1703 4305
1479 3483
1185 3227
1599 3452
1039 706
1001 4305
555 4035
219 2052
998 3558
1508 4166
456 1711
985 1298
313 922
126 2453
582 196
981 2514
623 4225
972 2754
1330 2784
755 69
1216 1302
686 2091
792 3551
475 1029
633 2960
327 3783
680 1767
88 3325
1640 4973
648 2688
410 171
111 979
444 4153
23 4133
901 540
1435 479
1329 2240
400 192
1173 4854
520 173
1677 2923
1391 3031
352 3666
1504 3434
297 2319
1108 21
1134 1640
1355 3245
1046 2887
355 1981
484 3909
916 2190
1110 3697
197 126
588 2853
832 4090
1718 1625
1529 3173
1672 40
389 773
424 4716
1596 98
1085 186
664 3140
581 568
304 703
1600 3896
1093 4028
670 2732
1178 19
1686 3315
1660 2476
1176 801
917 4971
547 143
1368 1163
1281 413
1676 1201
275 3566
458 4968
87 4454
1325 2063
348 121
1426 1132
368 1927
1166 2914
1538 1609
1367 3256
391 231
285 1564
239 1456
995 2841
457 1897
841 4300
1702 2854
258 364
1037 3926
821 473
1359 2098
576 73
1567 1873
749 4185
332 3555
735 883
1624 4106
390 1695
1619 1120
1543 3994
254 464
94 4406
991 522
888 540
44 2986
1348 3269
946 117
497 1296
799 1858
413 3775
445 825
404 935
769 1214
1272 4323
733 4965
683 4168
1678 2398
29 1932
1546 3335
695 3334
1670 1496
1081 2586
1145 579
1484 4680
218 2953
1204 280
183 3335
986 3879
791 3795
281 3218
891 4521
980 4278
262 3019
1653 1321
1003 793
632 3587
173 931
1242 3073
1698 897
829 3817
602 4413
626 3037
945 4585
948 1854
21 212
278 698
693 4018
662 1243
1629 3016
604 1167
541 3639
1716 2292
1104 2257
819 1910
343 3474
209 3534
656 563
1208 2894
1027 3380
1674 910
868 3939
415 1797
522 4787
1552 2340
1031 3211
1422 3135
717 4595
1467 4780
834 2113
1634 457
12 4893
807 1352
1156 1441
62 2926
54 4031
1601 212
1151 3655
438 4083
187 4856
1377 3847
1310 1825
1246 1442
1671 1420
82 1765
586 436
141 3506
426 3799
1072 527
39 204
601 2761
1550 978
76 477
37 3417
967 580
1317 515
293 574
1084 322
1688 4912
506 3878
345 2568
112 1143
742 2983
223 2705
711 4772
863 2176
1491 52
668 2686
1590 3962
217 1890
678 4194
622 1969
519 3899
374 2870
172 1447
1584 4580
362 2140
926 924
568 181
598 603
789 71
1494 3657
1492 4560
606 910
1700 4611
1593 2049
1364 247
291 1530
785 4255
330 3040
1639 2496
612 4485
763 2563
1551 4383
796 3390
1542 1064
1328 529
515 4510
1097 4716
409 1114
1417 2176
257 4783
1487 1951
1433 2092
594 1885
1499 989
1023 835
1440 2569
833 1872
1728 23
860 3792
212 3892
399 1627
1662 3696
425 617
685 1451
1439 2983
865 1594
1623 1997
66 4720
740 1925
248 4251
1083 353
1406 4769
960 91
1482 2288
179 917
446 495
1045 593
1615 3212
320 2193
1339 700
152 67
1142 949
501 4764
1155 383
1545 2772
1513 722
1555 382
1388 3470
302 358
937 1655
155 2584
1331 1847
1219 1266
1493 3839
1390 2093
193 4283
1109 1532
1470 928
121 4662
1668 2148
253 1777
69 1480
18 108
734 1733
864 2894
900 1802
958 3235
1228 1446
256 2965
1576 128
1436 2801
816 3730
722 4827
741 3693
1086 3907
1628 4330
1054 3524
205 1945
284 2375
300 4349
1706 3890
1280 1549
889 3454
810 563
714 1929
1592 1199
647 127
1041 4689
947 3940
955 1458
630 4816
906 969
1720 970
1068 1851
72 1511
15 4410
1059 2919
505 2147
1521 4827
1398 3451
470 4664
166 828
20 4900
1627 84
440 3217
811 975
1260 4125
950 1691
236 3107
898 1141
1669 146
746 2314
1556 593
550 4551
1360 3667
1047 2265
973 393
139 2839
1278 4219
557 1971
397 570
84 2758
1648 2906
67 2063
1099 2799
417 1724
635 3337
961 4087
787 1798
443 1841
375 4214
16 1278
617 2528
311 1712
477 959
402 3483
1271 1419
1065 4432
312 3560
1431 549
185 3838
1679 2172
86 4763
401 4826
748 3950
600 3864
1675 3321
