687 4153
310 1696
3264 3897
3163 1331
3131 3851
2751 3607
3360 3609
2223 1862
638 3235
3879 715
2493 3256
1613 3497
3190 949
1724 728
1579 3982
2819 69
1761 4557
2087 3634
3658 2518
3399 3314
1884 4002
3118 2040
2396 3920
2106 2282
1722 4457
8 4919
2491 3609
3035 4072
978 3604
1274 4758
403 2344
2325 433
1711 1854
156 1650
1227 1066
3497 2263
2069 1967
2419 3782
2472 2099
2981 1359
2487 4617
2761 1518
2822 845
3825 4779
1739 1965
2997 4884
507 2453
2128 546
1804 3021
3206 3517
199 90
347 124
1462 1732
2949 3685
198 4864
583 3004
2201 1724
1399 3416
940 2918
3617 4050
1830 1678
3093 1903
3800 842
3326 732
2274 1079
2317 4440
1714 671
3598 3500
1078 4241
382 4256
3602 4504
2014 4751
2389 323
1468 2424
3934 3203
3804 869
1279 466
1080 1649
1901 2232
1255 4857
2686 2395
2233 316
1284 3751
3529 4236
2884 2512
2497 1966
3260 1082
3227 4450
1838 4685
1190 3302
1747 1049
797 4246
3907 2502
2291 4290
524 776
435 4304
117 4225
1409 4151
1135 217
3683 4990
1580 1908
3230 929
1516 852
2160 1572
2916 1353
1569 2656
433 3774
3425 1404
1452 2555
2449 806
2986 2382
3102 283
2687 3184
2737 1680
2963 2868
3376 4762
1066 643
1608 188
359 4448
2623 3999
2851 4113
1051 1545
1171 4281
3864 4187
1268 2525
356 2249
560 4383
119 2699
3099 2996
3939 4999
1638 516
1323 2719
188 1064
534 3790
2833 809
1946 4149
3640 2100
2502 3993
3899 4177
3484 386
2660 1394
781 1799
529 1332
353 385
2008 1859
3912 474
2988 91
3307 1803
1042 276
1294 3074
1642 4907
1373 795
3042 4839
1152 4648
504 1655
1397 2747
3149 4838
2363 4648
3480 2307
2139 3751
881 3641
982 4619
3024 639
1314 1221
3358 4916
543 936
987 3197
234 2475
2569 4343
2492 3893
1603 172
3796 4021
1501 589
3350 4328
3145 4895
2378 2635
2468 120
2765 2791
615 2744
1163 2367
3056 2326
3215 4842
2630 4980
1636 1243
535 4907
3773 3472
277 3440
3701 3673
3630 416
3342 1408
2788 2067
3885 1547
2608 228
326 1115
1153 800
2542 2383
2606 34
2899 829
1502 1963
2673 4519
1819 4277
3715 4998
673 4122
196 4271
2359 4563
2391 3974
2718 3773
2125 1142
657 1536
609 1770
605 4176
162 3331
3253 345
690 2721
850 4606
2482 3892
2967 350
1622 550
1733 4431
3513 4905
346 1545
3539 4607
607 4847
3157 4712
1410 1054
3757 586
1833 2776
186 241
766 4296
3173 1140
924 2401
509 515
28 4339
3372 3796
2162 1239
2094 1621
1582 723
1759 4400
3543 4685
3403 2888
2947 2227
3223 2034
116 1464
3075 192
3316 3685
2591 1540
1282 2835
3647 2896
1053 3899
817 2864
3772 1045
655 3200
2836 480
3427 2050
1531 1219
3694 2109
580 3987
2706 944
3507 3922
159 1311
2267 2227
1934 1435
3572 3221
636 1691
1522 1473
1304 131
174 2371
2599 892
3397 2843
2570 492
1825 2486
1786 3578
1106 1706
1315 3134
335 3024
849 3693
1574 3360
50 4383
1485 2572
974 2877
1705 1345
81 4882
3516 711
645 4677
3930 488
1558 1177
85 234
3696 4171
421 3494
3601 2369
1641 863
3059 1760
700 557
1407 1127
1476 1104
2096 3441
25 4945
287 3540
2784 3942
481 3666
1763 720
824 689
2792 2960
3429 4034
3611 114
2732 2820
3491 639
3745 3437
160 947
1309 2992
2801 2647
1635 1973
2018 4150
453 4145
1356 967
3840 3950
2744 2204
1597 759
2435 4010
1283 2095
1512 2142
1939 238
1076 2510
398 3056
1016 182
3681 4716
2828 4305
3314 1117
3675 2125
1871 972
1146 34
726 428
366 862
1361 238
2461 3946
1414 2778
3762 153
1767 1409
3383 817
1182 1356
3502 405
110 3864
2266 4921
2076 3643
1451 3326
3857 2231
2136 2687
3650 4134
3212 749
1007 449
77 4353
2719 3699
2974 173
3938 3188
2985 1280
379 4142
3642 2414
873 4046
1756 505
599 1683
2607 2365
2877 3832
3299 3098
3472 4155
2615 3122
2062 1705
2046 4927
650 2213
3582 4782
3868 865
2596 3670
2361 4968
2513 2538
98 508
1366 3034
1403 693
3091 909
1952 2168
2862 3866
724 838
1195 3539
3337 891
3761 1724
93 2377
2021 414
3366 753
1454 4127
3668 1554
2284 806
528 3544
329 4183
1637 3678
932 2190
1503 4122
718 4483
3045 4895
1809 2402
3801 253
551 4416
3915 2985
319 3612
3898 1318
745 3091
1834 2928
2078 3076
3576 4854
1771 2155
2066 4742
2983 1670
128 3202
1127 3840
189 2512
826 1226
3703 2981
818 2355
3584 840
78 2358
703 1781
842 4652
3890 326
1365 579
825 4168
3651 3736
858 1472
3420 923
1425 2615
1664 3657
3409 3132
1418 2079
1011 1583
2075 3742
1347 2780
288 3681
2779 673
459 2918
3536 4829
3644 4158
1141 3468
1539 1033
3301 4193
672 218
3156 2794
214 485
3036 3962
1183 1387
450 292
2408 2725
452 2695
292 1282
3733 2160
423 271
2968 1693
1415 667
2760 4599
2740 3050
27 549
1442 1775
1626 111
282 2068
1766 4882
2012 4886
1201 2215
3670 235
269 1940
3910 4234
988 995
3805 1112
751 3312
24 287
1527 4499
2337 1952
471 4179
2641 2174
1254 3670
1229 2676
1683 1436
1244 4603
1291 1742
3569 4418
2474 2878
494 883
760 2253
289 4597
420 569
3880 178
2484 2785
2302 1594
1481 3416
990 741
2804 4236
736 3129
3889 4790
3249 2036
124 2401
2485 1955
2659 1379
2512 300
2195 2388
1734 1627
3160 1054
1443 3926
533 4310
3082 4006
713 3680
3758 1639
2072 2145
2480 1601
1337 525
2766 4082
259 3817
3574 2561
3224 2120
123 2629
2830 4490
2714 2719
1695 353
3011 4154
2611 2694
1269 1629
2394 524
613 650
324 195
3792 3953
3065 1965
1438 1279
3416 1633
802 401
902 2120
2406 1545
1172 1160
3238 3778
3017 1252
2774 4274
1983 406
3051 4572
3241 4567
587 454
7 966
2897 2400
2938 1350
2790 217
3541 4951
2597 4022
1162 2815
244 3340
2490 471
3698 2223
3568 1972
573 2003
938 685
1742 2935
3038 1081
2261 4726
3389 2114
3240 398
3746 2090
3814 3732
696 2503
762 383
705 3475
909 4641
3066 623
2783 4365
1866 3043
1795 3278
3897 4045
1621 3440
1129 2111
3669 1481
3304 4317
3781 3240
2975 4257
567 4769
1708 3062
2306 1644
1257 2839
1824 3524
55 461
2124 4404
936 4179
1564 2457
559 3903
1525 4715
3210 4626
2384 1071
2052 3109
56 1735
2426 2240
1214 875
495 3272
3090 2700
1105 3797
3693 4288
299 3127
2349 359
2113 3346
1114 3104
2013 3876
527 4863
1234 2932
1211 776
1017 4969
3494 4767
1880 528
3599 1217
3338 1263
1859 326
3349 992
1437 541
1465 3337
1116 216
279 1601
2422 2677
3185 2350
3394 1301
1002 379
1322 1356
2140 287
1169 3241
3340 908
22 277
2674 4796
3127 3268
1062 4915
3717 476
1818 896
2303 1512
3343 4755
2848 923
1411 2063
1311 575
3558 3755
1821 2844
2873 2853
2293 4015
3802 2264
2003 4414
591 4078
3798 4129
2709 3560
1890 3032
2539 2125
364 1157
51 4397
2423 1481
2520 858
2680 4724
3526 3898
931 134
1605 2980
2252 2283
2176 708
3725 1099
3013 3602
2275 217
1087 38
2742 4066
2902 4508
3830 4568
1419 2427
3202 943
309 3191
1251 2074
2815 376
100 4413
280 3369
3169 2155
2820 368
575 231
2444 3666
1682 2002
1379 4622
2239 4981
2541 4205
270 2702
2972 3349
566 4601
2338 1993
1032 3202
1971 2460
2955 2044
1427 4655
2891 4447
3295 3347
2610 2405
3616 222
3311 4908
3225 2595
631 2113
58 2841
3467 818
3104 730
692 1717
2724 4852
1194 2246
1680 3418
698 933
2424 872
3283 4624
3488 3837
3783 1483
154 2498
3806 4614
3759 359
2670 3680
3661 3402
441 466
1865 2383
3589 154
2756 774
437 3030
702 3928
263 1016
3345 4243
1727 2520
267 487
3760 1887
768 1786
3124 385
2 4388
3591 1819
3535 546
2282 4013
1908 760
2197 1665
3142 3081
3723 2992
2098 4443
3476 515
3496 3510
487 825
192 755
149 1489
130 4177
1043 1109
3721 534
2869 2464
629 4764
1210 4826
2881 3406
625 3307
2882 996
1999 3857
2281 1261
920 441
968 2935
666 4407
3158 1754
1175 2420
467 876
2375 3781
2936 1751
2463 187
1929 4606
1915 3
2238 2029
1581 1390
3492 609
1184 1463
2531 3033
3861 130
2979 2003
1273 2962
474 972
3423 2906
3638 1432
3493 2509
2601 686
1575 1390
483 1049
2172 2773
3461 779
2271 1912
1199 4886
1846 881
2454 2230
3359 4074
618 4284
3808 2585
3635 4535
74 3065
2654 3452
1302 188
2525 1131
1394 915
1507 1127
165 2893
342 75
2429 4195
113 3740
3391 1377
3677 2418
3931 1062
597 446
856 141
247 1304
3396 1045
3282 4396
1148 2352
962 143
2886 1436
1191 1184
418 3647
2554 1714
376 731
1992 4938
1143 741
844 1276
3726 2819
3032 2567
228 4501
1746 1254
879 3483
1632 2441
378 742
3906 2080
1212 619
1405 1264
1931 4232
64 4568
1477 3339
2618 1776
2572 3864
637 1037
79 3564
1851 2560
3355 3585
2507 3415
2036 705
2911 2951
634 217
1222 4936
2519 4718
3205 1098
430 2707
243 2025
929 1677
500 93
2353 4400
3774 4663
1659 1565
2632 3827
2362 4711
1602 1054
1758 119
339 872
3925 2037
2553 2980
890 290
957 3832
1445 4893
2294 2087
790 2793
1715 4179
2278 4841
966 4508
970 129
1730 3567
1380 4939
482 79
449 3117
3393 1490
908 4163
61 2348
3007 742
2167 2091
338 2323
561 4831
2232 4845
33 2411
392 689
3620 334
1223 786
3531 1271
2731 749
286 2885
737 4054
1028 1697
3088 2945
2083 4734
1092 151
2400 3673
429 4538
3153 1454
2960 2531
1236 2138
2544 544
2192 708
3470 932
1334 482
2381 4185
758 2660
1029 4423
3428 4755
1803 4082
283 4632
3351 1127
3174 4895
1975 1033
1444 2050
3597 3520
757 3149
2933 2648
3547 685
3390 2161
1691 1059
3473 2015
1270 1384
2104 3324
1082 2159
2407 3137
2683 3442
1827 1488
2876 4012
2581 4666
1096 98
915 3014
539 3378
490 3289
1594 472
3538 4771
1806 4100
2966 4006
2614 2240
2528 1251
3129 2469
1647 2118
388 3507
2049 3220
1920 1287
3862 1896
2417 2456
2900 3750
419 3875
1253 1021
1710 3175
115 3927
681 2100
2112 4799
2024 711
3606 1795
880 4535
3856 1222
1186 1514
3044 4814
1326 4362
3894 1254
2182 1334
2030 3757
476 1502
3457 4009
2587 4180
1044 2549
3578 318
1147 2069
3095 545
3771 955
503 2512
2095 878
3845 2442
1412 4759
2745 1230
1651 4025
97 2620
1340 2391
1562 2037
3216 389
129 2036
3262 3768
715 4571
1231 3243
1249 2109
3221 2851
1911 2261
2676 4248
2746 3200
3627 1506
2430 3710
1349 1872
3833 736
2123 1615
2130 4540
2692 4040
2453 3297
2458 2808
3690 2616
761 3875
752 3582
2304 1292
2811 540
3303 1060
3836 2991
1332 4501
2624 2307
2708 4563
2047 2893
31 4939
1644 1734
230 3306
1 4911
723 802
1376 475
3130 820
4 699
3247 4404
579 2497
2980 3570
1692 762
1008 309
2561 13
2870 1001
595 151
2567 443
3612 1108
3430 3852
1713 2717
719 2656
3676 238
1263 1889
3141 3070
675 1556
654 449
3305 749
2693 1632
3486 2585
803 156
1248 688
3743 758
3333 1023
1245 2783
492 2670
405 1541
1864 2364
2011 850
451 1321
14 1533
1812 3514
3776 3308
1732 4846
1416 3075
830 1260
3211 4905
1209 2319
3918 1233
1298 2861
3336 3727
3913 3343
2079 561
3074 4311
2527 199
1895 1000
2806 3081
3896 4533
562 3142
1378 674
1523 4731
3548 1036
1061 4925
416 3150
3199 721
436 1547
2799 0
1055 2783
2620 4088
874 3387
1000 4591
2753 2019
3175 2791
1618 2860
1903 2013
2834 1227
2547 3357
716 1138
870 3578
862 4341
1150 2537
2149 3937
2582 3394
895 4561
190 801
798 1961
1120 2608
1464 943
2725 3792
3692 2615
2503 2097
1630 4622
118 1152
3164 4612
34 2115
71 4409
1207 3672
3053 435
315 1559
2540 499
2025 1867
1941 2217
3714 4083
3388 1486
1040 3528
1646 1555
2256 3915
2250 1319
1604 3358
3926 1109
859 3411
674 2319
3112 2963
2585 1654
1144 4287
646 4422
2787 4604
912 4369
127 1247
2222 966
651 2528
325 2316
2318 4856
2214 987
2464 554
1943 1361
2354 4083
1560 2313
2509 4616
2288 1287
2684 848
3702 214
3080 3285
903 2516
2385 4779
710 3073
1823 2916
1177 3865
1905 1098
1544 858
1090 481
2578 580
1033 1519
2789 4946
2229 4967
431 4080
3231 3573
1352 134
147 4085
1235 2070
1012 2041
2093 4607
1372 3701
2565 4927
295 2440
2091 1884
136 1481
2387 4398
3566 3146
2508 1715
1075 4985
3079 345
661 2157
3643 3647
2471 1161
3120 3364
3525 3555
105 3825
1765 4718
1570 1259
1974 1398
1400 196
3252 3591
2310 3485
2727 1882
363 1678
3888 2643
1611 663
1961 3644
992 4151
387 1603
526 3508
3424 2270
408 1194
652 1310
1693 2454
1690 4105
2892 270
3893 4562
2584 4038
2905 3976
1102 35
2736 1317
1180 99
2010 1947
2844 3137
2071 3120
2918 2641
3434 3320
644 1499
2532 1636
3604 4799
1447 583
3339 1862
3395 3214
2466 3106
3380 2473
2186 1435
1287 1868
1478 4861
3936 1303
3544 4482
3135 3689
2165 4388
3546 1461
3412 370
1654 2377
1434 3542
3114 1387
1964 3488
1612 2037
516 86
3411 4585
3117 722
3408 2185
3917 4722
3217 3642
3354 4632
3155 2093
2330 3396
975 1418
447 2397
1423 826
2847 25
1829 3091
779 3028
226 904
168 3935
1874 2059
3610 1733
1950 1871
1505 2665
235 740
3859 2264
2837 2963
2989 3621
934 2488
1350 2389
1877 2875
3407 521
3187 2223
2577 4735
3878 4877
1221 1697
3682 2600
177 1925
1432 2508
2473 916
2348 2383
2323 3423
1768 887
1004 3414
1149 1625
3655 942
2818 4055
1296 2441
2782 690
3554 4343
60 4269
2516 2196
469 4136
2409 2979
3365 3040
3382 3704
3189 2749
993 3306
2950 2332
1009 4732
3822 3150
1429 749
1894 2508
3720 827
3201 3956
3892 3527
2841 2369
3561 116
1839 4131
1687 1917
3377 2268
1610 2643
2656 4875
1595 4844
1218 3953
1299 3121
3188 2682
2993 3938
1536 2971
371 872
3865 1289
3712 2053
1723 2652
1559 910
1980 1162
1345 110
952 4144
660 421
2118 4327
2211 4363
1266 2623
1453 2454
1324 558
704 844
52 2212
2590 1671
394 2181
2150 2671
47 4391
3664 2086
3787 3051
1729 3269
1909 367
3324 362
1357 1548
1119 3715
308 4454
2225 1429
3369 3383
1277 1473
3137 4406
3184 2992
3284 4962
3028 4515
2215 4302
1607 3714
3794 4459
2488 278
1752 2026
3279 3771
537 936
3292 4876
1704 3353
3474 130
2511 940
2007 1059
3170 1915
1685 748
1181 3444
3138 4555
3663 631
3737 4836
3049 1100
2285 4779
3706 4183
1599 1131
1927 2356
1001 1435
3321 940
2153 688
1782 992
2518 260
456 3519
3914 2778
2132 2782
126 3324
2073 3186
3678 4009
2193 1334
3553 3206
3161 4655
755 4501
1216 300
686 2674
792 4977
3219 457
3259 2633
3353 2301
1754 201
2152 2011
2735 3413
3069 3814
410 3491
1876 1806
444 4468
23 3660
901 2769
2971 545
2442 4699
400 1771
3596 4045
3872 476
2200 3651
2996 1927
3483 3823
1504 856
2637 3667
3520 4960
1134 1445
3820 2099
1046 459
3466 2347
1998 725
3437 4913
2575 3344
1783 318
2147 1215
832 3537
2589 774
1529 909
1672 3415
3487 2749
2948 2227
2885 4514
1085 1263
2324 3481
2462 3154
3790 1281
3770 4543
1093 465
670 1319
1178 4791
2772 522
3662 454
3935 2128
917 501
3823 3375
2664 2802
3374 321
2835 2101
2937 2405
458 49
87 1639
2376 2405
348 4617
1426 623
2465 555
3452 271
2832 2661
1367 2639
391 3216
285 1607
2671 4850
3852 2794
3018 1401
2179 3579
2440 4083
2264 2603
2915 929
821 3679
2451 1429
576 4081
2262 2028
749 2276
2061 920
2917 4331
1624 4020
2367 1793
1619 1109
1543 1460
2893 4037
3495 2320
2991 378
888 1834
3489 3523
1348 2159
946 2497
497 4933
2279 1402
3901 3226
3245 2042
404 210
2060 2506
3877 2898
2019 4234
2475 3687
1678 1980
3809 1924
1546 1961
2843 4767
2257 2909
1081 988
1942 4349
2134 2820
218 2283
3755 4921
183 2526
3730 4728
3186 537
281 3251
891 1221
980 1967
262 2602
1653 524
3641 1664
632 2148
2699 2184
3327 95
1698 4852
1957 4670
602 3937
626 582
2183 2628
948 3148
2373 112
3853 2030
3274 4325
1886 2434
2990 3196
2089 2294
2486 1950
2548 1433
1104 182
819 3014
343 1293
3764 3624
656 4346
1208 3701
3542 4817
2242 4259
3469 755
1954 290
1745 800
2346 3069
1988 2435
1422 3060
3855 3583
2602 4373
834 1245
1634 2174
12 3262
3887 3478
1984 510
62 4465
54 2004
3780 660
1151 3062
3443 3791
3329 1429
1377 3679
1310 815
1246 1223
3634 707
82 325
3404 2244
3573 3056
3126 330
1072 608
39 4422
2296 3108
1902 2358
1777 254
2550 4435
967 616
1317 233
293 2349
3444 3749
1688 4010
3406 3
345 1578
112 4905
742 4700
223 584
2653 1544
2733 1631
1491 1088
668 1843
1590 865
217 1376
2652 4398
2280 3654
2796 2854
2764 4162
1989 1317
1584 2788
3236 308
926 2115
3732 4646
598 2474
789 4335
1494 365
2114 2701
606 4184
3331 1702
1593 2661
1987 1527
291 1899
2470 2547
3765 1264
2212 3915
2992 4218
763 1834
1551 4152
796 452
3197 3400
1328 972
515 1563
3871 1829
409 2463
1417 313
2657 3326
1924 2731
2914 406
594 1130
1499 2955
1944 4910
1440 1281
3159 3207
1728 2377
3288 3431
2220 1653
2726 4102
3585 3303
3695 2578
2658 1959
2803 3432
3442 3958
3900 2375
66 1018
740 87
3180 4882
2609 3321
2443 2056
2720 168
1482 3635
1849 1010
446 3208
1045 3476
2627 4488
320 1492
2628 1371
3500 1146
2428 3365
3449 4555
3718 3210
3831 722
3579 4990
3402 651
1388 4018
302 2299
937 301
1976 1782
1331 3198
3364 4972
1493 123
3875 3409
193 1701
3111 2928
1470 3848
1973 4302
1668 1809
253 1661
3940 4737
18 2818
2945 2116
864 808
900 1185
958 583
2758 299
1831 402
3799 4736
1436 1317
3191 4248
722 3587
3614 527
2277 3116
3068 4731
2604 138
2312 1244
2301 343
3648 4773
1706 3265
1280 1648
889 2221
1845 3772
2613 1740
1592 4445
647 151
2101 4721
2403 1375
2334 681
2204 3485
1737 3807
3740 2156
2600 680
2416 611
15 4613
1059 3827
2543 1519
2864 2608
2366 4887
470 932
2650 4709
2807 3800
1627 2248
2086 4569
2067 640
3015 1518
950 2726
3581 3763
3315 3921
2028 4751
2102 3410
1556 3107
550 2993
1360 3736
2034 636
973 2726
139 4867
1278 786
557 1272
3136 2174
84 2566
1648 915
3797 1717
1885 2451
417 709
3629 2122
961 3761
3628 3826
443 4600
375 1656
3874 1339
617 3988
3684 4701
477 2370
2763 4855
1271 634
1065 1301
312 2592
3176 2884
3672 287
3795 4176
2017 1630
3866 2340
748 2867
600 2605
3674 2530
2452 4012
2050 4667
2690 280
3844 175
3286 3242
2661 1997
232 234
3729 742
2090 926
3123 3010
823 1167
805 961
2289 1471
2127 203
2331 669
464 4869
921 3460
3125 2913
2260 87
3222 4168
3532 2356
896 826
2077 1683
48 4385
1238 1030
778 4353
3291 1131
1351 314
630 2927
786 1559
2573 1501
738 2797
1986 2435
1500 4595
101 4432
701 4597
1264 29
3384 1783
1202 881
907 3998
3867 4084
498 260
1897 4578
390 3806
2194 3927
76 1720
2636 2204
1341 3196
2340 916
1230 2682
998 4590
3335 2636
2651 1835
2207 2152
1160 1055
2383 443
884 1871
170 2076
1530 4019
2759 1119
2959 3916
1572 1205
1404 3816
777 3505
963 1004
2678 2705
3813 816
3078 1835
92 1366
2135 3204
2663 3412
3886 4085
2427 3031
3325 3825
3571 2124
197 4247
3727 4566
2821 3183
2871 790
3932 4044
2634 4507
2043 4625
2051 2004
694 470
1601 1064
2358 3759
2099 2928
2672 2742
35 1691
2695 1705
989 3816
578 2764
2521 373
793 3994
3920 2371
83 2210
2057 960
809 3352
667 3329
256 114
1515 3443
99 1066
3022 672
608 201
2769 631
2180 4107
897 69
1179 1335
1258 3703
145 2950
153 81
3843 2111
264 1518
810 895
3847 2727
3233 4699
2237 2876
3590 640
2691 802
1788 403
1879 3133
2809 603
121 1790
2457 1901
2939 1289
412 4077
671 3463
3296 4468
2962 506
2343 402
3815 3825
3083 3641
3426 398
2168 3875
770 1921
2935 3683
3010 2483
3459 1746
3560 4854
393 2386
1780 1914
3615 2524
2001 1973
57 3794
111 4035
2643 765
1591 2877
3363 4734
1313 1703
1128 950
2537 1481
3270 1326
3418 2003
1099 148
1947 3401
565 1681
1789 4719
750 1286
1930 461
2208 6
3226 3003
3709 3554
2413 2604
1616 2179
1027 1733
955 1208
3009 4852
3689 3585
1784 3974
1751 3993
3551 1222
1994 1033
899 2716
854 1883
2973 3211
2159 96
1013 3596
2037 419
275 3563
227 2414
995 1038
558 3172
3716 1196
1241 1477
2341 1596
1204 3452
3478 3771
257 4474
3235 2590
2360 4075
506 2870
3263 3295
1487 4301
2679 4654
486 2013
1039 2193
3626 4342
3508 1682
3046 1525
994 1424
2210 4108
415 3008
2103 3142
3237 2714
628 1598
219 3461
3362 1055
996 923
593 2441
1469 2054
1145 2157
2621 1414
2015 3781
2460 2637
3275 4497
3834 861
3244 1350
1225 3765
3742 1750
1889 2581
2927 3510
3273 1664
3512 1709
327 4965
3334 3962
3463 1472
3557 2018
2535 1120
3510 61
3523 4200
1740 2452
3927 4166
2020 3193
785 4710
1057 4071
3021 191
360 4565
2369 4643
413 4399
1015 1196
455 2624
1854 4448
2976 1681
3250 211
3654 3554
3464 3917
1720 978
357 1357
2455 1333
3352 4348
2895 1356
3058 2318
1156 795
883 3081
735 115
3736 1426
1907 2869
2712 2437
41 2646
3439 4678
3041 1954
2065 4832
1293 287
1956 3265
1959 1849
2635 4406
484 4144
1881 1851
2056 1626
548 1797
3031 1057
1583 3612
2322 2543
2866 756
2566 964
2115 632
2315 321
910 4707
1815 1885
2059 2982
1288 3492
3289 1308
894 780
1023 2662
2713 1193
3076 548
2456 1794
3937 2638
3367 1050
1557 2419
1781 2269
351 1534
1798 2902
709 895
3530 4954
3818 328
1669 499
489 1288
1548 243
1576 2578
402 43
3106 4555
3285 4416
3559 1013
2675 926
720 1606
1461 2858
1814 3945
1374 1567
2048 337
2929 4476
3378 2386
3196 1235
2559 1168
1121 4100
103 230
3410 4905
1665 737
274 1423
1855 1655
941 1632
1260 1841
1858 4487
1967 1188
1962 2662
3133 4036
208 53
245 4272
3318 3545
332 2138
1369 3465
3254 1845
1755 3061
2173 1321
2251 2881
811 3700
1519 3833
2054 4227
568 3575
1111 4610
10 3315
2667 2520
3784 2501
2085 3095
3750 2911
2952 859
2612 2566
3903 2161
323 189
2004 2363
3534 4033
2633 4131
1362 4508
2826 1152
440 2688
1387 1376
1762 2507
604 3219
184 2577
1118 1282
3586 3799
428 1835
1872 1841
1853 2993
546 1783
439 3748
3482 3234
3143 3624
1098 3511
1041 395
746 2219
1982 4812
3851 3993
3624 1159
2246 2586
831 3619
747 544
132 4393
2244 3577
3829 956
2738 2640
3281 831
3257 3418
3751 4978
977 4246
1913 3429
2773 311
290 3569
541 4675
2120 92
3198 3892
3673 1258
2171 1479
3832 3106
3110 2456
3619 51
1384 3702
3280 1579
727 2114
721 4770
313 688
220 3508
3533 19
1333 865
739 4879
148 4258
3665 446
2386 3114
767 8
2240 3615
3033 563
2956 1801
2631 4887
1088 1405
2335 184
588 4552
1472 4756
2100 2245
708 150
2896 2102
88 2452
3741 3851
3194 3196
194 1209
3119 1803
1107 168
2555 4901
1031 1388
616 504
1923 4608
1353 432
278 1430
1089 4803
1721 3854
3583 2373
659 2304
1836 3907
438 578
2070 1320
3319 1012
2778 2703
2166 3791
971 706
3646 3816
1495 3953
2829 1942
2816 1719
1813 4244
3549 4799
1725 4381
2209 3332
945 3253
2721 990
732 1262
344 755
2498 3963
43 2120
648 1403
1718 2083
2053 2212
2526 837
623 2620
255 2962
1860 3980
865 3445
2410 2473
203 2355
2224 3520
1677 3129
1112 4975
1585 283
1344 1579
1760 2154
73 1598
1534 1913
377 2278
1663 1276
3003 1363
3171 411
689 783
2682 3172
185 4521
1857 4705
1822 1995
3086 1322
3213 993
1979 996
2203 2014
3819 2553
1301 3177
3754 4041
1842 2073
839 1403
2040 4518
1769 4331
949 10
1995 4131
570 1416
3499 2707
297 1831
2558 3522
1571 1916
2890 752
1997 1047
330 3391
863 2394
2479 4261
144 1172
2767 217
1070 834
1674 2614
411 2289
1019 4401
3835 3254
2510 4538
1095 1000
1490 4005
468 1390
3371 4201
2748 1433
3001 354
3550 2333
1916 3930
1561 597
1898 1997
2143 417
1122 2221
2234 4948
2842 3926
1396 4426
3848 1070
29 4672
2919 2043
1919 2038
1060 3500
1217 197
2411 1687
663 2599
1456 2422
3870 310
304 285
358 1898
296 444
1773 1747
639 1209
2414 4152
2824 770
799 2107
622 2831
502 3037
3166 4991
3152 747
3341 3030
3103 555
1338 1076
3657 4506
42 1558
2984 1224
2921 1562
2698 2668
1441 1969
801 182
2932 934
2319 4865
3498 4353
1882 104
1948 2446
1131 2413
2185 4434
3401 1106
3633 2522
181 2953
2181 2108
146 4584
508 1126
1563 3237
2110 1214
407 4918
3081 3927
2536 2580
3139 953
2190 2666
979 38
215 549
1801 342
96 4578
3020 4974
898 1814
465 2303
1386 3132
2874 4190
887 2110
664 917
1617 1244
1667 2746
2405 1673
3060 2047
2247 2324
3417 3340
820 3611
2743 3623
2161 4389
3313 1781
3921 1120
5 4034
2248 2757
2141 4476
38 3239
3884 4438
3458 175
1010 4898
1912 3885
1446 4152
2906 1251
1552 3907
2856 1457
3370 4703
1262 1471
2031 189
2145 1593
697 2599
1749 2654
969 1819
1524 4619
3256 2519
200 1206
773 2878
2109 461
816 3578
178 188
2292 746
808 1296
2297 3805
2189 4761
2226 1668
1775 195
3592 940
1888 4489
2595 1750
3072 1279
2538 105
21 1313
1336 3649
2749 1240
1325 4351
928 2908
1077 4139
1047 2221
3707 1503
1573 3707
175 1122
925 3455
2647 2022
134 315
1480 1504
224 1693
1935 714
164 3625
1370 1086
131 3542
1800 1650
707 560
2850 4
841 4484
835 2067
1791 76
3419 4571
122 1085
80 743
517 2859
2421 826
947 512
3269 4254
1978 784
1985 1760
3763 946
2342 4574
1250 2638
3228 3454
1639 3216
1064 4341
3070 720
1086 1020
1458 4722
3782 1442
1018 1280
2563 3252
851 1400
1285 4207
731 1574
3012 3143
3446 2664
384 1425
1764 1375
462 3213
3150 2973
1142 2074
1547 4939
2655 3821
3122 180
1850 3474
2425 339
2063 1055
3265 3672
1021 521
2913 3040
2987 4580
3766 2645
3105 2117
2665 4225
2557 541
2934 605
1649 1160
1671 3158
1205 1391
3006 618
3671 3295
222 4752
2356 3202
1892 3170
2781 3592
2157 1862
2640 2668
3302 2542
1925 3943
367 4109
3789 3454
1848 4846
2068 3756
2964 752
3172 1140
2730 2066
3518 2858
368 1020
1586 141
294 4314
1069 2598
1553 4878
3575 1583
3605 1335
2768 3440
1174 273
2218 1869
3688 3788
2994 1766
2903 2935
2311 4808
480 4151
1375 3602
2580 3981
3722 3766
434 3330
260 3091
3192 3824
2121 4969
1779 4427
2305 438
1275 2418
3609 3308
3846 1327
2316 3660
321 2013
268 2852
1970 3279
179 2370
2156 1680
547 1546
1868 284
2883 1005
3753 4775
167 3629
3821 187
2752 2128
1103 2660
2243 3633
1036 1282
496 2382
2116 3285
316 1634
1159 1616
337 576
3522 2633
1228 4662
2879 4237
848 913
2747 4220
1508 3538
1697 992
1038 2903
2533 4513
860 1406
2175 507
1166 1985
942 868
1233 921
3134 792
2977 1265
1005 1351
3477 4158
603 3449
1748 3009
2814 312
1566 2472
2546 4184
425 3698
3810 4706
1900 2311
2370 2861
2910 2146
885 4353
838 3639
505 2975
3132 4799
399 849
3537 4419
3699 839
1716 3607
125 165
3708 1413
3607 462
822 4294
3734 3333
1938 1024
3600 4556
2534 4520
2701 3306
201 2884
1329 1871
3562 2235
1875 2177
1662 3516
954 1826
2944 2839
1681 3138
913 2725
1243 2983
2041 2621
2390 3506
1951 1139
252 930
2022 1037
2298 44
1155 3091
1110 1101
3195 1315
102 2572
104 2491
276 240
2097 407
3278 4456
3062 1413
2909 1117
2644 3262
89 2301
2593 4613
1588 2960
733 3791
1893 2973
1972 713
3287 1933
1307 4263
2108 1885
3025 2143
180 1919
2198 4352
1776 946
1232 4594
6 4313
1068 3633
1726 2882
1467 3422
3905 4380
1054 4761
70 4929
2481 2121
1510 3126
2227 1106
1083 3967
1165 1645
2146 309
2393 2605
714 2158
2722 4993
2392 1478
341 1237
3204 2223
2418 2862
1168 874
143 2817
340 3200
1424 3221
1820 2043
1609 1717
774 2699
1707 850
1615 4218
1339 2750
741 3487
1402 87
776 4269
1363 2365
867 1726
3332 2665
3320 1228
1097 4138
2231 138
3356 4308
2556 69
1792 4764
640 3892
3632 485
3421 1389
250 3460
3869 3499
2286 4302
3697 1870
3828 1465
806 1015
3622 2848
1794 1130
678 2831
711 4518
1101 752
2144 2575
3515 1955
2265 57
685 1552
1991 2335
775 1168
3631 1590
935 2218
3375 1823
3519 4506
772 4196
812 3077
582 4516
3109 3807
569 3215
3724 3945
3777 112
2081 4882
3148 1507
861 3450
2797 745
30 971
532 4884
493 96
2357 736
151 3004
1247 4628
2268 2524
242 2721
1797 3226
2287 1366
1658 174
590 2364
1550 3784
3385 4902
2754 2372
246 4386
53 1570
3121 2187
3413 1816
2619 4333
3037 109
1526 37
2710 4573
173 3927
1949 284
2045 561
2998 3567
157 3993
1774 1348
3891 881
2639 2833
2716 854
788 2218
2023 3594
1200 260
2603 1955
3468 3059
2771 1006
3097 3312
2235 3565
3450 4473
463 4462
229 3500
2402 3464
1808 4557
1292 937
1113 2219
1955 4160
3504 4571
2199 3745
3580 3534
3826 4453
1554 31
1346 935
3850 2744
1224 3320
2860 2099
2459 314
2196 3751
3659 460
3096 1901
3807 904
1395 4415
1259 4778
1514 2735
3908 1101
1252 572
1489 3069
1856 144
3089 465
1883 4998
2529 1645
2254 1662
3387 2406
2365 1609
2668 439
2908 381
642 892
3827 3843
1969 4419
3876 3788
2786 2655
2514 3211
1330 119
2308 2198
1289 1648
3048 1336
2032 1994
374 3143
1140 1494
2027 1279
3435 3697
1625 3216
1689 4973
2420 2046
519 3072
3460 2868
2845 197
133 2509
3652 4243
1541 4992
829 2524
2798 4454
265 44
485 244
1170 928
2642 3284
1187 4625
333 1431
765 480
572 4534
2202 1337
3749 3915
2446 1916
2329 1130
1124 3306
3788 1090
1158 4815
552 3316
2880 2094
2016 4538
211 300
2689 521
2755 451
432 4792
1738 4716
782 3463
2002 3352
1717 2306
1354 2621
1460 1594
20 4755
981 3192
2739 458
2055 2080
3347 2466
2431 571
2629 415
3322 227
334 1148
525 2537
2082 3276
1138 1134
2184 1403
2794 3204
3267 78
472 245
2058 3688
240 199
845 952
63 3566
1694 2165
984 1134
3653 4116
2802 984
964 2827
1538 318
3738 1412
542 4916
2907 720
1448 1690
2854 2717
1623 4926
3666 1205
2295 3275
2000 3905
3786 14
2617 4216
577 3212
584 2990
142 1007
2741 2171
1474 3625
959 4138
1785 2770
3346 3135
2562 4445
1358 3482
1297 3256
683 4128
2163 4032
545 3558
365 2377
2380 3855
414 4972
1656 2362
904 4260
2551 2187
2648 4786
3625 4152
3379 1905
3115 3388
1816 3325
624 4889
305 3711
1629 4219
2545 2125
3177 2937
1286 1676
2951 1590
3645 918
540 2473
3680 3356
1475 1834
1802 4046
2549 2788
2276 2964
2309 3104
273 3881
1596 289
301 4044
2320 3059
2372 3450
2524 3478
1837 934
3454 676
3775 2272
3863 2689
1567 4528
241 180
906 2814
2530 3122
3085 1746
422 2346
3503 2681
314 4882
137 848
120 803
1657 3663
3824 4922
2164 2698
1676 3632
2878 4056
2436 2606
556 2122
1049 3162
1206 615
3687 4869
1433 3795
1037 662
2088 2278
3183 153
3577 2421
258 2001
1513 4006
2216 4259
2810 3343
1640 1611
684 3940
3092 3429
2441 2811
2982 1353
3101 4502
2625 2616
284 2089
1587 4268
370 4219
3107 3960
1406 3669
1316 4717
1620 1177
1910 608
2241 2907
3447 2370
3386 3457
3849 3268
1157 569
3679 472
3433 740
734 2775
2412 2622
369 3695
424 3225
3779 928
1133 4583
2005 850
3485 303
207 1001
3055 3311
1772 3169
3398 1245
3811 1480
2230 2416
2969 3605
743 2241
2868 2793
3361 2500
2978 826
1401 242
2515 4353
2415 3480
251 2847
1757 3348
1709 1665
538 4885
1435 3516
2576 1600
2382 2570
1139 104
3004 4884
944 3646
2681 4626
372 334
1371 360
3405 1657
1787 1730
837 4446
1828 2102
3113 267
619 1633
3686 3570
872 626
2605 1160
1094 1588
1810 3666
3030 4397
612 1463
3691 1588
2501 1408
1431 2601
1391 2783
2307 2363
3608 3117
871 3285
2270 2943
1421 717
2339 4376
1383 4008
2026 919
688 534
3593 2655
512 3841
1670 2631
3455 3190
2368 4610
1239 3871
2904 569
3882 2559
2064 4195
2191 3831
2352 898
596 3575
1799 1388
2499 307
2912 657
3330 1450
2728 4273
1589 4907
611 3905
1805 2836
728 4545
2255 2087
836 326
1904 2454
3451 4290
1439 3147
1073 2843
1735 2021
2469 2977
473 883
2345 922
40 1791
1790 4135
3928 1548
1034 431
536 2803
691 137
1030 2184
1308 4337
106 1339
2703 2128
3266 850
1457 3197
1703 4402
725 2175
90 4551
461 1311
3456 4899
3040 4719
2953 1312
1914 901
2923 1488
1164 4774
510 4131
2039 3687
1887 4087
3047 3717
3705 4178
2662 3801
3517 4308
3588 3855
1074 2321
3812 1495
2750 2413
814 389
26 4780
2154 3981
753 330
2517 3511
2371 4792
3570 3222
1511 3638
457 3360
2805 4928
3005 3363
1532 3459
1650 3984
614 4424
381 3077
2401 628
233 3190
3232 4733
2579 270
3298 1331
271 2674
3506 947
1968 3706
318 1436
2350 2608
1428 3588
1382 2627
3026 2707
2669 3374
1389 3778
3837 3572
2849 3864
676 4383
1479 1731
2477 3174
3839 386
1537 1026
983 534
1466 4592
349 1245
2839 4249
3639 295
328 901
1161 1479
852 285
2568 3728
212 261
2645 1327
2364 333
2321 3211
1869 4230
2119 4298
1318 1031
3 287
1533 1425
3029 2394
426 1296
135 3197
2273 891
307 4368
1643 3443
1050 725
2188 435
1321 206
2111 1186
518 1769
397 4499
1196 2619
1509 4341
2177 3893
807 2558
68 2451
1518 1004
3162 572
853 1916
1483 3256
221 3120
1549 1617
2029 3491
549 3038
953 4905
2495 1359
3368 3810
3064 2650
3667 3298
169 1493
1020 1683
3752 3997
976 2209
833 4062
878 2954
2397 658
2333 3696
2586 2960
771 2432
3816 890
2831 4702
3767 2147
2970 4743
1873 4709
1741 559
2327 2442
3063 3403
1192 1072
699 4470
1496 2067
2995 2976
3540 4770
2791 4886
787 575
248 1351
2505 1618
1896 4660
3462 4590
3144 1533
3883 3609
791 798
795 3005
3373 363
1056 792
3054 2696
1921 2485
1024 4285
3179 3374
2038 1366
2504 1269
544 167
1542 812
3182 414
1996 2014
1701 1342
3501 815
1606 4130
1928 1848
1918 765
2697 1902
1079 612
3050 4845
553 714
187 1891
2300 2009
2283 627
2646 2165
847 919
44 2083
1936 2517
2925 4638
2228 713
1993 4469
2126 4346
956 1759
3077 2560
905 3259
2158 873
1276 1530
1817 4303
1359 4678
2823 4149
2483 1713
406 2229
17 3383
2500 203
1335 4840
3002 3693
1899 3734
730 3396
362 4450
2174 2535
2388 4592
206 1273
3475 716
161 1157
3919 1087
1368 3635
2800 3153
445 4394
729 2671
2351 2226
1673 3354
514 3193
3841 4954
2105 1500
19 297
1744 3316
3140 4675
1290 3131
1420 1179
1492 883
2928 524
3344 3677
3613 4084
3128 1033
1535 4249
385 1350
1393 164
1750 1334
3268 2530
2259 3602
2685 4253
1937 3799
3728 3027
991 260
1022 1967
706 4347
3756 1304
1832 647
2808 2345
3552 1641
2336 4047
2138 1168
2314 393
114 2651
2946 1615
322 1155
712 4340
2379 222
152 1850
3656 4790
2522 3441
195 1647
3778 3375
1863 2398
2858 768
3258 1804
2432 746
2178 3852
3791 2155
3565 4479
354 725
1327 1266
3719 1239
3098 3866
1459 3700
395 3163
1058 3880
564 4932
813 4431
1540 1024
2958 2952
163 631
2035 4859
1123 609
3000 1905
1977 3628
3255 375
2840 495
454 4313
3208 862
3649 4593
2148 3998
531 2167
555 173
828 377
3595 2416
877 548
141 4570
1137 3068
2702 1713
2704 1636
3700 1246
3297 487
1700 1197
1811 415
1633 3752
2729 1758
1807 1093
2762 4837
266 4711
2888 2975
1528 635
91 3048
1696 2649
3842 2271
3739 3619
3300 4489
744 631
303 3480
3748 2666
2489 1337
2859 1225
3902 351
3909 493
2688 4470
2723 1012
2221 1733
3414 4951
1990 606
3744 4471
1430 4496
1652 4952
3923 4703
3438 217
943 3307
1219 1984
1852 4903
2084 1116
1130 989
1926 3648
1025 733
1793 2153
2344 2861
3564 2587
589 537
1843 2272
1281 4225
1966 911
3203 3013
2205 2758
2395 2024
1826 1976
499 4731
3209 2360
3448 1997
2206 2668
1398 1174
158 56
571 3926
238 3179
1712 144
1731 4346
460 190
2217 333
1497 3862
3528 1958
2439 2794
478 3572
1565 616
380 4941
3008 3023
2717 3289
601 566
2930 4423
1555 152
3248 1148
586 1141
396 1281
1922 4630
3207 4177
1486 1719
1193 1644
2943 3459
3793 2049
3636 4271
2776 4991
1614 4413
3490 1191
1488 3664
237 1342
2926 4252
191 4871
2940 4120
1517 4273
1408 1802
2299 204
621 398
3306 1466
1052 4817
3803 369
2219 3657
1014 4791
2901 1490
1841 3703
840 416
2245 3251
2942 2208
2649 849
3660 391
916 2449
2954 2499
641 4570
3445 834
249 4744
3685 1678
2169 3720
3555 2047
3479 765
3100 2967
815 1601
2795 624
501 2193
2552 194
3271 1045
2889 3079
3860 3652
2965 124
3348 963
448 4568
3061 896
3087 225
1520 1109
1686 1327
930 2100
2433 1827
2777 1504
2863 4907
1084 4765
355 2415
2564 3089
172 541
868 3739
1385 63
3023 1313
107 4284
610 2438
1237 4560
3713 4053
914 623
1117 4291
695 1161
2447 3270
36 1315
427 444
3071 1609
352 2223
2700 586
680 1614
882 2431
389 1240
3154 109
1963 4950
9 1221
336 131
1844 208
3229 460
2044 1817
94 4450
176 352
2696 1774
3933 2364
140 2057
1736 3669
918 3210
95 112
442 1741
3272 3726
49 2146
927 121
1666 4441
1188 2988
886 1334
2129 2881
784 1013
1933 626
3916 2068
1891 2149
1655 1092
1198 290
2450 454
1953 1344
3243 4484
1108 4367
1364 2447
3034 4069
764 2282
3735 3185
1906 4016
1305 1763
511 670
182 2895
2042 4448
2592 4302
1392 2409
620 4018
1484 2935
893 2027
225 3567
2666 4954
3309 2608
1126 2535
3481 3545
2326 1895
3817 3739
2122 1510
911 4813
3567 4856
1197 944
1136 3747
1471 4328
2825 2307
1847 2605
3073 1859
1981 2307
2080 2635
972 3707
3067 1789
2957 94
3312 637
3924 521
933 2280
1381 473
383 2440
3310 1769
3922 2465
2437 4778
3323 3005
3471 3046
682 3810
108 4848
3357 3303
261 2641
86 1141
298 3832
875 2309
2594 1176
2117 4347
2705 4226
3019 4457
3422 1642
1835 2292
2920 1026
2476 1146
236 4975
2865 3669
1125 4556
922 515
2852 485
999 3513
361 549
350 3670
1026 3558
2496 4501
2398 2745
138 1534
3200 3144
3246 3234
373 2623
1173 943
892 617
3603 4847
13 1148
2711 3610
1167 2956
1091 2804
2715 3541
2131 4424
3014 4429
3637 2025
3328 89
1242 634
1840 4483
3710 4733
65 3945
2626 4247
2812 3704
2813 3953
317 1070
1945 3551
1958 4810
11 3126
522 2530
3146 1100
69 2968
166 3209
2272 3416
475 3772
1071 4311
59 4095
1719 3643
3854 2160
635 2797
563 4790
2151 2536
1870 1373
1342 1493
2445 319
754 1469
1320 38
2399 2076
1343 1129
1109 4203
2290 2953
1003 2204
2941 1649
306 2783
1506 1654
585 4639
997 812
1006 4675
300 1893
769 4731
804 818
331 3156
1878 1879
205 2116
155 1287
3294 3536
479 495
171 2294
1213 1334
3057 4194
466 1573
2523 212
1660 2329
150 763
780 1753
202 2437
3251 3197
939 3653
2137 3868
231 2213
2107 3073
75 1491
2213 4914
876 1190
1675 4027
2616 699
923 1775
649 975
3276 908
3594 1923
1940 1582
1261 4421
1684 2447
2887 4768
2560 4958
2734 1955
2092 145
2775 4255
3242 2836
1600 4934
513 2960
2377 303
1035 689
3895 3833
1753 2063
2478 3134
1770 1186
3453 2634
759 2464
3218 2681
3381 2326
3873 1419
3441 388
1699 4211
2898 4363
581 3647
1185 4818
2785 2946
37 1741
2313 877
3016 2326
3084 916
1631 1316
669 4322
2677 1753
1132 3845
1256 2344
3524 1098
2574 2496
3747 1406
2253 440
2133 2723
3545 3783
2770 3111
2269 620
3911 2230
965 4641
960 4807
210 4904
2817 1332
986 533
1545 1190
2170 2573
2922 4515
2155 2207
783 3941
3521 4314
3317 246
2857 1230
2875 2005
1932 1166
2404 4335
3431 1342
1154 3861
2846 4832
843 4711
3505 2879
633 2084
3167 3103
1226 1175
1473 2659
3769 2907
1240 2753
3881 3971
3785 3442
1917 877
3768 1038
1203 2553
3027 4562
213 2365
1796 17
1463 44
1100 2733
679 3406
209 4062
2236 1935
2694 24
2438 2004
693 4387
1215 4714
3234 4028
2448 878
2598 3443
3108 940
2867 4307
677 4244
2506 1565
239 3503
662 996
3514 922
2961 508
1498 3772
72 4014
2638 1664
1312 3983
1048 3412
3392 97
32 3254
3711 4188
3293 1583
3623 1261
2793 4449
1220 1087
2249 2512
3556 118
3929 437
3415 2029
67 4419
866 1696
3094 3431
2074 813
3904 162
2332 3490
2924 113
3147 2357
2033 58
1450 3088
1661 2485
869 3343
2263 226
272 4936
3465 2618
1628 3772
855 3397
2142 4759
800 4376
3858 2884
554 4406
3527 3122
3039 2161
1355 3325
2931 2763
665 58
2187 4813
491 2723
3181 3139
2374 2836
857 2781
1521 4201
653 4119
1267 3692
3731 933
3308 4496
3440 3012
3290 438
2258 4358
1862 251
521 1300
717 2271
1702 2890
574 1539
1598 677
2622 182
109 4605
46 1923
2583 188
1743 4849
1413 2212
2894 3869
3587 363
3168 2854
523 3765
1861 4548
2347 2066
3193 2393
3838 4772
1455 2662
3511 389
204 3524
627 4553
3220 2603
386 813
794 4720
254 1497
1578 4116
3436 4115
401 4211
488 3573
3165 1037
658 2888
2999 1840
1778 835
520 1273
3563 2101
16 756
1390 3492
1960 4046
1272 450
1265 3860
2827 436
3432 3461
2872 4741
1295 4122
3043 4580
1303 306
2009 2613
3704 3732
2434 700
3509 3667
846 815
1306 2075
1965 1183
1189 1301
951 955
592 2610
3618 2981
1063 654
756 2512
216 2502
2494 3407
2838 3574
3151 903
2006 3712
3052 2830
1449 2840
2355 2837
1067 1275
2780 2111
1300 3178
530 666
2467 1330
1115 2849
2757 1380
1645 3025
985 4852
3277 3322
2853 2312
827 4412
2861 1441
2855 26
2707 2487
1568 4420
311 3254
2328 1147
45 130
3178 396
919 1461
3214 542
3116 3097
1679 1430
3261 3999
1319 1796
643 1570
3400 2457
2571 3864
1176 3910
3239 2243
2588 2302
1577 2819
1867 4943
3621 1247
