206 4663
130 2227
163 711
99 3779
97 284
137 1531
186 1926
153 3657
189 3270
103 841
194 2737
125 3864
33 4855
200 304
72 3623
151 3694
92 700
109 4143
95 3932
18 3077
176 277
48 2518
65 3459
67 2186
66 1317
8 3175
205 740
77 4877
139 1989
100 1863
78 2389
82 1051
193 2436
156 3056
57 2928
40 505
26 4903
4 356
152 1981
102 4080
62 3283
69 1527
173 3687
168 716
25 3704
161 1660
98 1208
20 927
180 3156
181 1624
199 1067
34 2308
22 2692
184 3121
198 348
16 245
121 1961
197 1490
195 488
45 3141
84 3072
39 3825
47 4370
104 1610
85 2217
96 2388
214 4899
201 3791
171 1516
24 1955
71 3755
150 1714
164 1420
149 2906
207 36
187 1348
212 4434
190 1215
101 3072
43 222
192 1476
53 2728
73 2563
54 315
68 1021
216 1969
133 3648
208 2627
145 237
147 4520
46 304
182 4662
94 302
148 1160
154 4767
81 565
117 4623
115 2485
50 2396
5 514
89 2098
17 1533
91 1558
128 1823
21 1145
203 4407
86 3877
56 4560
179 3756
124 3066
158 4535
11 2452
14 2552
106 3728
178 2681
59 3298
1 4090
61 3613
210 1350
35 448
51 3691
142 447
116 3451
157 1731
135 144
29 863
177 4992
119 3282
49 1204
2 1002
211 2306
7 4831
188 714
120 3844
166 1091
129 3071
28 4152
167 1981
6 3009
44 421
138 4048
74 709
107 3772
172 2614
215 2449
213 544
70 2714
112 1561
80 1837
185 2502
52 4922
88 4912
174 405
136 4823
169 3362
159 2672
118 2107
93 2615
36 3375
183 1488
108 2242
12 439
127 4789
32 2409
3 2894
63 47
134 3450
204 333
19 2254
202 2901
175 3782
9 1305
160 4590
83 3104
38 1359
114 858
10 470
64 1272
42 3894
105 91
60 4240
27 1273
15 114
146 3220
90 3701
123 1679
111 2307
143 1788
87 2302
165 4558
30 3865
31 2276
170 2914
155 3127
37 2308
113 452
141 4171
79 190
76 3548
41 4948
23 2753
55 4079
144 3972
196 1963
132 565
131 2382
209 3731
140 4684
122 1600
110 3857
13 2608
162 798
126 3782
58 4338
75 1402
191 1663
