687 2689
310 3716
1393 4973
747 1261
1050 2653
349 1774
1814 1193
1842 4567
638 4502
1694 1918
321 3142
1613 252
1034 3396
1724 4754
1579 78
1292 4893
1761 1461
1387 2583
1213 3687
463 3958
1884 4519
1882 3068
835 935
316 2559
1722 126
8 2449
1743 945
473 3190
978 415
1274 1506
403 2633
1617 1093
1711 1859
156 2725
1227 2913
40 2074
1858 3009
851 346
1625 2347
1787 614
1779 4880
1289 3227
472 2365
1103 4251
1739 4448
1563 2101
507 350
1384 4954
1804 4692
1079 3674
199 4178
347 3936
1462 3977
1891 2201
198 340
583 2364
1112 3582
1399 1506
940 4094
1958 4860
1830 3040
318 1928
1312 4647
1137 4445
296 4209
96 2840
1714 3553
531 4636
1078 2895
382 556
1091 4669
894 637
164 4523
1468 3896
252 3559
1549 3194
1279 3458
1080 4034
1901 2857
1255 4199
1658 3697
1571 4522
1284 2282
774 1921
273 1175
1386 1143
1318 3015
208 2335
1838 2633
1190 4784
1747 433
797 884
485 2772
1200 1061
524 422
435 2131
117 3835
1409 4822
1135 2093
465 4398
1580 96
17 4308
1516 4196
616 249
1762 1410
1569 675
433 3118
813 1881
1452 1073
222 4595
999 3477
676 4043
590 2423
1661 4746
372 2627
1928 3882
1066 3278
1608 2931
359 119
1820 790
303 1222
1051 3212
1171 3254
1578 922
1268 3005
356 3410
560 416
119 1021
1389 370
1867 3142
1638 2145
1323 2733
188 3053
534 1011
545 2671
1946 100
233 1889
167 2470
268 4537
1949 2817
775 3424
781 3127
529 3787
353 402
215 3597
572 3766
70 1231
1540 4953
1042 1345
1294 1197
1642 1816
1373 3146
691 1927
1152 2118
504 4801
1397 1238
549 2803
808 826
36 741
1480 1709
881 669
982 2100
611 2857
1314 4251
1430 3969
543 497
987 4365
234 3172
1370 2135
1801 617
1603 4938
9 2648
1501 2560
913 3288
1483 1014
1077 1921
1069 4161
1140 1997
615 1424
1163 4598
1914 4056
1936 3991
1402 1971
1636 1237
535 1226
1466 4946
277 2572
1878 2012
563 4244
1424 912
1226 632
910 4613
949 2404
326 4519
1153 668
838 750
439 3373
422 1086
1502 1240
489 2727
1819 4569
1132 2244
673 243
196 2149
132 1977
131 2428
229 1929
140 1962
657 2712
609 4770
605 4301
162 2858
1744 201
690 322
850 3486
1197 1574
251 2808
1622 678
1733 3159
1358 2074
346 3107
427 1232
607 4587
1240 4162
1410 3571
1203 4051
1833 367
186 91
766 2793
1192 4396
924 4743
509 1752
28 4083
589 3813
1353 2262
1872 553
1582 4239
1759 4825
911 4505
1673 1628
369 2180
1524 721
116 2487
1461 4462
454 1421
479 3
1282 1574
1006 2553
1053 1404
817 3332
1232 3407
655 1541
1448 3287
684 377
1531 3044
1753 2697
580 502
1566 2733
1666 4804
159 3409
1217 2912
1934 1757
875 843
636 435
1522 3812
1304 1253
174 1955
6 3727
380 819
1951 4357
1825 1921
1786 476
1106 1204
1315 2367
335 3026
849 3963
1574 983
50 119
1485 1382
974 3387
1705 1137
81 3491
1198 555
645 4253
358 4806
1558 3503
85 3464
1770 1569
421 1112
1167 4542
1641 2875
510 4131
700 2521
1407 3847
1476 400
546 1957
25 1829
287 1339
333 575
481 2288
1763 2842
824 4186
381 2070
1014 2298
65 1157
414 3223
336 418
843 3230
160 4496
1309 2535
1738 2787
1635 2660
1925 15
453 2222
1356 81
574 2314
1856 1672
1597 235
1750 3070
1283 899
1512 3138
1939 3344
1076 1759
398 1664
1016 4256
1261 39
984 3598
1290 4165
341 1866
1871 3521
1146 1477
726 4670
366 1807
1361 912
1401 844
1414 1793
1100 3311
1767 913
1534 1219
1182 562
95 4510
110 1019
1060 3101
1473 1786
1451 1780
784 799
739 4918
804 2951
1338 528
1007 4712
77 219
731 3810
1139 3491
1577 4470
619 684
379 3818
361 1030
873 443
1756 53
599 3396
1510 510
540 1527
1327 2747
107 2346
1800 2615
1369 379
1121 532
650 2424
1071 4803
204 752
203 3566
178 131
1553 2780
98 1502
1366 3107
1403 2550
927 1388
1952 4411
904 3201
724 1891
1195 1601
266 3582
1463 4936
93 2009
1557 3638
1130 1199
1454 4287
148 3635
1696 3863
528 4775
329 4532
1637 4372
932 1592
1503 736
718 3293
106 4855
1809 3395
1449 66
551 3226
323 1827
319 3438
216 92
745 3546
1834 3176
707 318
1868 4610
1771 4667
1916 3388
1828 4990
128 1843
1127 2852
189 2356
826 3525
1699 4282
818 3108
922 4432
78 4475
703 840
842 2196
1306 4463
1365 4312
825 423
331 3185
858 2419
571 4663
1425 1981
1664 1593
1193 2047
1418 2799
1011 2424
63 4258
1347 1134
288 4832
265 4695
459 2451
812 3850
1506 2668
1141 85
1539 1599
569 3801
672 2048
1020 3691
214 1243
1089 2292
1183 4561
450 1014
1010 1000
452 4596
292 4728
1967 227
423 2664
1757 854
1415 196
1019 2116
1514 4061
27 1697
1442 1367
1626 2248
282 2659
1766 3957
1288 1210
1201 1824
831 1778
269 615
294 3262
988 3206
1537 2058
751 3950
24 825
1527 880
1490 419
471 102
640 3409
1254 4908
1229 75
1683 3741
1244 1408
1291 1936
261 393
1979 885
494 3982
760 4394
289 4024
420 3473
840 589
260 3222
1342 3046
1481 3270
990 24
1717 904
736 2035
846 828
514 2703
124 3797
1024 1910
641 2773
337 2345
1860 3544
1734 3326
878 1253
1443 543
533 3459
1650 3276
713 2697
1561 2543
10 1361
1375 3216
1337 4845
511 3461
259 3067
1913 3067
1276 4744
123 809
782 3271
728 3345
1695 1230
1239 880
1568 2329
1269 3473
1785 3652
613 4204
324 924
1220 981
1420 2197
1438 4392
1488 2525
802 2153
902 3234
883 1127
1172 1136
1935 1414
596 2676
133 4638
1983 3110
90 1228
161 3507
587 1521
7 512
1117 4552
1070 295
1095 1759
554 2932
1776 2380
1162 3986
244 891
1840 1953
759 297
142 3692
573 2901
938 1791
1742 667
1790 4876
1396 1648
1731 2758
669 4962
49 1875
1735 226
696 2401
762 713
705 2836
909 3189
350 3132
1187 404
1866 1510
1795 2081
756 3106
1621 1723
1129 529
231 421
1058 1020
1498 2788
1307 850
567 286
1708 4649
508 230
1257 3026
1824 3678
55 2512
1472 4953
936 1668
1564 2028
559 553
1525 403
732 2401
956 86
941 4785
56 23
462 4447
1214 3072
495 2437
271 2003
1105 1583
11 3757
299 1086
1262 2200
114 1374
1114 2960
195 302
527 1688
1234 2211
1211 3788
1017 676
544 4603
1880 3721
13 874
1900 1253
1859 2428
765 1357
1437 744
1465 1859
1116 670
279 1603
1657 2473
1030 3050
1541 1186
1002 3153
1322 3750
767 1858
1169 3060
91 798
22 2451
861 4462
135 4051
1062 2355
783 2948
1818 261
181 4932
1826 3993
1474 2604
1411 2970
1311 90
933 4372
1821 3488
1667 4055
801 4305
1489 1364
1583 1216
591 3353
866 3281
351 1138
1890 4622
180 57
364 2901
51 4827
521 4644
1038 3651
151 1861
1305 4054
931 898
1605 3529
1421 4491
1495 4085
1115 732
1295 3460
1773 3519
1087 24
1252 4891
137 1049
1267 4746
1419 2536
1606 88
309 1038
1251 1225
334 1353
100 3458
280 639
1873 1997
552 873
575 2113
1649 2380
1682 2160
1379 3050
144 2169
885 1934
270 4679
1940 2654
566 722
806 1322
1032 4887
1971 4715
1772 1413
1427 2361
1475 3370
525 1026
1165 4057
1945 23
1123 3852
1817 3797
631 413
58 4126
1122 1465
120 448
692 2991
1022 80
1194 4847
1680 3431
698 1996
384 4860
322 1801
939 201
41 3430
154 1997
1450 612
213 4019
663 4932
997 3782
441 4773
1865 3001
1026 4810
1960 4295
437 1384
702 2486
263 377
744 945
1727 4451
267 990
1796 4409
768 4631
1533 319
2 4031
191 2366
225 783
964 3154
1908 4258
434 4320
1518 3255
1285 2029
26 4194
914 4893
176 4162
487 3095
192 3120
149 2806
130 3254
1043 1984
220 4711
624 3160
629 3258
1210 4579
125 4591
625 1522
639 2185
1881 2994
502 2102
920 1191
968 4131
666 1298
976 1136
1175 1417
467 1678
238 2148
1620 3642
538 2951
1929 3095
1915 2070
480 3040
1581 3038
1844 3541
1184 1685
603 4957
386 2086
1371 3797
1273 4195
474 117
1131 253
1343 1241
406 2976
1726 3483
1575 1213
483 1171
158 2376
930 1427
871 4514
1199 1914
1846 4236
1792 4269
1652 1416
618 2099
869 73
754 1299
74 1310
1101 1948
1302 1740
942 3991
1394 4034
1507 2470
165 4955
342 1939
1547 1908
113 2598
847 61
649 743
1319 4466
597 3691
856 800
247 1978
1565 1322
1064 2012
1148 1816
962 2977
301 518
1191 3287
418 1086
1938 3907
376 2953
536 2995
1143 4902
844 2202
965 2337
1073 1077
228 3153
1746 4247
879 2004
1632 1874
378 1481
1067 4686
1212 1889
1405 2081
1931 3592
64 1799
1477 931
954 729
1781 4873
637 3043
79 1929
1851 1941
1614 3286
1036 4496
211 2592
1049 3680
634 4745
1222 1481
1697 184
1526 4444
430 3743
243 1179
929 1689
500 4614
1749 2496
729 2717
1659 1084
1363 3703
1441 4943
1602 3878
1758 1072
339 400
1124 899
194 2688
890 4237
957 4979
1445 4304
370 4645
790 1608
1715 313
240 4732
966 462
970 2732
1730 226
1380 2815
482 4457
449 2471
182 731
908 1241
61 19
512 2735
659 4196
338 3266
561 4705
201 1403
33 932
392 1576
221 4626
1223 1368
1392 3535
1224 641
286 804
737 2162
1028 1928
276 193
867 1400
1092 3392
80 4376
429 593
935 204
743 2292
1236 4648
43 1631
1233 63
1385 3911
1334 3393
1573 2830
758 2915
1029 645
1344 2152
1803 3760
283 1334
530 1534
699 4921
1975 2144
1444 3091
892 3588
757 2740
983 4714
1471 3219
460 4190
1691 4048
610 1185
1270 3610
523 3679
1082 2999
679 501
242 111
1827 2169
585 2436
5 712
1096 3214
915 3034
539 4422
490 3451
1594 204
1126 2635
1806 871
1458 3014
1113 4291
1247 3078
307 4011
1647 4830
388 842
1665 1382
1920 2612
794 2266
1018 2096
442 1296
419 310
1253 4325
1710 1739
115 4225
681 2772
1395 249
1798 1274
122 1861
880 47
1455 331
1186 1617
1308 3271
1326 4094
592 1275
1383 2428
1548 3264
476 1765
1887 151
1588 2038
1044 1531
1835 1082
1147 238
1428 2257
75 1332
503 127
1853 2702
1021 4654
1412 3726
354 1170
1651 1055
97 426
1340 257
1562 3397
1968 4690
129 698
1535 2288
715 1291
1231 3729
1249 3290
1511 4756
1911 2450
30 4109
1883 404
1719 4075
776 3808
1349 333
1701 471
876 1061
727 1843
53 3751
1107 282
959 4851
513 4594
761 3142
752 1258
1725 4056
872 820
395 198
1862 2231
1332 1351
1609 4510
788 2181
103 4763
31 1935
1644 540
230 1719
1 2603
723 2753
1376 1005
1643 4260
4 1618
1088 4834
579 100
396 1629
1692 3878
1008 2484
1875 1908
305 4162
595 1330
1243 2738
1707 1186
314 681
1713 264
719 4588
923 793
1263 4803
68 4162
675 2890
654 1222
564 2304
290 244
882 4312
803 4088
1248 79
1154 3735
1633 900
1245 987
492 1554
405 4720
1864 3977
245 979
451 2350
14 2623
1812 3689
411 1401
1732 316
1416 4996
830 846
1025 4190
1209 4850
1656 3396
1298 4165
1457 3714
1645 4983
461 1343
1005 4790
653 795
1895 947
1460 4721
1063 3966
562 3237
1378 2362
1523 554
845 2159
1061 1845
416 1228
1959 3257
436 4576
1969 4928
1055 4141
143 2297
874 1563
1000 14
642 2142
1496 3205
1618 1130
1903 4615
542 3964
1125 446
716 2677
870 3238
862 2921
1150 1627
1098 2558
171 3779
895 4239
190 3132
798 488
1120 2835
1464 3267
839 832
1035 1668
1587 1495
1630 337
118 2264
771 4635
34 3743
71 3079
1207 421
448 979
315 846
556 777
709 3528
1941 4284
532 2690
1712 562
1040 1318
1646 567
1898 2849
373 1132
1604 2969
919 2747
859 2381
674 516
328 3449
89 2243
1144 2199
646 2466
1585 4620
912 1107
127 1050
1048 1449
651 716
325 1902
1206 4465
1857 2732
1953 3696
1943 39
969 667
1560 2317
977 2859
42 612
1797 1920
249 3382
688 4597
903 1736
134 4805
710 4998
1823 2619
1177 3274
1905 3578
1544 2213
1090 1685
104 500
1033 2639
1205 3190
570 1526
431 3412
407 268
1352 1154
147 1942
1235 4119
1012 3859
428 1059
1372 2496
1681 2472
295 1705
1118 2338
136 4914
224 1187
682 1643
496 1619
1075 1226
1354 959
661 2888
306 3353
1755 4797
1869 2713
1906 452
105 3157
1765 1754
1570 1261
1974 920
1400 2840
19 337
1532 2750
1336 2696
363 435
886 2784
1611 2303
1961 4327
992 4301
387 4130
526 4619
621 3583
408 932
652 1401
1693 2992
1690 1927
677 2040
951 1017
250 1280
491 4133
1102 732
1382 847
1180 3862
1815 2900
577 4948
1111 4006
1408 1802
1157 1723
644 3839
1748 2166
721 4484
1447 2294
1528 757
478 3511
1586 3435
499 512
344 3033
1287 2974
1478 608
206 4425
108 3895
518 3937
1721 4226
1136 1180
1320 2743
1654 2813
1434 1260
852 4713
1964 1614
1612 2830
516 3629
468 1643
658 2871
1486 3556
827 582
1956 179
1301 3329
169 1060
237 328
975 627
447 4198
1423 2118
1300 3352
1829 1713
779 4672
226 4692
168 3775
1874 3049
697 2814
1950 4016
1505 3767
235 3580
627 2700
1297 3260
1094 3148
934 4171
1350 3594
1877 4080
725 2891
795 2223
102 1845
1265 3404
1221 4864
1684 1145
177 4884
1432 2158
1174 1773
1446 2943
887 3571
1768 2710
1004 853
1149 958
1850 1137
1138 4955
1296 834
1870 4694
1074 4052
60 2828
848 272
469 2490
1250 3565
1362 299
1802 2830
1056 3193
993 2236
1133 56
1009 766
665 933
1429 4934
1894 1054
753 1350
918 1273
1189 4491
1962 1682
1381 619
1839 2008
1687 4392
73 4293
1610 1423
1655 2613
1595 4069
1218 209
1299 1986
1843 1231
928 1385
1536 637
371 4482
466 4907
1631 1179
1723 3331
1559 2514
1980 2802
1345 3927
952 120
660 4295
584 3193
689 1213
1266 3660
1453 372
1324 3225
704 4167
52 441
1972 584
394 2065
708 3884
47 4949
780 276
32 1087
1729 1338
1909 349
877 2512
1357 4194
1119 3621
308 4936
1374 464
1793 3160
1277 1929
1196 4592
853 1721
712 2463
836 1472
1822 2106
1607 536
1456 3824
146 2524
1752 1712
202 1670
537 3063
365 548
1704 2377
1237 4987
1159 3508
1215 3123
1741 1164
1685 72
1181 2512
1509 2231
150 2682
553 1395
1703 4466
1479 1491
1185 3756
1599 2373
1927 2141
1001 3496
555 1293
1937 4076
1782 3066
1508 3156
456 2310
985 3983
313 226
126 2821
582 3107
981 120
623 3398
972 2228
1791 4367
755 792
1216 3725
686 1353
792 2068
475 2203
633 2081
1955 701
1754 3771
88 1237
1640 2383
648 4624
410 551
1876 1289
444 1756
23 4498
901 3958
1435 2729
1329 105
400 751
1173 2674
520 4650
1677 2248
1391 3966
352 3563
1504 4946
297 1999
1108 3809
1134 4842
1355 2520
1046 3879
355 3046
484 4467
916 2462
1110 1710
1783 3826
588 3066
832 322
1893 3409
1529 2228
1672 4443
389 1570
424 89
1596 1227
1085 1701
664 1755
581 1059
304 4588
1899 824
1093 4152
670 2948
1178 148
1686 421
1660 3198
1176 2489
917 764
547 1110
1368 2974
1281 3215
1676 2884
1910 2055
458 3682
87 1314
1325 4276
348 4240
1426 2653
368 3816
1166 4822
1538 3160
1367 2819
391 556
285 463
239 4844
1861 874
1799 4797
1813 771
1702 3188
258 519
1037 614
821 3009
1892 1984
576 585
1567 3439
749 1664
332 1591
1764 1450
1624 3780
1775 1292
1619 2083
1543 3725
254 928
94 2703
991 2384
888 895
1963 102
1348 2189
946 1335
497 2364
799 4693
1970 3419
445 4030
404 576
769 4139
1272 4256
733 288
683 515
1678 3641
29 4742
1546 3862
1918 4589
1670 4308
1081 2011
1942 4776
1484 75
218 523
1917 4620
183 526
986 3484
791 3975
281 2010
891 3294
980 615
262 7
1653 3411
1003 3739
632 4237
173 68
1242 3136
1698 1297
1957 80
602 3119
626 3820
945 4334
948 785
21 749
278 3290
693 4184
1886 1860
1810 3541
604 2538
541 4063
1716 4846
1104 4269
819 2141
343 402
209 2447
656 4975
1208 959
1896 1897
1674 1037
868 2991
1954 3970
1745 4364
1552 2441
1907 3929
1422 3051
717 1807
1467 3217
834 626
1634 3700
12 161
807 4681
1156 1367
62 621
54 1076
1816 1993
1151 1899
438 617
187 3136
1377 1956
1310 826
1246 206
1671 2711
82 2953
586 4531
1805 2220
426 4484
1072 3155
39 2390
601 2786
1902 2652
1777 2554
37 86
967 2894
1317 2047
293 1614
1084 983
1688 1130
1922 899
345 1531
112 4234
742 1369
223 1573
711 3228
1848 1308
1491 500
668 1222
1590 1291
217 4803
678 2352
622 3975
519 2120
374 1929
172 1719
1584 579
362 2478
926 3052
568 3753
598 2498
789 1911
1494 413
1492 4333
606 2791
1700 3481
1593 98
1364 2717
291 3215
1965 3563
330 1002
1639 2456
612 1559
763 2794
1551 1312
796 1551
1542 4388
1328 1559
515 1373
1778 4158
409 4440
1417 947
1919 2106
1924 2075
1433 962
594 2257
1499 2796
1944 3373
1440 4450
833 1226
1728 1141
860 2272
212 4545
399 2670
1662 2406
425 1329
685 4336
1439 876
865 61
1623 3116
66 1932
740 1047
248 3632
1083 1321
1406 4629
1808 3834
1482 3506
1849 358
446 3713
1045 2715
1615 247
320 1443
1339 267
1736 3411
1142 4008
501 1683
1155 1257
1545 2105
1513 3923
1555 123
1388 3277
302 2368
937 2741
1976 4674
1331 3424
1852 3836
1493 4108
1390 1925
193 1072
1109 140
1470 2234
1973 1014
1668 2538
253 2649
69 4616
18 3095
734 1438
864 495
900 556
958 2855
1228 3458
1831 2959
1576 4790
1436 4497
1921 3948
722 1628
741 2399
1086 4033
1628 1999
1054 595
205 4197
284 1320
300 2289
1706 4879
1280 3306
889 3401
1845 4095
714 1434
1592 2347
647 2342
1041 254
947 3647
1977 4921
1760 3248
1737 589
1932 1043
1068 1150
72 2504
15 3380
1059 641
505 715
1521 567
1769 875
470 201
166 838
20 3965
1627 899
440 1052
811 2403
1260 3296
950 4672
236 1751
898 2624
1669 3201
746 4715
1556 3471
550 601
1360 3335
1047 3491
973 3873
139 3345
1278 2034
557 3041
397 3734
84 3918
1648 3711
67 4720
1885 4466
417 2724
635 4000
961 1695
787 3729
443 882
375 626
16 2359
617 1482
311 2923
477 439
402 1057
1271 4868
1065 4234
312 2287
1431 2074
185 4676
1679 2090
86 848
401 4186
748 4582
600 1609
1675 1726
1170 2718
274 3720
857 2096
46 2134
152 3670
906 4804
232 4210
893 3514
184 747
3 1076
823 1575
805 3436
1161 10
522 3365
820 902
464 1642
921 1401
1904 3912
1497 4272
905 3847
620 4206
896 2263
680 4084
48 2535
1238 1359
778 4799
1863 4806
1351 2251
630 4446
786 2480
1948 4949
738 783
735 2767
1500 1067
101 2489
701 4642
1264 2934
1398 2636
1202 4064
907 3812
488 4052
498 673
1897 1237
390 2440
255 3033
76 927
1097 4796
1341 4454
1303 505
1230 139
998 766
1807 4028
1794 740
377 940
1160 4610
925 3428
884 1597
170 1986
1530 2669
1330 4230
1709 1888
1572 828
1404 3772
777 1511
963 4275
493 3289
855 3851
457 3738
92 2247
1333 4425
1966 421
517 4812
953 3721
141 1196
298 3418
197 2067
960 1098
1837 1192
1629 2995
643 1703
1811 1784
841 6
1855 3733
694 1311
1601 3737
773 2317
1923 4258
1286 456
35 2772
1168 1862
989 4549
578 966
828 3132
793 4903
822 134
83 4039
1321 2096
809 4403
667 961
256 3695
1515 757
99 3608
1554 1009
608 2841
1689 4850
1847 3483
897 4366
1179 45
1258 403
145 94
153 910
109 3216
264 4523
810 3039
1413 646
38 2428
863 3942
179 2273
246 1338
1788 2310
1879 3128
1259 2463
121 3851
367 3120
815 4739
412 1078
671 3159
1158 3186
207 3139
1912 4192
800 3059
614 1616
1052 1385
1836 4532
770 3799
1316 2171
138 4300
1520 2118
383 3835
393 4288
1780 77
317 1578
548 3088
57 1049
111 734
1517 3465
1591 1905
1219 3456
1313 2572
1128 279
272 2242
210 1752
772 951
1099 3641
1947 2398
565 2599
1789 4755
750 3236
1930 3330
1663 3173
1359 3800
1718 3289
814 1480
1616 1345
1027 4638
955 2478
1275 1649
1600 4362
1784 4653
1751 4528
1981 1788
1293 1579
899 1698
854 4310
175 2541
1031 3381
1013 1210
720 3918
275 2133
227 547
995 1159
558 189
1256 618
1241 1439
1335 3159
1204 1826
695 3352
257 3683
730 1066
816 2110
506 1884
385 4777
1487 210
200 3459
486 4001
1039 4941
59 378
1188 1444
157 4234
994 2993
1978 3050
415 537
1982 3662
971 4093
628 4536
219 3548
943 2117
996 2202
593 1246
1469 955
1145 3401
340 1067
1023 2669
1519 2547
1832 4031
662 3260
432 3566
1225 207
1841 4714
1889 4400
837 350
706 678
1933 3452
327 1708
1346 1779
829 3483
45 648
163 511
979 1197
764 268
1740 3216
44 2847
1926 2134
785 1099
1057 2005
1589 2742
360 1609
1888 133
413 82
1015 938
455 4706
1854 4525
944 2614
1598 4170
155 634
1774 4797
1720 335
357 242
1459 2792
1550 4226
241 83
1164 2861
