5732 166957
310 95572
3264 78259
3163 130709
4451 157550
2751 189734
3360 13229
2223 38028
4641 168338
3879 100138
2493 198512
4159 23011
3190 87978
1724 196834
1579 136833
2819 130697
5769 139426
2087 60026
5371 972
4530 186302
5557 160792
3118 59897
2396 107003
4458 147590
1722 34811
8 116268
2491 105695
3035 100167
978 82219
1274 130549
403 33140
5350 78078
5818 114110
156 49697
1227 87018
5786 33760
3944 6896
2419 74545
4955 146923
5387 95266
2487 191093
2761 17088
2822 196624
3825 148871
1739 44727
2997 63626
4383 196981
2128 87429
5471 44288
3206 161802
5743 108801
5815 82232
1462 193480
2949 135386
4027 40847
583 8588
2201 114783
4146 169132
940 90349
5689 78009
1830 86142
3093 190531
3800 78955
4585 153811
4167 9642
4185 110423
1714 82193
5454 136459
4782 96967
382 1627
3602 127874
5623 167809
4511 127568
1468 14846
3934 145085
3804 120929
1279 157973
1080 48551
1901 58582
1255 172936
2686 6496
2233 58470
5854 97141
5413 20827
5138 158684
4377 157821
3260 95833
3227 42008
1838 195142
1190 12020
1747 63719
797 73328
3907 196682
5510 42743
524 145033
4882 89372
5411 144437
1409 167135
4629 3920
3683 99548
1580 137082
4942 79900
1516 195945
2160 178737
2916 94479
1569 89999
433 25842
3425 52239
1452 183461
2449 133009
4360 89582
3102 65655
2687 13178
2737 62641
2963 114104
3376 1033
5602 38960
5318 112229
359 167414
2623 136800
2851 118347
4619 197492
1171 120534
4074 70859
1268 121271
356 180448
5406 63511
119 195368
3099 185569
3939 70566
1638 12375
1323 25520
188 193931
5594 37954
5831 94714
1946 139986
3640 5105
5694 172193
3899 114374
3484 1566
2660 170198
5024 125743
4219 2176
353 164658
4665 90717
3912 21399
2988 1178
3307 48931
1042 40976
1294 65111
1642 167916
1373 184421
3042 157814
4885 189458
504 125108
1397 60679
3149 55034
2363 175650
5046 186723
4430 181142
5820 141831
4886 106319
3024 174974
1314 54656
3358 41180
5217 101795
987 134199
234 100360
2569 187227
2492 3938
1603 17743
3796 109555
1501 24651
5772 18608
3145 91248
2378 59255
4220 35431
2765 15499
615 87095
1163 69614
4514 33508
4112 149691
2630 26916
1636 181486
535 30406
3773 66167
277 28408
3701 177700
3630 60428
3342 196626
4776 77768
4529 61593
4526 167218
5040 32632
1153 84348
2542 20794
4329 27249
2899 168322
1502 102186
2673 57594
4016 150370
5067 30071
5856 112770
196 39304
5723 167766
3962 91751
2718 23435
2125 38088
657 156491
609 151895
605 136576
4413 153095
3253 194171
690 7361
5798 105328
5390 182146
5409 163872
1622 78438
1733 172687
3513 56575
346 56381
5652 89662
4079 22877
3157 147652
1410 134692
5503 147704
5227 23334
186 132225
766 186090
3173 125521
924 25381
5022 93125
28 85427
3372 94734
5304 123470
2094 5164
1582 75032
1759 42434
3543 92161
5790 190780
2947 181174
4201 12038
116 166972
3075 158295
4400 43953
2591 23447
5258 131294
3647 151090
1053 75563
4831 157297
3772 103929
655 65058
4064 132226
4838 170949
4778 17438
3694 144985
580 196196
2706 181221
3507 117249
5369 184014
2267 55490
1934 37198
4446 14755
5021 3915
1522 19867
5567 136297
174 140291
2599 144137
3397 197366
5215 197981
1825 165996
1786 144298
4600 83183
1315 26036
335 92009
4186 112606
1574 164224
4988 12970
1485 69050
974 149687
5155 30586
81 81046
5473 73258
645 47321
3930 18354
1558 78000
85 128761
3696 103499
421 115023
3601 179800
4198 151935
3059 124976
700 197007
1407 125723
1476 25962
4813 156276
25 179391
287 110374
4187 156656
481 105817
1763 129288
824 74339
2792 145195
3429 53113
3611 93087
2732 52272
3491 121241
5632 21828
160 83351
1309 164681
2801 25063
1635 17236
2018 52759
453 128098
5043 16026
5447 48312
2744 187232
1597 60423
2435 117045
4610 119432
1512 50751
5190 182008
1076 102606
398 83429
1016 135799
5041 178813
2828 122929
3314 2561
3675 192356
1871 156970
5749 87442
726 107697
5879 130445
1361 141925
2461 95850
1414 147811
3762 30404
1767 151872
3383 191455
1182 140196
5486 53698
3987 111310
4959 46672
2076 4880
1451 72208
3857 167582
2136 111711
3650 119756
3212 3277
1007 124547
77 115538
5432 185073
2974 76949
3938 47299
2985 56256
4842 34906
3642 29382
4189 74280
1756 148018
599 29457
2607 134920
4907 9613
3299 5702
3472 19532
2615 51568
2062 16102
4926 87890
650 103756
4072 179248
3868 109908
4268 114054
2361 144148
2513 28373
98 137009
4531 19910
1403 91129
3091 98148
5351 64946
4384 110972
4246 16893
1195 81587
5161 101341
3761 115948
4495 45762
5211 104717
3366 137075
4602 129456
3668 158240
5884 38391
5478 82003
4269 169492
4088 31904
932 1138
1503 73050
718 109135
5141 68484
5366 26934
5549 179442
551 198194
3915 15176
5729 20805
3898 126469
745 149014
5735 29523
5131 3023
4059 76543
3955 168763
2066 148545
5254 139872
128 166491
1127 50231
189 62566
826 129462
3703 181277
4660 29701
4083 76110
78 81553
703 142232
842 7567
3890 111695
1365 55878
825 81942
3651 84486
4804 10785
5183 71468
1425 76965
4595 103825
3941 70294
5886 91440
5253 185446
5345 79961
1347 147741
5585 139482
2779 189303
459 39569
3536 114839
3644 97607
1141 34859
1539 199834
3301 3110
5547 170935
3156 140097
214 137633
5834 101467
1183 188150
450 60567
2408 10292
5430 24988
292 60257
5333 183669
423 19394
5071 92061
4826 38858
5212 195719
5236 29404
4330 107484
4464 92872
1626 176135
282 60663
1766 86280
4096 92942
4730 40308
3670 94639
269 107092
3910 11952
988 28352
3805 44504
751 56234
24 38527
1527 66081
2337 29008
5705 20113
5018 56248
1254 193458
1229 49232
1683 176946
1244 24132
1291 145123
3569 183044
4991 59285
494 16931
5248 63467
289 17102
420 39493
3880 133662
4205 90987
5386 19843
1481 143981
990 113222
5744 63280
4927 186793
3889 118017
5088 58067
5101 126184
2485 11582
2659 47748
2512 107529
2195 180554
1734 12578
3160 67340
1443 145395
533 96024
5121 137193
713 164134
3758 112703
5692 8257
2480 238
1337 74681
5320 133911
259 34988
3574 99968
3224 117923
4890 38270
2830 42407
5001 192511
1695 186147
3011 48779
4293 170475
1269 74186
2394 8586
613 147875
4291 133724
4278 142525
3065 172382
1438 62444
3416 128343
802 145169
5582 25089
4500 182007
1172 76108
5865 196839
3017 93215
4203 82234
4765 80667
5657 116938
3241 27405
587 199157
7 85591
2897 50552
2938 51816
4589 89409
4960 173728
5808 41115
1162 189260
5571 154305
4181 128331
3698 187901
4434 143217
573 181086
938 91012
1742 68704
4416 65483
2261 55898
5189 70696
4463 24598
5172 184933
4107 47351
5616 131348
4480 178672
705 185236
909 91898
3066 135173
2783 169320
4663 154316
1795 28747
4240 161094
1621 51627
1129 106962
4303 131062
3304 87400
3781 113573
2975 1364
5059 115975
1708 44789
5150 5077
1257 77835
1824 69103
55 71199
2124 159441
4014 46193
1564 135225
5055 54704
5427 144046
4845 190148
2384 145163
4893 13732
4554 181624
5089 105779
1214 109601
495 63393
5132 170552
1105 22261
4355 97946
299 109561
5446 54815
2113 31033
1114 113345
2013 108834
5578 173752
1234 66641
1211 62421
1017 60524
4968 27464
1880 195783
3599 88988
3338 72208
5821 81401
3349 57575
1437 175707
1465 102210
1116 76987
279 116961
2422 38296
4880 153598
3394 8388
1002 66894
5050 111722
4733 134294
1169 81526
3340 145690
5222 48210
4963 160227
3127 135183
4871 123230
3717 169309
1818 145841
2303 42553
3343 100695
5315 2279
1411 179949
1311 40029
5099 2071
1821 167744
2873 49490
2293 36456
5246 71458
2003 79322
591 190072
5806 180869
2709 170927
1890 49466
5213 63581
364 65222
51 154359
5127 69373
2520 168212
2680 159659
3526 7916
931 105228
1605 32359
5630 109023
2176 145584
3725 63838
3013 58757
5589 33571
4901 95820
2742 161374
2902 193282
4098 150409
1419 88815
5599 168522
4676 128143
4523 97273
2815 40752
100 156739
280 174937
4980 56467
2820 73356
575 44859
2444 83955
5598 44269
1379 158882
2239 107901
4080 147491
270 189911
2972 68792
5509 161128
2338 147719
1032 166586
4251 86055
2955 131463
1427 145394
4582 86427
3295 133491
2610 66309
3616 100586
3311 17812
3225 80843
631 10260
4474 193872
3467 82800
3104 191805
5228 178102
2724 61469
1194 180221
5353 101623
698 85605
4234 132116
4724 108602
3488 7367
3783 177963
154 163
4013 111779
3759 130515
4716 18847
3661 58743
441 21936
1865 139605
3589 27074
2756 15437
4732 101019
702 188565
263 70458
3345 33466
4618 29728
4153 194395
3760 350
768 79144
3124 108784
2 37133
3591 151011
4919 110483
2282 57703
4121 134695
2197 136986
4609 36848
3723 100995
2098 90561
3476 34645
5512 187758
5169 123745
5707 141643
5709 163907
130 187753
4825 127401
3721 124908
2869 66243
5137 63698
1210 100986
4857 162087
625 33748
2882 15988
1999 122976
2281 60216
5128 19265
3992 7863
5867 76989
3158 166701
1175 146695
467 95871
4336 84502
4547 119561
2463 185285
1929 133655
1915 84542
5725 139476
5273 148787
3492 182838
1184 34266
2531 113111
4119 41181
4687 82024
1273 41567
5595 71623
3423 99395
3638 53053
3493 105365
2601 25049
1575 53558
483 192237
5057 40935
3461 148472
2271 196390
5861 177270
1846 93768
2454 75008
3359 157562
618 147894
3808 27708
4379 13711
74 32431
2654 182770
1302 33143
2525 8650
4577 52610
1507 177715
5008 97698
342 40258
5727 30677
5771 106491
3391 103863
4228 40361
3931 85978
597 51469
856 116341
247 191774
3396 38749
3282 65288
1148 136980
4021 46818
2886 20380
1191 22618
418 180730
4985 191255
4108 64017
1992 78838
1143 78564
844 66356
4380 136883
4607 197447
228 108435
4873 36406
4089 198046
1632 5431
378 123400
3906 168874
1212 3910
5515 136436
1931 154611
64 72766
4931 31834
2618 105536
3996 75519
637 14620
4789 5527
5541 30872
4496 66702
4456 86370
2036 35833
2911 27478
634 132889
1222 2349
4423 146576
3205 186537
430 68600
243 34146
5234 164504
500 102755
2353 29899
4338 137175
5174 81311
5810 116399
5365 18703
1602 54228
1758 189361
5180 87005
3925 58120
2553 128219
890 7119
5577 98090
1445 78490
2294 106281
5129 46394
1715 92973
2278 83666
4118 139442
970 152269
5755 94372
1380 113547
482 83103
4576 74037
3393 71137
908 185269
61 123823
5323 81050
2167 167115
338 158086
561 197490
5569 77019
33 98171
392 181969
3620 185682
1223 115642
3531 183975
2731 108869
5435 90851
737 95166
1028 19869
3088 47968
2083 17497
1092 60557
2400 10233
429 194212
3153 26227
4843 108166
1236 132251
2544 3450
2192 46561
5874 58808
1334 104632
2381 110453
758 179140
1029 117416
3428 173997
4763 56757
283 163383
4449 138968
5592 65942
1975 132324
1444 15090
3597 180906
5424 2815
2933 29107
3547 41955
3390 188975
1691 117106
3473 89458
1270 51218
2104 49820
5753 11290
4936 82211
2683 12937
1827 43428
5095 199527
2581 139522
1096 126269
5425 137731
4264 81935
490 75430
1594 47973
3538 86529
1806 103369
4643 136748
5286 76193
4138 41897
4333 8126
4753 145865
388 7865
4699 40248
4962 156741
4155 55897
2417 92593
2900 192206
419 72451
1253 59854
5288 31644
115 15049
681 164545
2112 158023
2024 135568
3606 22843
880 39353
3856 81288
1186 43483
3044 3055
1326 95782
3894 104702
2182 169982
2030 167140
476 70856
3457 176400
2587 187213
5764 75677
3578 28117
5045 72560
4540 130161
4226 81403
503 5566
2095 21126
3845 32888
1412 87261
2745 158042
1651 189276
97 128519
1340 100519
1562 9990
3216 36515
129 183231
4123 194190
715 157917
4065 135409
1249 127046
5600 57411
1911 144211
5408 146439
4754 104517
4347 146643
2430 63168
1349 89094
3833 157299
2123 199811
2130 78024
5159 188974
4615 169621
2458 167702
3690 45821
761 52588
752 180022
4983 79984
2811 8736
5719 121408
3836 169139
4605 15024
2624 142517
5553 108050
2047 50368
31 54418
1644 154738
5280 79602
1 98592
723 105521
1376 132223
3130 10313
4 83974
4298 4411
579 130957
2980 197931
1692 4010
5684 126757
2561 161334
4861 150167
595 110704
2567 197223
4667 134468
3430 142143
4760 98701
5407 193186
3977 40523
1263 192382
3141 99998
675 87694
4701 194729
3305 138503
2693 72703
3486 50934
3970 17200
5170 115648
3743 92706
4460 56275
1245 73540
492 93072
405 9056
1864 117553
2011 21329
5033 159864
14 193595
1812 194058
3776 85020
5620 193871
1416 102002
5853 165076
5283 187570
1209 147067
3918 40903
1298 137322
3336 80233
3913 36161
2079 31378
3074 29719
2527 85927
1895 130793
2806 165703
5126 17355
562 82588
1378 114321
1523 100449
3548 85736
5631 105703
416 105413
4018 89837
436 118731
2799 30806
4735 128862
2620 126453
4775 56762
1000 40340
2753 176850
4741 173078
1618 159347
1903 172380
4170 111619
4390 97750
716 112133
870 179925
862 118866
1150 88718
2149 142924
2582 75664
895 139972
190 62365
798 134063
1120 104701
4868 12034
4006 3555
5747 152030
4348 94591
1630 78706
118 118164
5116 13931
34 187140
71 110858
1207 14774
3053 41577
315 44563
2540 103520
5075 3192
1941 37361
3714 36343
3388 126562
1040 6229
4162 20823
2256 23085
2250 123062
4964 56539
3926 184784
4142 75690
674 108217
3112 180859
2585 8949
1144 144435
4412 66056
2787 56220
912 95502
127 6535
2222 32781
651 8640
325 4569
2318 128449
2214 192692
5514 113793
1943 70934
2354 164001
1560 14904
5257 126440
2288 115426
2684 21489
3702 68102
3080 154387
903 193789
5745 197473
710 160422
1823 192573
5382 7008
5297 82488
1544 13499
5220 167006
5300 8304
4122 22842
2789 35421
2229 5929
4866 108878
4048 117942
1352 10198
147 73962
1235 150006
1012 60241
2093 189427
5339 71666
2565 85470
5426 99063
5565 64768
4501 97785
2387 35401
4388 178502
2508 61788
1075 140996
3079 4611
5474 30562
3643 130518
5736 147472
3120 172626
3525 186333
105 77354
1765 130301
5080 133711
5271 99611
1400 22430
3252 192914
2310 5431
2727 148912
363 188590
3888 127459
5792 169352
3971 138305
992 19362
4001 188857
526 190335
4943 15415
408 58773
5060 33226
4972 112276
1690 16646
5429 87774
4572 197151
2584 137554
2905 140086
1102 50359
2736 146719
1180 114281
2010 143438
4808 17816
2071 18856
2918 84453
3434 109516
644 175682
2532 178941
3604 149407
1447 1263
3339 77203
3395 77591
4979 89327
3380 105311
4645 69378
1287 59762
1478 125587
5249 185068
4076 153110
3135 2160
2165 19289
3546 42587
3412 192694
1654 174615
1434 4355
3114 169800
4254 20237
1612 75843
516 118717
4536 184151
3117 54951
3408 76082
3917 180828
5658 143499
4578 80257
3155 59614
4095 130740
5396 119877
4799 185343
1423 1656
2847 29381
4691 179359
779 20616
226 136267
168 183910
1874 160637
3610 132549
1950 80108
5871 157282
235 102569
3859 81094
2837 46166
2989 111112
5428 170984
1350 165138
5238 33865
4494 166276
4148 101136
5230 168750
4722 176127
1221 166561
3682 66609
177 66374
1432 57889
2473 91132
5546 98308
2323 20577
4941 34912
5235 48893
4378 158860
5670 61979
2818 43960
1296 138763
2782 26241
3554 106562
60 60409
5617 131760
469 127886
2409 109238
4574 99147
5876 120196
3961 188879
5179 8319
4444 151144
1009 120690
3822 165428
4534 92077
4247 41153
3720 58605
5130 186214
3892 87248
2841 118214
3561 154666
1839 74391
5144 72534
5240 41552
1610 116375
2656 191385
1595 87666
5704 52910
1299 96886
3188 102037
2993 154513
1536 44987
371 76716
3865 160847
3712 137566
1723 145432
1559 74165
1980 142060
1345 28211
5718 127030
660 46149
2118 42651
2211 139749
4761 42463
1453 63101
1324 11707
5204 90160
52 171098
2590 113041
394 92466
5177 70387
47 9012
3664 88010
3787 161559
1729 177554
4953 46614
3324 42584
5173 38594
1119 15743
4773 141130
4105 108229
3369 127302
1277 133543
3137 123522
3184 171503
5098 14333
5047 96259
2215 100891
1607 86074
3794 169516
2488 198558
5076 185657
3279 151687
537 171509
3292 13984
1704 51674
3474 49862
2511 24062
2007 174454
4067 14942
5714 42061
1181 172886
5309 136310
3663 182516
4019 69264
3049 171508
2285 48348
3706 33338
5031 194795
1927 79881
4117 54775
3321 45535
4891 172486
1782 66178
2518 165992
4312 142809
5118 56232
4628 6872
126 118308
3965 65761
4352 167805
2193 72748
5538 46571
5756 63385
755 20404
1216 122983
686 188752
3954 81512
5279 41302
4362 71922
3353 100632
1754 33857
2152 163689
2735 149211
3069 39170
410 180475
1876 62570
4192 78489
23 1133
4385 86116
4332 156979
2442 134981
4302 55992
3596 178279
3872 31157
2200 175123
2996 189365
3483 115205
1504 30119
4518 54556
3520 175948
1134 187580
3820 147376
1046 169777
3466 122190
1998 153411
3437 30919
2575 33224
1783 34234
2147 47094
832 10550
2589 79922
1529 37652
1672 11741
3487 126137
3964 57387
3986 80417
1085 1429
2324 148050
2462 26939
3790 168854
5733 79969
4447 193928
670 38514
1178 119439
4005 138461
3662 85137
3935 39687
917 51877
5742 14154
2664 23156
3374 146398
4166 16957
4738 183544
458 140719
87 78175
2376 89142
348 42725
1426 33508
4622 32059
3452 179557
2832 48260
4543 116290
391 122464
285 190878
4317 16941
3852 111168
4215 38672
3989 122439
2440 121144
2264 167386
2915 149952
821 2197
2451 132836
4900 144756
2262 98197
749 59500
2061 96520
2917 26153
1624 186582
2367 159343
5811 12642
1543 84367
4441 60949
3495 121133
2991 19304
888 135497
3489 65965
5092 122087
4570 17061
497 119692
2279 118644
3901 57852
3245 160440
404 111045
2060 43810
4213 73405
2019 151242
4689 172212
4790 128963
4230 142745
1546 49999
5542 165506
2257 185684
4881 105403
1942 172807
2134 36919
4258 96845
5543 153640
183 106839
3730 105699
3186 77196
281 24875
891 64263
980 126525
262 177202
4694 154807
3641 14531
632 184908
2699 165940
3327 87819
1698 56312
1957 72909
602 162267
626 58146
4420 42927
5789 124392
2373 119273
3853 10039
3274 15413
1886 21300
4743 113514
2089 192663
4405 165004
2548 134839
4712 58752
819 22111
5385 61336
4350 139613
656 196991
1208 118598
3542 54737
2242 24556
5803 180669
1954 27955
5730 17078
2346 152295
1988 64870
1422 62174
5030 162553
2602 31894
834 1530
4407 61588
12 128176
3887 55884
1984 53887
5481 5585
5197 67170
5540 83225
1151 1165
3443 182843
3329 35424
1377 164422
1310 71930
5326 194594
3634 162330
82 147505
3404 128066
3573 113989
5873 166600
1072 109057
5507 138363
2296 154897
1902 66457
4596 165388
2550 151218
967 167309
5276 130154
293 68974
3444 27499
1688 70939
3406 167154
345 65219
112 129661
742 140274
223 5634
3976 93389
2733 164182
1491 124024
668 58516
1590 172883
217 131438
2652 50761
4497 65134
2796 143171
4770 83724
1989 68819
1584 147175
5448 133586
4739 84651
5097 81806
598 32464
5250 9269
4696 182699
5659 22145
5156 15235
5442 185725
1593 178773
4052 31059
5610 47514
4085 155845
5597 199778
4060 114866
4862 195362
763 60881
5086 66916
5346 51904
4249 152442
4975 106299
5301 4721
3871 13084
409 99579
1417 121733
2657 169163
1924 85818
4199 29002
3998 118965
4917 35801
1944 89159
1440 48250
3159 139234
1728 96389
5298 89295
4679 107463
2726 26526
3585 74703
5401 155931
2658 148649
4472 190058
3442 34489
3900 43463
66 148927
740 11069
5587 40812
4914 198075
2443 28513
2720 132213
4391 169955
1849 177974
446 177093
5601 16023
5142 131295
5232 114850
5434 178062
3500 91801
4499 41828
5816 46569
3718 8980
3831 197608
3579 76569
3402 131172
1388 56186
302 7129
937 55234
1976 112865
1331 101418
5322 142660
1493 77693
3875 80035
193 122631
5414 6121
4144 106279
1973 78118
5846 115846
253 110287
3940 119869
18 130999
2945 51707
864 58258
900 166685
958 45071
2758 36129
5418 194730
3799 125909
5005 18918
5433 30977
722 14034
3614 57207
2277 31052
3068 137930
5193 71152
5497 166111
4308 57835
5688 162960
1706 58297
1280 78569
889 28861
1845 144374
2613 77656
1592 62555
647 96709
2101 12880
2403 9393
2334 191830
2204 60642
4887 63660
3740 187168
2600 2154
2416 142112
15 9980
1059 58127
2543 197397
5331 51276
5335 42814
470 152294
2650 105045
4586 25148
1627 110547
5737 192006
2067 165747
3015 137223
4951 64671
3581 131496
3315 22608
4432 33357
2102 154350
1556 63690
4143 161248
1360 179634
2034 161093
973 193081
139 172997
1278 124083
557 160548
3136 7244
84 57629
1648 64924
3797 169166
1885 150936
417 184826
3629 109863
4833 169545
4657 95945
443 44383
5534 172042
3874 192657
617 48006
4961 15633
477 102329
2763 79986
1271 47887
5520 88409
312 124480
3176 106221
3672 147025
5470 160974
2017 142802
4094 11063
748 60174
600 87030
5499 36321
2452 145826
2050 178302
5034 175796
3844 30943
3286 64495
5072 140621
232 150204
3729 97367
4424 152450
3123 129167
823 107590
805 10162
2289 98292
2127 49387
4486 69319
464 162640
4840 19196
3125 118293
4848 25768
3222 4937
3532 101937
896 50846
2077 143776
5289 147381
1238 107287
778 20342
5809 182363
1351 174634
630 142562
4633 92639
5731 6905
738 82477
4267 64326
5191 43185
4690 172383
701 15606
5148 167137
5489 3679
1202 83216
907 141257
5477 38075
498 13754
1897 45230
390 94991
4091 92594
5701 14953
2636 30261
1341 84548
2340 42490
1230 137467
998 108726
4191 168576
2651 94091
2207 29180
1160 159088
4321 87554
884 79363
170 38649
1530 189443
2759 159928
2959 15835
5885 197064
1404 194549
4403 92296
4340 108101
2678 148036
3813 65353
3078 161920
5530 39622
2135 67072
4376 179521
3886 118216
2427 190546
3325 86512
5728 136405
197 2488
5461 146073
3956 168780
2871 24192
5393 153255
5649 126849
2043 48796
5325 42622
694 122802
1601 126026
2358 43820
2099 19679
4345 146734
35 165869
2695 145744
989 77621
578 4473
2521 131771
793 34539
4099 92445
4758 147599
4569 141998
5251 147011
667 106643
256 195204
1515 40090
5835 11030
5574 163614
608 81786
5763 122864
4528 134249
897 167642
1179 28771
1258 6993
145 108060
153 41707
3843 179802
3984 179003
810 80263
5455 4974
4277 132545
4339 119978
3590 7396
2691 20852
5535 52096
1879 36947
4896 166187
121 56207
2457 179135
4489 117906
3980 172056
671 63078
5862 154795
2962 178046
4755 96947
3815 172978
3083 56226
3426 58883
2168 52869
770 104923
2935 41397
5361 3422
3459 183464
3560 82253
393 140059
1780 63665
4592 192167
4620 106675
57 33142
4202 150635
2643 189663
1591 76324
3363 76337
1313 12367
4970 51196
2537 176917
4290 173520
3418 197130
1099 129343
1947 21893
565 32876
4440 133702
750 471
1930 165153
5516 116575
3226 189198
5182 104218
2413 3427
1616 168115
5294 41363
4238 110974
3985 119781
3689 62773
4103 30082
1751 179301
3551 193902
5838 17574
899 91088
5139 144503
2973 42862
2159 44405
1013 128037
4210 5964
275 55345
227 199548
995 63478
558 17928
4683 6107
1241 135078
4967 191906
1204 164104
3478 65463
257 115523
3235 53395
2360 192045
506 50078
3263 194829
1487 99693
4623 174319
486 183636
1039 172807
5214 48098
3508 152046
3046 122779
994 178887
5308 95070
5558 112297
2103 184369
5255 148523
628 197861
3997 47895
3362 134287
996 132699
593 50459
4762 6454
1145 115606
5329 70798
3947 129091
2460 9619
3275 144900
3834 30056
5855 177447
1225 120632
5663 124600
1889 59944
5290 105453
5770 198710
4140 143172
4154 94426
4366 146148
5416 50745
5437 136503
2535 102389
4221 88768
3523 158372
1740 492
3927 185379
2020 5120
785 21246
4556 147261
3021 159223
360 46171
2369 98975
4884 39595
1015 114366
455 83306
1854 142519
4590 7125
4031 38848
3654 186605
3464 120605
1720 52480
357 108688
2455 150515
3352 154294
4869 73662
4452 2810
1156 40506
4599 41182
735 59058
3736 184526
5374 156173
2712 41114
41 69652
5019 52398
3041 155895
5740 95512
1293 90507
1956 134790
4981 156835
4913 178795
484 178414
1881 61404
4674 112337
548 115001
3031 171071
3991 159278
2322 90553
2866 82471
2566 45609
2115 170108
2315 2774
910 177424
1815 78385
2059 94551
1288 92527
3289 77814
894 180591
4876 193860
5357 108244
3946 67579
2456 168182
3937 92367
5677 28906
1557 156688
1781 149896
351 16507
1798 116501
709 129297
3530 5722
4493 69069
1669 130358
489 162744
1548 47711
4557 23421
402 148809
3106 193431
4711 103506
3559 124596
2675 146777
720 28811
1461 156420
1814 73503
5196 102975
2048 36697
2929 105145
3378 106992
5539 107575
2559 86599
1121 145143
103 54121
3410 75965
1665 145939
5485 93013
1855 47758
5842 165717
1260 119626
1858 118063
1967 14267
1962 116507
3994 193670
208 140181
4832 92494
3318 48591
3988 198088
5490 60690
3254 142887
1755 19530
4834 163688
2251 106584
811 17988
4652 180155
2054 186981
568 32955
1111 107283
4566 101476
2667 69111
5058 4943
2085 130852
3750 136714
5570 94933
2612 59076
4300 48365
323 81846
2004 158565
3534 155823
2633 28183
4428 92318
2826 10488
4289 13366
1387 159734
4318 28662
4844 70543
4194 177927
3957 175789
5517 170689
4802 50778
1872 194835
1853 142736
546 161977
439 8288
3482 127453
3143 180967
1098 85041
4772 169534
746 162409
4810 90059
3851 106071
3624 4013
5576 88143
831 160868
747 83947
132 174134
2244 186994
3829 147318
2738 51488
3281 121990
3257 184413
5839 117065
977 113014
1913 185348
2773 96632
290 166628
541 107113
4490 75753
4183 2479
3673 141280
4688 117454
4073 12481
5817 1850
3619 109483
5299 38032
3280 20730
4977 108484
721 159157
313 166499
220 9249
4437 43268
4818 13542
739 176256
148 21577
3665 11543
2386 62162
767 113356
5375 93514
3033 165213
2956 151146
2631 49484
1088 89384
3959 40755
588 123048
1472 179821
2100 152102
708 163416
5384 129545
4039 86639
5006 175165
5511 71577
194 168967
5146 198841
1107 13266
2555 77698
5208 197250
616 24981
4820 142230
1353 110040
278 48597
4671 10574
1721 6279
3583 152582
5042 169589
1836 108791
438 196899
5703 135148
3319 71977
2778 14762
5093 108942
4411 143597
3646 54400
1495 182603
2829 186964
2816 167009
5668 12249
3549 128899
4393 65957
2209 39677
945 172577
4481 76936
4851 136523
344 34820
4286 112247
5166 196108
5484 35240
1718 141759
2053 38846
2526 156463
623 57350
4612 147901
1860 199938
865 160324
2410 20989
203 180936
2224 55639
1677 76733
1112 148118
1585 22302
4998 53482
1760 159005
73 68892
5188 31506
377 5469
1663 122883
5205 101698
3171 64235
689 95041
2682 72779
185 47067
5336 75303
5759 59944
3086 105011
3213 193525
1979 92289
2203 192917
3819 158169
1301 170493
3754 166620
4266 180978
839 145554
2040 185692
1769 68513
949 192718
1995 34641
570 75455
4274 141160
297 62392
2558 95601
4488 174605
2890 87872
1997 72363
330 50442
863 142610
2479 20527
4223 48949
2767 154987
4952 76617
1674 159299
411 155371
1019 124843
4746 69943
2510 86448
1095 27550
5562 107295
468 185242
3371 123939
2748 198391
3001 107152
3550 98142
1916 178968
4070 135639
1898 184358
2143 181291
4314 315
2234 87338
4100 183434
1396 196899
3848 162562
29 142593
2919 23369
4049 175571
1060 38595
5362 7047
2411 155745
4086 126693
1456 116583
3870 13594
4231 86209
358 163797
5864 34291
4207 116990
4562 101829
2414 89768
5586 155919
799 194012
622 42462
502 168963
3166 139042
5209 124599
3341 63980
3103 123929
1338 84575
3657 51601
42 1925
2984 66248
2921 12200
5859 120043
1441 111414
801 150696
2932 77303
2319 10258
5417 115885
1882 104770
5342 156742
1131 76824
2185 77000
4702 128513
3633 71446
181 157258
2181 179216
146 102770
508 10351
4507 67968
4670 55986
407 39352
3081 76637
2536 146177
3139 496
2190 88724
979 27587
215 68556
1801 12574
4947 101745
3020 22072
898 86890
5070 190209
1386 32937
2874 122886
5872 60773
664 48790
1617 6203
1667 75075
2405 120561
3060 28114
4356 123469
3417 195389
5082 108779
2743 5104
2161 148506
5443 50112
4872 13015
5 27443
2248 135310
2141 41057
38 84807
3884 177293
4025 72817
1010 160763
4294 199271
4147 94059
4705 81068
1552 177738
2856 114781
4938 120853
5721 129920
2031 149325
4322 149779
4224 163356
1749 74709
4564 28295
1524 25048
3256 17354
200 189628
4864 85678
2109 63755
816 152917
5556 72661
2292 160126
808 145700
2297 50980
4944 49984
4895 181718
4305 109309
3592 82624
5464 96694
2595 3479
4315 10205
2538 22146
21 184865
1336 91293
2749 146073
1325 33358
928 131018
1077 161155
1047 118514
3707 142882
5506 39103
175 176865
4588 4258
2647 41272
4004 111806
1480 1897
224 105304
1935 158356
164 88016
1370 31753
5016 93639
1800 174041
4310 7349
2850 159997
841 41029
835 61319
1791 170768
3419 8074
4839 158312
80 64511
517 146974
2421 59899
947 121714
4934 7561
5133 9311
1985 160904
4422 138192
2342 60396
1250 25274
3228 112863
5836 117015
1064 25166
3070 12107
1086 10724
4737 75593
5266 190220
1018 51098
2563 130272
851 26500
1285 46487
3972 37591
3012 165592
5039 6490
384 136988
1764 84370
5528 167319
5025 104691
1142 52958
1547 1687
5355 74840
3122 89735
1850 20033
5498 185628
2063 112665
3265 123343
4459 181439
2913 41690
2987 196898
3766 161996
3105 10112
2665 89345
2557 34491
4319 49437
1649 99138
1671 188793
1205 186627
3006 188478
3671 128496
4601 27700
4668 168186
1892 175102
2781 156524
5303 195682
2640 27899
4756 176626
1925 73358
367 189416
3789 140642
1848 62608
4468 128858
2964 142811
3172 9122
2730 183426
3518 105986
368 34492
1586 121896
4855 43175
1069 8016
4174 162519
5000 72979
4237 61550
4664 96745
1174 42522
2218 29206
5252 153728
2994 10459
2903 77835
4034 54817
5332 123488
5049 196311
2580 101397
5590 107005
434 3116
260 181064
3192 167365
2121 147282
1779 164137
2305 194440
1275 59912
5752 116162
3846 86209
2316 46355
321 135332
268 181777
1970 34650
5676 198444
2156 103436
547 44981
4648 93771
4270 165059
3753 85421
167 6715
4026 180376
2752 178434
1103 176655
5800 43377
1036 106014
496 19432
2116 134927
316 126962
1159 174424
337 74149
4062 66149
1228 172588
4392 67940
848 103657
4821 136694
5706 86686
1697 160913
1038 171298
2533 41661
4774 93586
5465 113193
1166 142775
942 160941
1233 142697
3134 2838
2977 138722
5666 9968
3477 186451
5285 7562
1748 104002
5051 89083
1566 136448
3993 131760
425 86823
3810 24321
1900 170121
5376 78161
2910 115895
885 194651
838 170586
505 86653
3132 175101
399 72962
4239 132237
3699 30684
4527 93806
4912 58084
3708 88360
5526 47813
822 188494
3734 116576
1938 144496
3600 119442
4195 98238
2701 52765
201 125338
1329 62248
3562 74354
1875 108392
4084 193129
954 159063
4791 148743
4548 587
5588 43634
1243 111330
2041 22045
2390 120853
1951 26786
252 85517
5529 183451
4313 87423
1155 186298
1110 56829
3195 137533
102 146547
4200 146955
5845 56185
2097 74755
3278 113568
4487 21279
2909 55394
2644 92205
89 145280
2593 178689
1588 36153
5226 148204
1893 111124
1972 155682
3287 160622
1307 16847
4053 176066
3025 104931
180 8492
2198 116241
4909 18034
1232 142644
5053 121465
5044 91126
1726 14427
4801 25976
5370 40394
4725 126471
3982 189157
2481 4941
1510 75682
2227 116748
1083 117510
1165 34789
2146 167161
5449 172407
5420 88161
4033 187659
2392 19566
341 83769
3204 19794
2418 76666
1168 192564
4212 173877
340 63475
1424 135912
1820 35093
4996 167473
5242 55856
1707 27339
4759 91620
4161 181780
741 182484
5651 168525
4928 119281
1363 75455
867 107289
5317 141378
3320 24948
1097 109355
2231 169596
3356 84762
2556 55459
1792 157695
5783 170710
3632 19434
3421 171513
250 51369
3869 19511
2286 26676
4653 6459
5014 15514
4365 29231
5796 110332
1794 106578
678 186746
711 47730
1101 90578
2144 197688
3515 50113
2265 538
685 146149
1991 95892
775 45618
5500 67783
935 23602
3375 141361
3519 148895
772 38665
5239 88264
582 178168
5690 75170
569 65281
3724 61767
3777 160534
2081 89710
3148 81251
5270 149624
2797 161355
30 661
532 20436
4817 71571
2357 181664
151 74915
1247 43451
2268 38697
242 7046
1797 166367
5655 42991
1658 146070
590 20892
4421 145179
3385 102528
2754 4619
246 57454
4593 174205
3121 47172
3413 37853
2619 112547
5163 87722
1526 86564
4565 71198
4427 61424
1949 23262
5870 53561
4816 155489
5875 29963
1774 138663
3891 121462
2639 161055
4658 54421
4923 190325
4837 26588
4450 180601
2603 27303
3468 67843
2771 1460
3097 168036
2235 46411
3450 102739
463 63046
229 122711
4905 71100
1808 23281
1292 49159
4032 40412
4729 143453
3504 77868
2199 155493
3580 72431
3826 79023
1554 48795
5555 68734
5378 135569
1224 73072
5765 20018
5661 29500
2196 40106
3659 136288
5108 137594
3807 114155
4948 4985
5777 86946
4082 90122
3908 691
1252 108160
1489 61810
5107 10929
3089 34285
1883 17694
4542 199662
2254 38437
3387 195954
2365 12565
2668 173707
2908 4753
642 172798
3827 20670
1969 89789
3876 2011
4078 20449
2514 63619
1330 96269
2308 142383
1289 64378
3942 86813
2032 152205
374 35167
1140 26369
2027 105883
5458 60918
1625 59368
1689 158855
2420 193366
4055 95629
3460 138083
2845 171179
133 79477
3652 129031
1541 50167
829 48105
2798 86077
4043 92244
485 199942
3948 32327
2642 186847
5233 187302
5720 85496
765 169788
572 112006
2202 7193
5229 176457
5717 114171
2329 127576
1124 146473
3788 192421
4915 152915
552 12213
2880 70266
5887 42987
211 32765
2689 30521
5613 147546
5457 96389
1738 164828
782 179799
2002 136845
1717 142267
1354 139886
5492 121990
20 102302
5293 117189
2739 189262
2055 64925
4625 18404
2431 14794
2629 134293
3322 28941
4353 15432
5857 173364
5804 190518
1138 37557
2184 50827
2794 84113
5754 176074
472 34796
2058 55122
5338 29297
845 175377
63 181935
1694 100538
984 58682
5505 162637
5761 116556
964 117272
1538 167534
3738 19474
542 183866
2907 171924
5194 130481
2854 69083
1623 11386
5612 88771
4128 145877
2000 66198
3786 169660
2617 2968
577 105692
584 166526
142 90453
2741 40143
1474 192527
959 37022
5475 83478
4508 110362
5487 121473
1358 49915
1297 20385
683 107379
2163 162817
545 5481
365 151412
2380 52700
414 42264
1656 109806
4558 27662
4714 1176
2648 167370
4545 93518
3379 54308
3115 163510
4706 48745
4058 186981
5784 15866
1629 54956
2545 15665
3177 141749
1286 63829
2951 64095
3645 187819
540 143579
5134 128428
5377 188677
1802 58457
4525 177659
2276 4616
2309 183620
273 109270
5467 67197
5685 153901
2320 51664
4933 117567
5479 142880
4068 105005
5295 180649
3775 8125
3863 11745
1567 192516
241 44379
906 117445
4946 46660
3085 48517
422 68323
3503 82702
314 57709
137 62272
120 72605
5566 78760
3824 56859
2164 92933
1676 16053
2878 98556
5611 99810
5837 53794
1049 105755
1206 73150
3687 7078
1433 154502
1037 195626
5607 143245
4177 165651
3577 162705
258 41485
5419 151114
4165 154413
2810 62567
1640 96489
5453 99122
3092 94315
2441 63489
2982 155783
3101 131770
2625 163575
284 184664
5468 151012
370 22840
3107 67265
1406 161254
1316 173056
4597 71761
5358 82872
2241 105707
3447 171048
5696 64529
4646 32901
1157 162448
4713 1981
3433 9291
5224 100157
2412 81166
4997 128474
4559 39133
3779 41427
1133 123149
4803 5577
3485 27557
207 28862
3055 43822
1772 187062
3398 114221
3811 63774
5036 114364
2969 81721
743 116074
2868 38336
3361 55328
2978 122881
1401 68093
2515 171899
2415 155508
4012 180128
1757 32969
1709 174936
538 38672
4642 184878
2576 197126
2382 34700
5247 183808
3004 1841
5495 154459
2681 37023
372 191982
5807 174269
3405 38258
5091 109219
837 157729
1828 2256
3113 120642
619 186024
3686 125564
872 97394
2605 24554
1094 51434
4650 96052
5104 53744
612 15230
3691 152947
4929 29576
4798 171682
1391 195136
2307 49558
5483 100911
5573 74626
2270 72837
1421 176132
2339 158877
5078 45680
4404 86023
688 141898
4767 156231
5083 165445
1670 47612
3455 13501
2368 194815
1239 72875
2904 55706
4644 64344
4087 179297
4654 12990
5628 195486
596 37054
4608 28837
2499 41922
2912 196262
3330 81099
5488 28566
1589 106831
611 185553
1805 169754
5637 184209
2255 116616
836 78556
5463 104431
3451 164707
5094 108916
1073 189397
1735 74734
5164 124761
4037 47532
4163 52881
40 14281
1790 176666
4509 76518
1034 114103
536 189270
4111 176206
5710 20521
1308 59761
106 43110
2703 13679
3266 64807
1457 31201
1703 150018
725 138258
90 45887
461 164262
3456 30708
4707 23059
4233 78077
1914 9113
4535 61157
1164 110971
4002 107704
4920 116422
1887 69270
3047 156008
3705 113643
2662 185195
3517 103560
3588 82447
1074 41418
3812 35019
2750 102039
5699 199343
26 197468
2154 116759
4402 20959
2517 1777
2371 139092
3570 178064
1511 171451
457 66223
2805 191658
4363 80263
5863 30156
1650 193785
614 89345
4361 154671
2401 191318
233 67339
4057 184069
2579 45003
3298 198889
271 177982
3506 134311
1968 97051
4389 187915
4956 24009
1428 159813
1382 174072
3026 186560
2669 126151
1389 78654
5713 106808
2849 126999
4003 150079
1479 29047
2477 150120
4736 129372
1537 15660
983 90485
1466 95639
349 464
2839 102485
3639 2301
328 129798
4466 48090
852 116600
5090 90420
5399 79773
4661 158482
5852 49964
2321 18598
1869 117536
2119 113160
1318 169156
5261 107816
5281 29619
3029 148738
426 122280
135 166380
2273 86593
5195 114211
1643 116735
1050 56629
2188 43571
1321 164873
4898 31306
5165 58118
397 43697
1196 190031
1509 142970
2177 99076
807 82390
4752 109661
1518 134406
3162 58239
4639 112383
1483 126944
4133 48748
1549 163805
2029 147244
5206 130301
953 145747
5741 52870
4182 148412
3064 181273
3667 76106
169 98808
1020 153758
3752 50125
5773 112681
833 140077
5282 188752
2397 111063
5824 78141
4899 176081
771 122423
3816 94736
2831 74061
3767 48691
2970 26255
1873 140138
1741 118537
2327 7658
4779 170553
1192 161428
699 164585
1496 112964
2995 104758
3540 173709
2791 30352
787 133568
5787 185884
2505 163439
1896 195548
5799 54326
3144 19610
3883 177936
4870 137461
795 83656
4680 78085
1056 36026
3054 109171
1921 57624
4250 16397
5667 123329
4442 60807
2504 175492
544 141726
1542 67527
3182 159640
5321 44520
1701 123731
3501 129676
1606 157703
1928 10232
4502 33180
2697 121481
4259 60304
5328 28220
4992 84160
187 67576
2300 130837
3979 109618
5724 31036
5445 115665
5218 1201
5337 32256
2925 187216
2228 160685
1993 23919
2126 97011
956 192201
4539 151434
905 110874
2158 73434
5868 68364
1817 9884
1359 194275
2823 47727
2483 37344
5207 100133
4124 70571
4196 92649
5525 121697
3002 159532
1899 12785
730 106523
4287 68794
2174 185600
2388 21526
206 31138
3475 17633
5579 87328
4306 87350
4281 127982
4235 100779
445 48124
729 73133
2351 190128
1673 184684
514 26468
3841 954
2105 163246
4056 90862
1744 133159
3140 45830
5029 70468
5662 66563
1492 197123
2928 6895
3344 98759
3613 74757
3128 84471
5698 196247
385 124112
4649 159583
1750 18454
3268 48065
2259 86154
2685 198768
1937 65338
3728 100551
4126 70396
4819 64730
5469 135918
3756 99488
1832 75345
2808 77455
4999 194214
2336 13540
2138 198691
2314 178315
114 193253
5028 45628
5782 159377
712 153671
5619 25676
152 107842
3656 117808
4937 100300
195 138010
4271 25030
1863 87991
5199 160172
3258 169491
2432 128870
4106 28068
3791 138326
3565 60671
354 137302
1327 180794
4169 198518
4651 112619
1459 170768
4859 21672
1058 158995
564 39007
813 48583
5775 116896
2958 58476
163 166110
2035 44399
1123 153058
3000 164585
4513 128418
3255 101805
5037 181814
454 2403
3208 134257
4935 54451
4217 164255
531 30505
555 58693
5010 97645
3595 124843
877 156794
141 102277
1137 143971
2702 172191
4051 143993
3700 44158
3297 23368
1700 89188
1811 114786
5077 193462
2729 81213
1807 143658
2762 40977
266 55008
2888 161008
4357 26397
4114 191156
1696 126455
3983 59684
3739 171963
5403 142263
5603 77167
303 157599
3748 174060
2489 123891
2859 53522
5552 58729
3909 142603
2688 73864
2723 52002
2221 191010
5145 95507
1990 19187
4453 34451
5079 179518
1652 192162
3923 145310
4546 32289
943 98381
5344 173115
5221 142799
2084 153470
1130 176711
5115 141938
1025 11977
5640 142998
2344 195331
3564 153329
5436 80513
1843 104079
4728 17941
1966 163478
5074 57543
4841 91499
4624 108615
1826 141048
5494 127910
5203 155886
4830 133180
2206 15837
1398 10836
5347 155006
571 5302
238 160890
1712 138670
1731 105044
460 31856
5268 53092
1497 77246
3528 38314
5748 38902
478 45897
4229 8337
380 16082
3008 7017
5712 121831
601 122423
4978 117077
1555 74210
3248 81616
4110 167231
396 120256
1922 121186
3207 77485
1486 159560
1193 20845
2943 115815
3793 59954
5223 44500
5554 141845
1614 53981
4984 7598
1488 144117
5849 108029
2926 114359
5568 42147
4626 58985
1517 159908
1408 168620
4788 107506
4553 32673
3306 84421
1052 14159
3803 121105
2219 189871
1014 27114
2901 23313
1841 195663
840 182298
4971 151701
2942 89772
2649 63324
3660 30704
5629 142953
2954 47269
641 59143
3445 170002
249 103426
3685 60383
2169 112149
3555 25181
4135 11518
4740 194976
4373 46791
2795 51828
4892 28212
2552 172020
4125 43967
5450 152992
3860 159291
2965 115283
5518 102395
5123 118266
3061 12150
4718 63412
5284 33693
1686 157710
930 97362
4784 33949
4560 104752
2863 111636
1084 153910
355 192228
2564 46902
172 30727
868 139808
1385 142553
3023 196244
107 102056
610 155760
1237 119926
3713 153092
914 164092
1117 195752
695 160819
5120 32234
36 70984
4328 87905
5634 26891
352 180439
4137 97020
680 55511
5244 186979
389 70463
4551 93842
1963 66532
9 143434
336 116903
1844 123738
3229 23504
2044 128334
94 40019
5638 40159
4288 164293
3933 197137
5372 83806
1736 133897
4092 20879
95 161702
5533 83933
3272 162144
5451 137788
4878 69186
5653 189897
4307 11956
886 189750
2129 78569
784 150430
5056 79591
3916 28519
1891 191327
1655 185831
1198 101531
4491 146030
4414 99980
3243 7518
1108 86197
5850 96675
3034 190259
764 174185
3735 123762
1906 28930
5462 152067
511 190381
4273 35352
4485 156332
2592 166829
5114 64271
620 174657
1484 56006
5508 7452
225 76365
2666 115393
3309 136732
1126 182654
5275 47909
4865 44511
3817 9522
5038 42611
911 24986
3567 159491
1197 131165
1136 71328
1471 28113
5265 153172
1847 29072
3073 29128
4634 95834
2080 41066
972 174663
3067 185501
4908 123458
3312 174183
3924 102814
933 140147
5593 13483
383 35887
3310 21780
5814 33146
2437 187649
3323 109624
5722 99590
682 192578
4341 163305
4077 154577
261 17860
4382 166057
298 110513
875 58803
2594 162898
5035 180984
2705 9512
3019 169035
4888 184012
1835 31308
2920 90346
2476 155943
4261 154569
2865 171398
1125 138490
922 63071
2852 50183
999 33997
5841 85927
350 115863
1026 46928
5278 132562
2398 125401
138 167162
5219 150139
5368 10636
5491 19362
1173 100725
5397 147360
3603 53137
5823 178603
2711 24188
1167 19641
1091 189562
2715 69366
4800 125026
4131 198792
4136 148910
3328 127005
1242 186709
1840 91565
3710 99506
65 73451
2626 82790
2812 26998
2813 113996
317 67016
1945 55905
4127 81705
4812 117022
4236 151887
4567 63692
69 164630
166 85806
4777 168864
475 36261
1071 53978
4678 28421
1719 92820
3854 79476
635 47688
563 53946
2151 46963
1870 119536
1342 81888
2445 73362
754 106524
4932 72217
2399 165120
5646 116648
1109 96081
2290 172926
1003 122984
5256 125539
306 26192
1506 115747
4575 142068
997 150152
1006 195722
4324 144824
5200 157400
5767 82471
331 169424
5618 66942
205 3861
155 22373
3294 75631
479 117199
171 171958
1213 60554
3057 10517
4764 29701
4519 3068
5402 67065
5635 138433
780 193281
5103 155793
3251 114871
939 33628
4505 35038
231 85567
2107 198116
75 43483
2213 8979
876 145456
4473 128433
4965 128487
4075 145746
5636 108896
4184 170406
3594 145286
5654 7851
1261 125437
1684 98125
2887 77199
2560 190402
2734 135064
2092 63449
2775 72963
4621 63109
1600 10649
5439 98389
4750 158810
1035 126284
5606 192600
5210 148715
5695 131713
5644 5531
3453 57018
759 158524
3218 151717
3381 136551
3873 158948
3441 90783
1699 55823
2898 43080
581 130149
4241 135201
2785 109185
37 150271
2313 101942
4038 106247
3084 81764
1631 146558
669 74402
3953 13490
1132 84548
1256 53759
5154 106301
2574 185059
3747 105872
2253 88974
5826 149854
3545 191576
2770 21001
4179 165415
4563 152939
4435 49394
5675 180121
210 98103
2817 48091
986 156266
1545 64001
2170 77197
4771 45569
4939 11985
783 146588
3521 87047
3317 194680
2857 78426
4354 74757
4467 12514
2404 176228
3431 112419
1154 51172
5877 66193
843 194271
3505 114645
633 160555
3167 180714
1226 47677
1473 51360
3769 22449
4856 111822
3881 98101
3785 141715
1917 99748
5009 195124
1203 122935
3027 7031
213 20771
1796 194677
3990 150992
1100 17423
5832 181005
209 86038
2236 169610
2694 92717
4532 54214
693 122759
1215 146635
3234 88619
2448 8854
4042 137075
3108 94940
2867 176844
677 68448
2506 64535
239 2593
662 78516
3514 49618
5828 161483
1498 50307
72 41839
2638 82648
1312 125669
1048 68222
3966 79926
32 90189
3711 133816
5106 164430
5812 95464
2793 100025
1220 104354
2249 179947
4438 28802
3929 135569
4304 170769
67 66496
866 6997
3094 59265
2074 35366
3904 134990
2332 54780
2924 187923
3147 65235
2033 174781
5672 161256
1661 40126
5781 23422
2263 188329
4448 170799
3465 147070
1628 20721
855 3013
2142 142813
800 146192
5149 103734
4050 175855
3527 48774
5681 181068
1355 164356
2931 183364
665 35386
2187 134228
491 23920
3181 144810
2374 183580
857 101727
1521 79393
653 124206
5263 79227
4171 124000
3308 81060
3440 140577
3290 57379
2258 4904
1862 8068
521 8547
717 111973
3952 145521
574 75791
5738 59271
2622 185371
4630 137017
46 153829
2583 172498
4747 120101
4483 181300
2894 132729
3587 137059
3168 184351
4399 191118
1861 192622
2347 143345
3193 183262
3838 8036
3950 105846
4902 66641
204 52076
627 79233
4280 139702
386 160039
794 58051
254 62254
5639 162541
3436 87124
401 150417
5157 41133
3165 35057
4552 122087
5827 84522
1778 42947
520 61741
3563 114879
16 85406
5575 109258
1960 46894
4781 37089
1265 70536
2827 33611
3432 99281
2872 113570
4795 160825
3043 31574
1303 133025
2009 143677
3704 130799
4766 50695
3509 107803
846 100883
1306 66709
1965 163068
1189 31342
951 57590
592 3925
3618 23073
1063 102619
4101 183054
5750 109462
2494 41105
2838 119147
3151 27880
2006 67736
5292 5235
5476 33480
4538 25024
1067 108877
2780 14346
1300 123395
530 82704
2467 180848
4571 101901
5673 111928
1645 66350
985 42478
3277 52471
4591 160238
4921 72097
5314 5800
2855 116847
2707 199816
1568 29194
311 68769
2328 160574
45 70259
4248 67771
5135 86598
3214 120661
3116 35247
1679 46020
3261 170394
1319 94765
643 41863
4492 130440
4431 134507
4346 107195
3239 119609
2588 9406
4537 31289
1867 109801
3621 110461
3409 54437
3048 72475
96 98865
2069 174360
5160 113612
4134 184213
4631 3831
1170 69609
3382 58562
4364 105362
661 86768
1702 61214
2677 84693
5167 141898
4439 182824
2821 83214
1118 163329
604 178766
2335 90514
3196 198928
5307 16433
2391 112783
3978 70503
2948 24648
2073 1608
3392 66537
5231 178773
3575 127788
2774 55249
5480 122748
5054 46990
731 26470
2572 93554
4069 191585
4710 48110
4823 190114
3676 151764
4911 14038
4604 80657
5762 197391
961 154377
70 197134
5312 117681
4748 39965
3009 25640
2885 31995
110 20538
5758 93432
2179 61862
1463 77524
1583 139981
968 9882
2546 41678
3133 47071
1608 103408
3973 94816
219 75623
594 84093
5686 172638
1482 141761
387 110140
510 37397
676 155631
134 91052
4720 104047
2725 119288
2220 181538
2934 23258
2015 102691
3038 87028
5633 155117
251 4915
5441 86128
936 113722
3346 3690
1819 139088
2627 105196
4930 39830
4394 27736
3681 76008
962 168975
5421 167757
762 61989
4227 60954
3458 27199
3821 199779
4209 87219
3866 177240
2472 3561
4469 26649
3250 173939
1113 198629
2722 128145
5313 41927
603 169063
3056 191940
4987 106012
3016 42886
88 1732
5833 178699
566 185936
2598 170732
265 143717
2577 23895
5007 15408
5032 29607
5596 39660
3231 16084
1919 58073
554 173875
2704 173774
1987 180892
2108 65006
1540 179598
4367 118567
19 164472
3232 32364
5584 86318
3576 42672
4785 103476
2284 126448
5768 138203
774 14955
2836 199635
1231 134096
1128 113739
3170 83133
1837 85553
5264 36421
1561 192554
4160 80952
3582 80228
4673 145402
3864 96482
923 169732
3544 160535
3357 156786
2786 158423
607 135952
2541 157721
5840 50428
5391 70081
3584 194756
1662 151569
5438 166967
663 54986
2064 86991
1637 88354
4950 178228
501 42683
4555 102201
918 2894
369 141557
4344 78298
4550 162612
2012 6167
2014 172901
3830 79497
3920 139078
5063 178674
756 57448
4461 187510
1784 37914
1761 167985
2225 21934
4276 737
3814 101552
376 189389
5354 112199
586 6900
691 24332
3215 191280
2976 176487
91 89541
2291 24535
1346 74224
5583 85166
966 81306
4580 173048
2766 53623
5423 32039
1033 170344
3262 19026
4520 139705
4245 129471
991 62203
4852 52969
4071 34554
3655 532
1596 61358
3014 166100
2434 64891
4151 95007
3076 176270
4401 72182
4331 86021
2700 9174
4822 9991
4173 81266
3512 13792
432 14461
5237 95198
550 84038
1470 100152
4723 51617
1399 110066
1446 185445
3187 148231
5356 141650
1971 140920
221 12289
424 50122
267 101068
4443 97423
3862 99136
1469 65222
3552 146112
300 66711
1613 137047
2295 116304
1339 158645
1646 155376
2345 144741
3684 48551
4744 126774
2835 183570
4516 77931
3726 125323
3719 186175
4727 154765
3731 180422
2349 81832
4636 98035
1553 33509
1259 189919
919 18302
3183 115893
874 15304
2269 127468
5545 69487
2490 93167
3368 118173
3198 68800
3276 166113
4549 131625
849 157100
2784 176528
2280 173909
873 118521
5641 156044
3335 149199
444 18715
2571 186271
184 115294
2534 16334
2500 120804
1842 104109
5192 70492
4301 35151
104 171654
3223 195877
4906 137591
5269 181019
4751 78788
2484 100086
5671 83525
1773 51342
927 135540
5716 30920
2037 63626
3625 68903
143 169478
3877 77510
2423 1383
3018 144499
2008 188932
2148 30366
4875 176972
529 9494
2468 156882
3510 141051
5521 16270
4583 48279
697 193345
4993 135031
3771 144756
812 122971
3677 170850
4867 166494
3809 166796
304 31532
1004 122390
4768 54633
5665 51868
2800 53261
5064 159673
3605 35453
955 110281
5061 68354
3897 44375
1185 27101
2661 61584
4325 30962
1687 195183
5785 83770
724 83597
5287 130666
4719 11443
4482 147047
4974 12146
4150 170853
1633 49957
2375 113412
1964 24191
948 125468
1429 169233
2981 88405
218 64498
1079 110225
2230 158774
236 198350
343 43639
178 45816
539 167474
1730 175444
4197 32375
1986 34236
2596 2831
329 123714
2883 5143
3778 25188
427 139680
182 148803
3499 21433
165 4819
4918 39820
3233 77118
3792 127006
5708 108572
3220 197615
4703 5861
1816 149717
4655 87612
1068 20344
5125 178567
2498 16703
362 4981
5580 19057
440 21754
5241 126585
324 58039
4041 128558
2611 108025
1912 70434
2439 77580
3096 83743
1804 144011
4617 29718
2950 75025
4894 149275
5334 189230
400 101926
5678 183826
3415 59248
1775 60730
3919 133672
1188 187960
5536 91900
4666 177493
707 29327
173 121753
456 42239
5531 77724
5216 97746
3072 139483
3502 144316
2671 28451
4672 129438
4008 21231
1371 43091
2383 125939
5527 81241
4656 108992
4158 85609
301 44326
1834 197515
1737 109790
4272 95252
2606 2695
27 139347
3637 79556
4989 141183
3129 149077
4309 91559
1852 103922
4253 154175
4780 94029
5002 160425
2237 53413
963 97924
108 176279
4521 186594
3951 120415
4030 194469
2672 60210
1176 13303
3627 152308
2503 174563
4358 4911
3764 88149
4334 95977
3678 30480
5110 64768
2875 185351
3693 173706
5460 57636
5830 37208
3354 7947
869 141401
2986 158965
381 181825
5493 69834
3005 64875
1455 195180
806 16113
3334 12137
519 132180
3211 102049
320 17994
413 180227
2247 25196
222 44024
815 17542
3709 176396
4471 172189
2663 70163
2497 27112
1149 63986
3635 45156
4168 196909
1384 20204
86 114992
507 78332
2862 184408
901 117816
1104 29004
3608 168241
3566 56331
318 186986
2547 20496
5395 78036
2879 110907
4613 94141
4797 112070
3090 136745
1572 107120
850 104565
1087 186299
523 152208
3316 84630
3479 171025
753 2874
777 22826
2026 3383
2486 89253
5609 150087
4990 52040
5669 148646
5621 90469
3770 465
971 193356
646 152913
162 36520
1953 124412
123 24330
4010 112856
4242 148131
5683 26259
1513 68601
2183 48502
1550 135943
3763 95426
2519 954
2090 60373
1693 123806
2046 175653
4311 4576
1362 81928
5739 24110
2139 182368
5412 75178
2028 8687
5245 146275
4218 25986
4638 41510
1283 139367
4677 184750
3556 132211
1771 44555
1789 163888
2893 71248
2038 41899
327 3881
4299 164814
3568 91389
5605 135161
1093 88696
4627 18164
5581 120231
5243 26642
3131 137485
5176 33510
5184 36251
4410 192704
4470 120093
2507 1238
159 19653
2106 111048
1021 5419
3333 106901
2016 136264
1777 80469
3240 13135
1442 190782
1217 64321
1161 122092
1932 114163
2068 29759
5084 44059
5175 158064
4113 33477
2803 147734
4874 141869
58 47962
3878 38727
3399 58229
1604 176168
5305 27126
1770 41585
4023 23707
2721 69848
3197 168619
5027 18323
395 133419
2042 146662
2331 3453
5795 94268
1571 10576
2939 140866
2120 175807
2450 197527
3400 25976
3818 304
4954 108076
93 53399
3355 27589
5656 41174
1519 38864
2428 128269
2406 198972
136 82091
1918 21421
4252 186468
567 196298
5648 101187
1577 97039
1563 180312
5185 47671
3928 135933
4647 122142
5291 21388
4883 17273
5119 178922
4036 33748
1436 20736
2274 124286
3571 18195
4982 108515
5825 119017
17 148005
5778 185813
993 198098
1251 118435
4524 134716
2549 131090
2608 101497
1716 33010
2180 113434
5504 183241
5642 31823
5081 181303
2438 38056
528 143429
4256 72890
2923 174915
3411 54941
4506 121660
2355 139671
3077 187429
5563 173287
3847 86331
2529 148047
1367 74986
4374 117155
4211 31531
4433 86406
5819 145551
1681 136935
2317 170208
2330 72999
3154 48065
658 60693
621 175712
56 177440
2194 35192
1057 31779
1576 157767
904 1096
4152 140612
2777 117848
1374 120269
639 194105
3911 27243
969 175993
2710 94642
5643 112707
4807 143836
638 119134
2057 163079
946 165790
1115 132435
3893 123169
144 19727
3365 57559
585 24679
449 126640
1394 4978
4349 138864
3969 138321
3861 135098
5186 158313
2891 86355
4573 195095
4922 655
3326 35121
2807 168968
2998 144758
5143 21799
2790 133014
5459 180246
2853 2700
5866 77222
5026 192043
1868 156198
5066 160448
4462 45397
1620 46533
3744 38766
5622 42058
5400 192018
4372 118214
1454 87174
4445 89917
2283 133807
1332 181262
2719 49634
3032 43941
1799 182912
3142 10556
5383 107019
893 95346
255 136927
5311 79896
2957 143962
2453 89253
3003 79161
3247 132625
1727 102783
1051 32108
2001 37078
3242 98487
2465 159336
2679 5376
2395 162015
3347 47451
2940 18876
272 46558
2132 86028
1135 59772
109 159960
4009 31751
4904 140811
786 49793
1981 105063
2645 39285
1240 193703
3191 167210
965 33866
853 28987
2876 10668
4854 105080
1435 94595
2966 152515
3882 24417
2186 4496
3849 195034
332 50562
4594 100286
1393 142633
1810 54674
3098 46734
4498 163986
3697 111376
2191 66028
1147 153628
817 150937
3628 184774
2716 37189
4455 55078
818 168031
5625 134686
2005 93849
1866 112241
2768 105926
4216 781
1910 68758
3612 128979
5734 69582
543 27650
2110 171739
1089 97142
1762 151591
3832 52329
2056 188801
1267 77298
4478 75565
3533 76603
59 12383
4007 20399
3373 19777
1027 47773
2341 44604
3716 120201
3200 176796
4149 99196
4204 20442
2979 8458
2171 18287
2475 20655
101 171385
4279 151716
5015 33850
3598 148302
1653 67552
3784 193212
1494 158782
1090 11146
2137 131638
4757 72143
2133 165022
654 116134
3401 142057
1368 178353
3100 77413
2906 71620
5883 156691
3040 148662
2698 46791
809 132040
1281 101181
3285 74866
4386 5845
3679 109590
2551 194873
3313 4241
5316 171941
1081 137001
3087 117740
5482 128599
4850 168399
240 1089
4475 39804
5760 187875
3283 130173
1054 85036
3757 75892
2834 130725
4986 20963
1955 153600
1201 51782
3649 135757
437 125618
4046 170019
692 181231
1055 195950
3839 100826
1458 98633
2937 151440
926 91949
4704 80324
3175 18341
3300 135345
2990 86981
2216 176737
5260 153163
3835 188246
1743 159993
264 59184
1187 155435
5693 127171
5802 89510
68 105305
1647 159594
2746 128939
5349 153232
5410 75508
2049 26910
5109 135763
1615 26560
1713 158236
5048 126510
4156 54336
1803 64570
5572 67279
1983 25721
4132 24993
3593 167523
5822 33529
1248 85205
2764 4220
5388 35589
1041 174991
308 181612
860 7146
4178 55758
2788 184997
2272 37343
1531 152472
3063 170601
3146 145949
4836 134241
1078 47267
5544 73892
5851 93570
2212 150796
3403 79900
920 51701
2299 74857
79 141897
5664 107724
2944 12968
3586 69421
3221 11191
5327 39756
1295 112778
2628 192866
3737 30702
1431 113391
447 69506
2131 120448
5198 89503
428 192416
4662 109259
5829 496
1508 161281
4395 121233
4337 21933
2844 145922
2655 15294
5472 116782
518 54247
11 188186
2096 151751
1994 104998
1732 30308
4587 53316
493 66911
1333 186999
1022 108004
1923 45410
2747 73977
2528 80355
2653 12866
4104 165650
1043 48679
1415 143103
2266 90796
5151 125414
3732 16929
3448 163343
4323 9686
245 112788
3981 94779
2173 13949
2848 134013
1272 22163
5466 120145
3427 162036
122 146440
921 126895
2205 153898
4949 63510
2960 153796
3958 19913
3210 192745
525 76580
744 140331
2260 158232
3095 156642
2772 92553
732 14971
1958 171019
4477 75306
4568 119963
4889 136600
4139 33435
2881 27058
480 57694
4484 19624
4454 37886
2870 89443
2992 144671
2814 35865
773 49132
2326 90916
431 10660
1565 148430
5776 153905
2895 90424
791 161672
1062 104105
3921 142609
1746 8497
1675 196722
4603 57903
1023 188729
4265 47448
4208 69063
4257 44357
3185 170449
4717 41014
435 91624
471 121955
4370 107253
1152 122622
982 104436
4327 145589
3422 113253
294 150165
4415 132119
2153 104857
4090 3062
2052 38419
3903 9795
2226 63188
2809 182747
2471 195946
2111 177990
2586 37579
576 142548
4398 57371
3511 69284
4243 38064
522 190228
5171 61968
111 188878
2877 114310
4614 198689
1776 142738
2175 142724
319 140977
125 28785
2635 158889
2609 183120
3999 199576
827 17238
1499 85211
2178 23554
3535 189671
2039 123903
4916 25585
1752 109348
788 123371
4697 127844
2245 174655
4426 148615
736 187711
5096 145398
5844 142416
3199 116910
1477 75802
1320 145238
2372 9995
3269 86516
4731 61764
2407 112091
2522 59421
3370 9172
2155 127030
3296 86662
1768 138902
5017 109575
5352 182192
5523 13133
2604 64292
2530 156448
3943 19627
1395 125441
5615 147606
5513 152278
950 151982
1070 74470
1909 33582
5559 101540
5591 80772
2350 118536
326 87515
4632 162003
4827 170480
3541 160797
4164 150939
5225 199626
2674 135938
4853 179297
2616 139839
3022 97238
4109 196692
3494 83212
1343 24822
4066 16816
4925 130997
4425 89284
3680 95158
5020 28883
1328 193123
3126 190068
727 92258
2930 195859
2466 148243
3169 50318
1959 82795
2637 66430
2304 101802
3490 51432
2554 17594
5348 177223
4418 138588
5152 192648
2971 20347
1634 101360
2474 192139
553 109350
5105 31589
4995 49109
2366 166449
1609 185212
4093 45361
1344 125149
4157 152826
5052 177313
2714 165349
3774 172457
4011 134835
2122 81894
4515 130157
3741 30860
2333 158961
4275 149335
4022 138801
828 183463
5277 100534
1598 90980
5181 119263
3828 167555
3524 47704
5302 124652
3230 72307
2641 64353
3439 199801
1024 58145
636 138596
509 28554
3802 114308
781 94033
3150 198310
53 78295
4409 196215
2946 116453
1290 44842
3855 145976
1599 80035
2140 31425
451 176436
5561 20207
2117 160281
4260 35134
5496 130275
5004 164627
3446 33622
4957 62202
4020 134253
5259 48063
1356 61336
4284 184380
4283 98269
3480 166435
3028 161592
1266 62193
1375 35955
1322 190044
4863 6861
5162 60376
6 154733
1961 119786
559 51608
1933 198980
2172 173528
4695 184879
5272 172892
652 159040
5158 177715
1304 51025
2842 18652
4958 133736
5379 89674
1664 184385
3715 73759
3914 199957
5524 56525
465 108813
2968 40280
4417 52914
649 119316
5319 69577
2025 33264
5680 96020
4503 185327
1383 150043
1430 130168
1570 105527
1366 117616
820 123012
512 185067
4028 102292
5624 51190
1551 20882
2189 155289
3945 20366
2426 170220
5711 21679
1787 77548
1348 138311
2166 196734
1439 73686
4640 153875
776 71121
4829 193018
3284 41134
5415 44540
4708 44725
124 182368
5519 37862
5813 89838
3030 368
1680 5041
5858 193707
1856 144630
4296 75419
83 96149
334 170905
276 27662
2922 135608
5715 116365
4180 120080
5881 180918
4342 146839
5882 89562
5068 36961
1977 136830
2447 48780
4190 156494
3288 149415
448 8639
887 49584
3470 25164
3896 70422
4214 28293
4787 36475
5774 122362
3201 196187
2078 58789
4806 164701
1978 50229
4973 117698
4176 114819
366 49801
5537 194011
5501 147101
854 150995
3270 136345
3045 32573
4017 141053
925 103319
4244 118674
3414 185534
3119 121776
1369 137582
1264 180563
3858 121065
2306 486
4172 54339
50 135812
5878 156154
4692 16883
1705 14506
606 153812
5502 60519
3537 174713
5394 87451
3249 15698
3337 194482
5381 154571
3037 74645
2469 5277
4811 73197
43 183377
5522 123411
4040 43221
487 189680
4769 128747
2402 145860
3746 39675
1357 34375
1659 110865
3636 191169
3058 157241
2150 192497
2692 139496
4522 118956
5444 42962
3050 22890
4544 116322
3420 52296
4598 188862
4015 66986
5102 14792
5791 120661
1534 83802
3389 74220
1939 27248
1500 91021
1641 120668
4945 190624
1448 143982
307 77240
4561 172137
54 167728
1467 143416
2858 73457
5797 77976
274 27777
3840 105214
5267 17071
704 199039
5847 87532
4222 146029
406 106007
1031 125495
3152 69882
1753 72430
2021 198187
2760 35374
2539 143205
3626 141327
2570 166603
5404 119999
4669 173941
44 17818
4684 9684
4924 126825
4335 59991
22 44
4659 69297
734 29997
1920 147811
733 2611
1833 47262
5779 8764
3749 108837
4044 183954
3062 128463
4369 147882
4749 90433
929 180854
5608 193093
2740 179989
859 131874
1877 135793
4024 178890
3377 174166
5140 179114
4063 162212
1200 91756
882 110319
3438 62764
5023 98663
1139 113416
760 72267
5626 174653
789 139587
4709 129694
3688 34848
5700 37309
2983 159210
3237 30449
2941 101351
2509 73525
1282 182608
5431 73259
878 41074
3 152972
1520 46830
5780 128580
5604 179432
5560 7351
3782 30739
3209 23285
2217 184048
4579 185025
861 109979
1974 130256
4504 88632
1581 77440
2082 38233
3481 110224
5548 3071
499 72967
2496 162947
3219 129708
230 162752
1533 120749
4745 158821
4368 85628
5262 788
4035 26845
2614 155314
1894 34599
1710 5540
48 59158
2927 187279
2389 13065
3052 83946
981 20035
5794 90356
3454 106286
473 154507
1905 54073
5122 27007
4381 116674
2578 143752
5373 8049
131 93859
2157 15850
2162 140047
309 185262
5117 14745
3189 2145
2210 57869
3138 93557
5306 128944
1725 120618
3842 30481
5674 123249
2861 149482
4686 89782
2670 167709
5679 114366
3995 171761
3203 43197
5801 126100
5359 188014
3364 14901
3007 1528
474 11302
2051 35160
1246 106507
5011 82329
5013 141168
5627 126138
673 20227
2864 168086
5343 3780
3733 2775
2914 69023
4994 75782
1857 85259
1936 199291
4721 61076
1372 185669
2757 131293
957 145572
1948 170143
4858 67638
1219 136473
2075 173919
796 26845
158 29608
3975 77560
2343 150566
2325 129067
1952 12773
3424 163568
4225 153023
4682 194028
4809 68775
5647 95315
5310 35984
4351 93272
1996 29379
5065 133533
3010 111262
4465 30021
629 192895
5843 162
5367 78787
1809 17064
2362 154130
3246 24426
5389 75023
3905 164085
3658 89829
140 84223
515 124178
1907 28018
5687 37416
2370 52000
1475 156123
3850 144130
212 92507
1578 90132
3968 195471
1177 172094
5691 89498
2896 149386
4262 148069
2302 156965
4879 43715
5112 105650
4457 187933
2482 165269
1514 89807
4116 181097
3932 178028
5178 150141
4000 93616
975 25405
892 78919
198 126390
5360 159458
1106 61594
3695 35452
5456 166962
4742 106539
1122 48338
4512 70415
560 5896
719 124973
2676 80154
2967 102105
5113 121353
117 83339
4193 44738
3529 184025
3111 181111
3558 124684
3463 177442
3498 117944
1831 123434
4419 150614
714 25778
3768 166036
5726 95647
1908 94854
757 25732
915 95126
295 175402
1525 5686
934 76642
5003 132762
5440 98523
659 138031
4606 61522
4637 17124
4796 122457
286 184132
4581 121752
3557 127523
2470 148077
513 151331
452 119467
3806 126703
3331 137138
4715 32836
339 111863
847 93902
4828 155800
5202 56301
3236 69843
2393 197898
2889 38451
49 47262
5201 73997
684 155923
4693 531
5702 176265
1660 193823
4141 138329
3435 60635
4375 49767
4371 137186
3727 187789
1305 196948
1904 110181
1888 130361
4910 91350
2023 143742
4130 149882
1587 10579
706 34729
3795 115467
4297 157676
1982 44902
3516 178059
4343 188356
1785 66740
1449 82219
3867 37994
4533 123402
2524 47038
803 38660
62 69090
3178 62999
4387 56736
648 124955
5452 140092
4316 88746
2562 40850
2728 176467
3384 136807
5147 183345
373 36141
1460 81308
5551 126209
4794 125608
944 168550
2840 166283
2312 123254
2425 27974
5085 95728
3631 120476
2884 129868
488 192504
4726 182198
3885 152651
3653 21426
1573 5064
39 197867
4611 19276
4292 113933
4115 36782
3194 3784
3496 73109
879 11182
2464 47544
1405 184679
2208 32548
4792 104663
3348 153324
589 47567
1065 99057
549 1033
5682 140803
5087 95021
4359 8364
1335 161805
3607 36685
2145 185421
462 85045
2022 79166
92 143541
2298 194658
2843 7201
442 78671
375 188161
5650 198040
2301 46711
5363 6776
3553 185385
3960 132201
3780 146349
1851 127042
5532 66170
3755 71256
1666 103044
4081 179951
2348 110562
5550 91080
1317 198514
5751 65825
672 191200
3259 184833
3902 25476
2708 1671
2776 89713
5392 71852
4263 711
1884 136338
415 194901
3407 54023
2825 25712
2690 36688
1490 191947
4849 7340
2459 74784
2091 46272
1657 32141
5062 2261
191 64419
2232 141479
2952 197593
244 153896
466 62070
871 56027
4966 145322
1390 132839
2246 75730
5341 112999
527 199938
5645 7182
2696 199404
3351 134082
902 113966
1001 173857
5614 191608
288 558
2824 62496
3180 170357
913 174423
2275 126241
3722 58049
5168 23225
3174 58243
1381 168471
534 110062
5324 176683
2364 3802
3765 23225
1682 16376
3202 48623
4793 78965
1045 191459
1066 99921
4847 68971
4541 3981
3572 29882
3895 81805
2088 68258
4232 106042
4047 125161
291 149236
2436 111219
3666 64230
2755 91708
624 21024
379 179962
696 102285
2516 101091
1878 148865
2379 78631
4815 153314
4206 163682
5860 31355
4097 52109
3674 150515
4635 191676
3936 60582
5848 31392
2352 13769
916 107870
2252 22913
5364 161591
3745 72863
2892 173565
3071 31016
150 156796
5073 69234
728 144882
176 18609
5380 39682
1793 122236
3082 13841
4476 28667
10 194954
4479 108035
161 118164
4969 145905
5766 153387
4698 76036
2634 78987
1788 64973
1402 38215
3539 24518
4783 101144
1940 160093
2287 5234
4188 153041
3051 64583
3217 48745
2114 53502
2646 84695
5564 148146
1420 55006
3742 21813
1678 197984
2424 142464
1005 156166
3179 143219
1813 136058
1218 93172
4129 1961
1413 40985
1450 49746
5340 50278
2311 124481
960 110587
179 131252
3367 54273
3669 96178
3332 75356
4584 116723
3039 183996
792 136956
5296 191446
1008 39729
4903 60079
1158 142640
2240 150405
3648 129524
3617 40254
3109 187189
4436 7812
2072 188261
2377 84056
2502 6379
2478 17698
3386 55498
296 93595
1535 23744
814 87639
1011 24102
5153 65746
3974 70611
2070 42164
5187 138622
5405 193686
4805 38309
192 194335
1829 140344
149 160364
1030 142427
2568 147941
2717 196676
3837 98385
1685 85702
3302 160073
5880 84731
2446 139581
952 52993
3303 69779
333 41746
1262 37736
3471 131346
5805 28373
5660 82583
2238 6331
4102 197568
2429 152509
4517 113867
3963 10792
1745 49141
2573 44975
687 70239
4860 34101
2356 56777
4326 49872
4897 7767
2086 27202
5012 128689
858 165712
2065 112207
2495 8528
3823 20463
199 119829
5888 104256
2385 196080
4145 106380
3692 87460
4295 190062
1146 139290
216 82327
3801 146977
3609 146569
1082 6514
3267 94314
4877 3260
3161 67176
3036 127737
4510 27061
1822 6532
1364 195391
2802 163353
412 97544
2769 23802
1044 181620
2860 17844
2953 19578
804 60815
3522 49934
4824 122037
3273 86466
113 161641
3350 192516
976 156684
5793 156400
4054 149632
1464 104828
4175 40258
3164 120620
4734 118805
4675 131426
5069 97887
322 94635
640 60259
305 16705
3271 136048
3497 131466
248 115388
5100 168537
4255 4039
4786 103803
4408 122496
1611 58561
790 162453
4681 94508
3967 77931
3622 172276
769 11522
4397 59600
3462 12321
2243 89379
4120 72597
4835 176657
3469 54855
5274 27216
2359 157011
3798 77903
4320 155930
2597 14801
3291 20173
2632 23495
1619 142978
3623 170507
202 176494
3922 58424
347 79673
3449 99314
3110 117637
1711 166384
2936 119183
881 169562
1859 176485
4685 199484
13 167688
4045 129844
2523 167609
4700 15042
2999 112523
2961 52585
4429 86495
1528 134535
2833 176884
679 20111
4029 179662
5757 19676
99 45721
1639 50033
556 131318
4814 96491
3751 144036
1392 199126
361 159394
941 156735
1061 126456
2501 52521
5111 71444
1668 48345
4616 77641
2621 110373
237 113306
5746 110095
2433 117433
4406 32715
830 13540
1284 45068
3244 137681
5330 117541
4846 22183
5869 80522
5788 2772
883 140008
1199 123388
4940 177150
1532 121766
5697 158173
3238 128839
3615 37005
666 170504
1276 193719
3293 38479
2045 35104
1505 21634
5124 167902
4976 29177
4285 162494
157 89456
3949 176451
2846 12803
76 104176
5136 162699
5398 15454
1926 195142
2713 73827
4282 197793
4061 73357
4396 102015
1418 139192
5422 16635
2804 136458
