687 2812
310 503
3264 4038
3163 6
3131 690
2751 1552
3360 4800
2223 1689
638 1102
3879 4297
2493 2533
1613 2939
3190 2630
1724 3480
1579 3077
2819 1610
1761 2608
2087 2976
3658 3057
3399 2388
1884 3674
3118 1043
2396 1904
2106 3701
1722 2373
8 4599
2491 3923
3035 2622
978 534
1274 4790
403 1045
2325 648
1711 3095
156 2797
1227 1650
3497 4301
2069 226
2419 3372
2472 4095
2981 2175
2487 1144
2761 4717
2822 3917
3825 2038
1739 2929
2997 3661
507 2030
2128 2364
1804 2747
3206 3990
199 2132
347 1136
1462 1077
2949 741
198 1054
583 1042
2201 2999
1399 4191
940 1303
3617 3001
1830 4411
3093 1882
3800 3418
3326 633
2274 2288
2317 3976
1714 2661
3598 3360
1078 2182
382 4793
3602 257
2014 3757
2389 3487
1468 2952
2571 1183
3804 1730
1279 1106
1080 1746
1901 3433
1255 2192
2686 4134
2233 466
1284 88
3529 1205
2884 4913
2497 1030
3260 1284
3227 2202
1838 4743
1190 1556
1747 2850
797 2332
3907 209
2291 1122
524 2226
435 2761
117 2650
1409 41
1135 2077
3683 1021
1580 1532
3230 3845
1516 2460
2160 1315
2916 1569
1569 4838
433 1334
3425 534
1452 74
2449 2291
2986 3816
3102 4466
2687 4236
2737 3172
2963 4169
3376 377
1066 1920
1608 4785
359 1390
2623 4663
2851 2253
1051 4694
1171 4625
3864 519
1268 4340
356 1771
560 1740
119 1532
3099 1032
1867 3968
1638 990
1323 1504
188 135
534 567
2833 4307
1946 929
3640 1110
2502 3355
3899 3327
3484 4353
2660 2714
781 4527
529 327
353 3080
2008 826
3912 310
2988 397
3307 3248
1042 1687
1294 1814
1642 2169
1373 1957
3042 760
1152 1378
504 3362
1397 2674
3149 2444
2363 3215
3480 4517
2139 4945
881 3881
982 1708
3024 373
1314 3669
3358 3885
543 3800
987 4174
234 4054
2569 3303
2492 3446
1603 4726
3796 3160
1501 1345
3350 4630
3145 1409
2378 4747
2468 609
2765 4352
615 3046
1163 4989
3056 1749
3215 3958
2630 2644
1636 1398
535 1516
3773 1661
277 2075
3701 3797
3630 4930
3342 931
2788 732
3885 3212
2608 1362
326 4850
1153 4167
2542 2143
2606 3177
2899 569
1502 3830
2673 4203
1819 4263
3715 1917
673 3217
196 3544
2359 4149
2391 1372
2718 3143
2125 1484
657 659
609 1343
605 663
162 4120
3253 3143
690 4246
850 841
2482 252
2967 3878
1622 3049
1733 3082
3513 3505
346 2946
3539 3868
607 755
3157 295
1410 2596
3757 51
1833 2951
186 3902
766 4266
3173 2022
924 4782
509 887
28 3992
3372 3369
2162 237
2094 2852
1582 2887
1759 3064
3543 2083
3403 3015
2947 1080
3223 512
116 1497
3075 3249
3316 3870
2591 4224
1282 2197
3647 75
1053 3410
817 2449
3772 414
655 3576
2836 4215
3427 4210
1531 4717
3694 3679
580 1833
2706 545
3507 2717
159 3773
2267 3565
1934 3903
3572 2363
636 976
1522 3016
1304 4975
174 2403
2599 4706
3397 1592
2570 4867
1825 2881
1786 4262
1106 1730
1315 3772
335 1733
849 621
1574 4612
50 2604
1485 4363
974 1475
1705 2625
81 3906
3516 3560
645 854
3261 1096
1558 3730
85 3045
3696 1887
421 3408
3601 618
1641 4918
3059 2166
700 2774
1407 657
1476 2302
2096 39
25 4438
287 2515
2784 667
481 3829
1763 1009
824 609
2792 3805
3429 1449
3611 2888
2732 2354
3491 1884
3745 2865
160 4242
1309 629
2801 4586
1635 3717
2018 2306
453 3499
1356 1843
3840 648
2744 2552
1597 2733
2435 4082
1283 655
1512 221
1939 3512
1076 2668
398 3172
1016 1061
3681 4521
2828 4461
3314 3949
3675 4996
1871 3513
1146 567
726 3083
366 2465
1361 1247
2461 4307
1414 4355
3762 94
1767 687
3383 4848
1182 576
3502 3574
110 3144
2266 2373
2076 4552
1451 3745
3857 595
2136 2052
3650 4807
3212 849
1007 4658
77 4519
2719 1250
2974 2292
1577 237
2985 4047
379 63
3642 3708
873 2784
1756 399
599 3123
2607 3623
2877 2853
3299 1090
3472 963
2615 4195
2062 3635
2046 2387
650 4304
3582 188
3868 1270
2596 4494
2361 4618
2513 947
98 2684
1366 487
1403 4338
3091 3451
1952 1705
2862 459
724 289
1195 314
3337 2189
3761 3194
93 2367
2021 4072
3366 4804
1454 3423
3668 1610
2284 845
528 4000
329 3244
1637 140
932 3596
1503 2463
718 4554
3045 1678
1809 826
3801 2379
551 838
3915 1423
319 4425
3898 2233
745 3841
1834 486
2078 4149
3576 4660
1771 3801
2066 36
2983 2756
128 1993
1127 2734
189 3499
826 4876
3703 3534
818 844
3584 4790
78 1323
703 1367
842 111
3890 2547
1365 1723
825 2184
3651 2952
858 3813
3420 2411
1425 4035
1664 2970
3409 3248
1418 1899
1011 1394
2075 1541
1347 726
288 513
2779 4697
459 2309
3536 1402
3644 224
1141 3553
1539 3489
3301 4184
672 2135
3156 4152
214 405
3036 401
1183 259
450 4324
2408 545
452 1160
292 2295
3733 632
423 376
2968 1487
1415 4432
2760 4829
2740 1961
27 2753
1442 166
1626 475
282 3324
1766 1262
2012 2960
1201 4061
3670 4885
269 1050
3910 1142
988 4196
3805 2185
751 1817
24 556
1527 562
2337 4297
471 4700
2641 1768
1254 3741
1229 2108
1683 1956
1244 1945
1291 4444
3569 262
2474 3476
494 2517
760 3793
289 3256
420 4262
3880 3464
2484 3648
2302 4995
1481 79
990 3243
2804 2924
736 3394
3889 2967
3249 3345
124 322
2485 1350
2659 2259
2512 1066
2195 2829
1734 4801
3160 1818
1443 3670
533 105
3082 4386
713 2179
3758 3433
2072 4526
2480 4439
1337 3085
2766 3008
259 2630
3574 2870
3224 499
123 3911
2830 3919
2714 1364
1695 2695
3011 2729
2611 3597
1269 849
2394 3655
613 1880
324 3063
3792 1633
3065 2663
1438 338
3416 1283
802 2784
902 1479
2406 1522
1172 371
3238 1579
3017 4052
2774 951
1983 4842
3051 1980
3241 3115
587 880
7 3448
2897 4723
2938 4083
2790 4586
3541 3479
2597 3375
1162 3531
244 2044
2490 1948
3698 2636
3568 2973
573 2604
938 4048
1742 1552
3038 2952
2261 3810
3389 1670
3240 1193
3746 4582
3814 4799
696 4880
762 4207
705 4317
909 3225
3066 1953
2783 2751
1866 1054
1795 1491
3897 818
1621 4933
1129 2637
3669 1072
3304 3170
3781 1666
2975 194
567 1043
1708 452
2306 4654
1257 1438
1824 3648
55 2843
2124 1607
936 4298
1564 3999
559 1987
1525 903
3210 3871
2384 4096
2052 2187
56 4473
2426 1416
1214 4904
495 1982
3090 2961
1105 4893
3693 4082
299 4890
2349 2690
2113 2508
1114 2318
2013 3053
527 1664
1234 4114
1211 1663
1017 2605
3494 2315
1880 3109
3599 2271
3338 4187
1859 2838
3349 526
1437 636
1465 3190
1116 1881
279 3198
2422 3028
3185 4488
3394 749
1002 4349
1322 1082
2140 2919
1169 3092
3340 510
22 939
2674 136
3127 3609
1062 2304
3717 4670
1818 2661
2303 4722
3343 4716
2848 1269
1411 3609
1311 4868
3558 1183
1821 2314
2873 4676
2293 1454
3802 447
2003 2190
591 2700
3798 3467
2709 4827
1890 1357
2539 2271
364 124
51 2320
2423 2363
2520 436
2680 1214
3526 2026
931 562
1605 152
2252 1465
2176 4665
3725 601
3013 2428
2275 4266
1087 3817
2742 1249
2902 353
3830 3519
1419 1721
3202 520
309 3344
1251 4869
2815 910
100 4926
280 3765
3169 1161
2820 782
575 771
2444 1467
1682 2517
1379 4329
2239 1019
2541 3725
270 1904
2972 2613
566 770
2338 228
1032 3388
1971 4004
2955 3678
1427 232
2891 2381
3295 129
2610 1441
3616 1911
3311 4259
3225 4286
631 2070
58 1406
3467 2057
3104 3238
692 2406
2724 3535
1194 3667
1680 1612
698 3708
2424 2999
3283 3201
3488 2389
3783 4736
154 320
3806 4470
3759 4703
2670 2021
3661 1954
441 992
1865 3347
3589 3593
2756 2858
437 2373
702 3190
263 3359
3345 1058
1727 282
267 977
3760 262
768 4270
3124 2932
2 1824
3591 57
3535 2381
2282 305
1908 2801
2197 4279
3142 596
3723 2061
2098 2889
3476 1259
3496 3611
487 450
192 1802
149 4419
130 4809
1043 3624
3721 1988
2869 2616
629 1101
1210 2814
2881 4256
625 2037
2882 199
1999 71
2281 1162
920 3381
968 4998
666 309
3158 2619
1175 3543
467 1306
2375 192
2936 4664
2463 2270
1929 692
1915 1396
2238 3571
1581 1828
3492 1045
1184 2897
2531 4163
3861 3988
2979 4233
1273 1899
474 1832
3423 978
3638 2558
3493 797
2601 2307
1575 2221
483 4329
2172 4160
3461 2611
2271 1090
1199 2861
1846 250
2454 1604
3359 1900
618 3621
3808 656
3635 4003
74 1457
2654 3445
1302 2070
2525 4736
1394 690
1507 3354
165 2824
342 838
2429 3465
113 2199
3391 607
3677 920
1319 2274
597 328
856 488
247 2259
3396 3079
3282 4172
1148 3799
962 1518
2886 1842
1191 1741
418 1694
2554 4910
376 1829
1992 2922
1143 2682
844 1271
3726 2745
3032 4607
228 1129
1746 3921
879 1768
1632 3657
378 1140
3906 3184
1212 4579
1405 4896
1931 2575
64 1153
1477 3047
2618 1477
2572 2413
637 4711
79 4391
1851 3453
3355 3213
2507 4318
2036 878
2911 4420
634 2869
1222 4265
2519 3947
3205 4150
430 2083
243 3194
929 1351
500 930
2353 3055
3774 642
1659 425
2632 1604
2362 3226
1602 1283
1758 297
339 3595
3925 929
2553 2478
890 3168
957 2320
1445 4885
2294 494
790 2134
1715 1925
2278 1727
966 3061
970 4953
1730 2582
1380 1585
482 3922
449 406
3393 1994
908 3564
61 3221
3007 2287
2167 1827
338 3401
561 4403
2232 798
33 2917
392 4155
3620 3217
1223 3627
3531 4652
2731 4523
286 3324
737 3271
1028 3774
3088 1206
2083 3286
1092 1265
2400 1911
429 4875
3153 960
2960 4388
1236 357
2544 4490
2192 1724
3470 4427
1334 3598
2381 4293
758 2429
1029 4225
3428 1119
1803 1023
283 4455
3351 1340
3174 4965
1975 1858
1444 3982
3597 47
757 2996
2933 1556
3547 1723
3390 3599
1691 3657
3473 3870
1270 3257
2104 120
1082 4423
2407 2553
2683 3758
1827 1659
2876 388
2581 637
1096 2403
915 4689
539 4650
490 537
1594 728
3538 1287
1806 2700
2966 3869
2614 2324
2528 1603
3129 1290
1647 567
388 433
2049 4537
1920 3563
3862 1480
2417 4303
2900 1855
419 1216
1253 4894
1710 1538
115 2505
681 2957
2112 496
2024 117
3606 2238
880 1301
3856 4918
1186 1036
3044 2638
1326 38
3894 3199
2182 4598
2030 2488
476 380
3457 1491
2587 4601
1044 2895
3578 4618
1147 3693
3095 2027
3771 984
503 854
2095 1590
3845 4065
1412 340
2745 1385
1651 2294
97 3229
1340 235
1562 139
3216 864
129 4697
3262 176
715 2108
1231 3233
1249 4652
3221 2372
1911 4090
2676 1952
2746 1991
3627 3029
2430 3509
1349 3143
3833 4839
2123 1959
2130 3502
2692 959
2453 4738
2458 4253
3690 1899
761 3754
752 3970
2304 2958
2811 2443
3303 4568
3836 4758
1332 4168
2624 3743
2708 2473
2047 906
31 1321
1644 1820
230 568
1 2141
723 3622
1376 90
3130 3227
4 2877
3247 3835
579 3118
2980 4948
1692 6
1008 3510
2561 1101
2870 2993
595 1118
2567 4173
3612 2116
3430 2704
1713 2155
719 3924
3676 2019
1263 1630
3141 1734
675 1819
654 1272
3305 4015
2693 2676
3486 3113
803 4761
1248 919
3743 2136
3333 1761
1245 2528
492 4571
405 2428
1864 4318
2011 154
451 2295
14 3883
1812 2952
3776 3310
1732 2671
1416 2123
830 3638
3211 1790
1209 2910
3918 4175
1298 3735
3336 4222
3913 3330
2079 3437
3074 1357
2527 4
1895 3498
2806 1903
3896 3095
562 4395
1378 2027
1523 4028
3548 722
1061 4746
416 3208
3199 700
436 3176
2799 2647
1055 2711
2620 4574
874 2871
1000 2247
2753 941
3175 2523
1618 1715
1903 376
2834 2018
2547 4480
716 3107
870 3928
862 3650
1150 571
2149 1943
2582 829
895 2415
190 4062
798 986
1120 1350
1464 4120
2725 1052
3692 1253
2503 569
1630 175
118 1436
3164 1562
34 2937
71 4268
1207 548
3053 1420
315 701
2540 573
2025 2564
1941 1273
3714 3367
3388 738
1040 4800
1646 4751
2256 2267
2250 4588
1604 4700
3926 3581
859 3081
674 3196
3112 2405
2585 2795
1144 3970
646 789
2787 347
912 4909
127 2048
2222 559
651 4928
325 1099
2318 109
2214 1436
2464 1795
1943 4401
2354 1821
1560 2875
2509 4508
2288 71
2684 4743
3702 1473
3080 1770
903 109
2385 1727
710 1106
1823 4770
1177 4048
1905 2418
1544 3690
1090 1490
2578 2021
1033 3870
2789 694
2229 2410
431 4446
3231 2431
1352 707
147 4434
1235 57
1012 2438
2093 22
1372 1466
2565 2291
295 2737
2091 2400
136 3785
2387 3697
3566 4765
2508 508
1075 849
3079 3479
661 92
3643 782
2471 3587
3120 2832
3525 2735
105 994
1765 4352
1570 1582
1974 4115
1400 1785
3252 1677
2310 2500
2727 1552
363 3231
3888 2594
1611 4635
1961 2058
992 4832
387 4412
526 258
3424 1264
408 3029
652 1407
1693 1862
1690 3346
2892 4740
3893 3842
2584 535
2905 3560
1102 2843
2736 4415
1180 84
2010 3980
2844 4688
2071 4062
2918 1322
3434 1025
644 4647
2532 4647
3604 3177
1447 4095
3339 4205
3395 3366
2466 2407
3380 46
2186 2502
1287 206
1478 3860
3239 2435
3544 4939
3135 491
2165 74
3546 1020
3412 3369
1654 2165
1434 4889
3114 1343
1964 4227
1612 4022
516 2829
3411 3592
3117 3530
3408 4293
3917 3548
3217 3459
3354 3158
3155 1732
2330 203
975 2939
447 3479
1423 4913
2847 4401
1829 1104
779 4523
226 3555
168 2551
1874 3914
3610 3881
1950 2509
1505 1419
235 3791
3859 330
2837 775
2989 4393
934 2437
1350 1209
1877 337
3407 2680
3187 875
2577 652
3878 2072
1221 2658
3682 4769
177 1792
1432 1202
2473 4295
2348 2881
2323 2068
1768 1071
1004 634
1149 3714
3655 2088
2818 3797
1296 1559
2782 4606
3554 1066
60 2043
2516 375
469 4888
2409 4353
3365 2306
3382 2180
3189 3109
993 2736
2950 1082
1009 4888
3822 4004
1429 1733
1894 2033
3720 2256
3201 4578
3892 2898
2841 2492
3561 3990
1839 1868
1687 4585
3377 4502
1610 1554
2656 2827
1595 169
1218 1782
1299 4872
3188 119
2993 1454
1536 2245
371 4171
3865 2792
3712 2523
1723 4559
1559 949
1980 3187
1345 4342
952 2257
660 4390
2118 3178
2211 4947
1266 1676
1453 711
1324 3980
704 1802
52 1578
2590 994
394 562
2150 2752
47 4161
3664 2663
3787 2080
1729 3430
1909 1018
3324 1322
1357 4407
1119 2665
308 2653
2225 2810
3369 4405
1277 3700
3137 840
3184 1125
3284 1101
3028 2211
2215 694
1607 3395
3794 2393
2488 4527
1752 194
3279 3282
537 2607
3292 1373
1704 2502
3474 2300
2511 4058
2007 3711
3170 647
1685 892
1181 3300
3138 4013
3663 1266
3737 2022
3049 2185
2285 3382
3706 2299
1599 1104
1927 2045
1001 235
3321 1350
2153 2553
1782 3846
2518 3742
456 177
3914 4750
2132 3166
126 1984
2073 4827
3678 2003
2193 4760
3553 702
3161 4970
755 2318
1216 1062
686 362
792 4361
3219 3934
3259 4482
3353 2217
1754 1761
2152 1327
2735 3300
3069 4994
410 3287
1876 1234
444 363
23 1736
901 4907
2971 2474
2442 561
400 3158
3596 1611
3872 1872
2200 2328
2996 3243
3483 190
1504 965
2637 2375
3520 587
1134 2320
3820 1911
1046 3338
3466 1192
1998 3008
3437 581
2575 1415
1783 3881
2147 3743
832 3407
2589 3279
1529 3262
1672 3175
3487 1716
2948 4596
2885 3289
1085 493
2324 1752
2462 2855
3790 3940
3770 1802
1093 3403
670 4453
1178 2530
2772 618
3662 2995
1176 1310
917 316
3823 1601
2664 3456
3374 902
2835 4455
2937 1097
458 3450
87 522
2376 1506
348 4691
1426 3028
2465 2911
3452 3428
2832 2540
1367 4695
391 3922
285 4433
2671 2643
3852 167
3018 2670
2179 2977
2440 1542
2264 2717
2915 1331
821 3547
2451 4076
576 3294
2262 193
749 4932
2061 4010
2917 2903
1624 2697
2367 4517
1619 204
1543 4044
2893 1954
3495 3778
2991 3038
888 662
3489 93
1348 2881
946 4644
497 3860
2279 3183
3901 1352
3245 2803
404 1683
2060 940
3877 667
2019 3039
2475 1618
1678 2300
3809 402
1546 4522
2843 1298
2257 4030
1081 3065
1942 4742
2134 678
218 4050
3755 2997
183 1948
3730 2469
3186 4681
281 2563
891 4130
980 1802
262 3500
1653 433
3641 1855
632 213
2699 14
3327 1168
1698 2947
1957 3905
602 3090
626 561
2183 4031
948 638
2373 3787
3853 3080
3274 2433
1886 2919
2990 2386
2089 1890
2486 2059
2548 3003
1104 246
819 441
343 278
3764 2925
656 4261
1208 2833
3542 4548
2242 3775
3469 2613
1954 601
1745 746
2346 2502
1988 4197
1422 1968
3855 249
2602 905
834 1562
1634 4432
12 2691
3887 2443
1984 2954
62 4410
54 3213
3780 1045
1151 4449
3443 3229
3329 1788
1377 975
1310 183
1246 3999
3634 1834
82 4235
3404 917
3573 112
3126 1413
1072 1368
39 751
2296 1012
1902 3978
1777 967
2550 4583
967 1403
1317 3005
293 3694
3444 2874
1688 2463
3406 2072
345 1268
112 483
742 4015
223 2414
2653 3649
2733 664
1491 221
668 2466
1590 4818
217 574
2652 482
2280 4066
2796 3546
2764 4662
1989 439
1584 4883
3236 4454
926 2727
3732 2981
598 2369
789 735
1494 1904
2114 2390
606 18
3331 490
1593 2513
1987 4817
291 780
2470 1214
3765 4447
2212 2354
2992 4064
763 4688
1551 1920
796 1937
3197 3108
1328 207
515 2732
3871 84
409 3023
1417 1597
2657 2953
1924 1922
2914 2482
594 2739
1499 4644
1944 4344
1440 302
3159 1907
1728 4502
3288 2519
2220 3026
2726 4778
3585 145
3695 2804
2658 4844
2803 2143
3442 3570
3900 3776
66 2179
740 535
3180 2148
2609 4074
2443 2170
2720 3806
1482 3809
1849 4305
446 4084
1045 2214
2627 4660
320 1992
2628 2102
3500 115
2428 1948
3449 3791
3718 2418
3831 4589
3579 2462
3402 4917
1388 1080
302 2628
937 880
1976 4256
1331 3146
3364 1648
1493 3740
3875 442
193 1490
3111 1753
1470 674
1973 2777
1668 376
253 1886
3621 868
18 3814
2945 1528
864 4809
900 4593
958 1781
2758 2996
1831 3787
3799 4868
1436 4253
3191 903
722 4351
3614 314
2277 4178
3068 2929
2604 57
2312 4585
2301 1058
3648 1947
1706 1940
1280 4897
889 3165
1845 3076
2613 141
1592 799
647 1112
2101 1814
2403 2440
2334 2923
2204 249
1737 1339
3740 3549
2600 4280
2416 2246
15 905
1059 1398
2543 1371
2864 2977
2366 4845
470 204
2650 1842
2807 61
1627 1206
2086 1572
2067 3341
3015 2097
950 545
3581 2108
3315 4632
2028 3833
2102 3911
1556 1664
550 2670
1360 2543
2034 835
973 3707
139 2506
1278 3955
557 4489
3136 2635
84 644
1648 4075
3797 2187
1885 1392
417 588
3629 3922
961 888
3628 2339
443 3332
375 1880
3874 4204
617 2565
3684 169
477 2058
2763 4094
1271 143
1065 3700
312 3601
3176 1417
3672 2215
3795 1441
2017 4337
3866 352
748 3606
600 4210
3674 14
2452 3167
2050 3991
2690 4469
3844 2578
3286 4329
2661 4805
232 2364
3729 4349
2090 3884
3123 1059
823 3901
805 4142
2289 2512
2127 431
2331 1981
464 2405
921 926
3125 2221
2260 3507
3222 3039
3532 3031
896 3126
2077 350
48 1659
1238 3215
778 1547
3291 1745
1351 4450
630 3134
786 3531
2573 4236
738 4696
1986 1159
1500 2898
101 1143
701 1155
1264 3803
3384 1695
1202 2685
907 2558
3867 4490
498 991
1897 1498
390 4405
2194 3267
76 755
2636 2008
1341 1724
2340 2381
1230 517
998 2624
3335 1819
2651 834
2207 2594
1160 2788
2383 1493
884 2053
170 1275
1530 2256
2759 3119
2959 1828
1572 4090
1404 3810
777 3212
963 1931
2678 3960
3813 3593
3078 2463
92 4181
2135 260
2663 1077
3886 163
2427 4403
3325 2622
3571 4930
197 2971
3727 2069
2821 580
2871 1703
643 1347
2634 1396
2043 3345
2051 45
694 1719
1601 2151
2358 1093
2099 3756
2672 4672
35 1299
2695 1196
989 1022
578 3740
2521 4179
793 2075
3920 203
83 3441
2057 4199
809 2487
667 4072
256 2830
1515 4469
99 575
3022 4800
608 1459
2769 3655
2180 726
897 1166
1179 13
1258 2785
145 1072
153 2879
3843 4459
264 619
810 2644
3847 3817
3233 2664
2237 4332
3590 3610
2691 2193
1788 2081
1879 4949
2809 4706
121 4133
2457 1176
2939 2858
412 336
671 3884
3296 2798
2962 2569
2343 748
3815 809
3083 3026
3426 4371
2168 2865
770 848
2935 2004
3010 3555
3459 361
3560 1737
393 2471
1780 3166
3615 306
2001 1844
57 4992
111 552
2643 3435
1591 327
3363 4418
1313 739
1128 1726
2537 1745
3270 3322
3418 4383
1099 1128
1947 1236
565 3094
1789 2882
750 3904
1930 3868
2208 3948
3226 3492
3709 1827
2413 3901
1616 3017
1027 1249
955 4655
3009 3769
3689 3700
1784 3587
1751 672
3551 143
1994 1655
899 750
854 2832
2973 4358
2159 3910
1013 4889
2037 326
275 937
227 741
995 1399
558 1870
3716 3462
1241 3082
2341 2681
1204 1959
3478 1406
257 2519
3235 4417
2360 2396
506 4961
3263 3953
1487 1329
2679 1983
486 716
1039 902
3626 3662
3508 1180
3046 2002
994 260
2210 409
415 63
2103 1188
3237 3563
628 4313
219 1828
3362 4003
996 3970
593 3479
1469 833
1145 2586
2621 4328
2015 1711
2460 164
3275 1642
3834 1428
3244 2210
1225 2344
3742 3220
1889 909
2927 3142
3273 366
3512 260
327 3057
3334 4913
3463 3164
3557 2096
2535 893
3510 2355
3523 4901
1740 803
3927 4344
2020 1076
785 3879
1057 4788
3021 4432
360 2910
2369 2314
413 4349
1015 173
455 186
1854 2047
2976 3372
3250 3623
3654 1441
3464 292
1720 3724
357 3060
2455 1474
3352 699
2895 3879
3058 2625
1156 1338
883 236
735 3753
3736 3403
1907 1355
2712 3310
41 2577
3439 1408
3041 550
2065 3492
1293 2262
1956 2950
1959 1724
2635 3719
484 2581
1881 3114
2056 3447
548 1916
3031 4831
1583 3098
2322 1679
2866 2665
2566 2382
2115 184
2315 4896
910 1703
1815 497
2059 28
1288 2916
3289 3604
894 365
1023 2575
2713 1873
3076 2642
2456 3807
2588 2980
3367 2167
1557 2268
1781 1486
351 2449
1798 2972
709 1657
3530 4780
3818 3625
1669 2869
489 4690
1548 64
1576 4611
402 2435
3106 2614
3285 4619
3559 3475
2675 147
720 1337
1461 2528
1814 1160
1374 3946
2048 4257
2929 4516
3378 2193
3196 853
2559 1520
1121 353
103 2446
3410 1774
1665 287
274 1024
1855 4875
941 4177
1260 2991
1858 1082
1967 4694
1962 1814
3133 1520
208 3041
245 2824
3318 1936
332 1797
1369 3625
3254 1756
1755 4639
2173 1327
2251 3046
811 1548
1519 4186
2054 3662
568 1261
1111 4456
10 3311
2667 3835
3784 3719
2085 4609
3750 2733
2952 626
2612 1825
3903 514
323 3773
2004 3580
3534 717
2633 2123
1362 1671
2826 1728
440 2322
1387 4056
1762 457
604 1699
184 2850
1118 4920
3586 2510
428 2991
1872 2004
1853 1963
546 4339
439 3631
3482 2935
3143 2155
1098 968
1041 4488
746 858
1982 2623
3851 4711
3624 4442
2246 2732
831 4255
747 3916
132 4635
2244 1152
3829 3802
2738 639
3281 62
3257 333
3751 4488
977 4959
1913 56
2773 4403
290 4920
541 2206
2120 3141
3198 467
3673 1833
2171 2405
3832 2074
3110 2349
3619 852
1384 183
3280 256
727 713
721 1572
313 4376
220 1617
3533 4570
1333 548
739 2407
148 1798
3665 1366
2386 844
767 4918
2240 1185
3033 2990
2956 1956
2631 2896
1088 2801
2335 1505
588 4164
1472 2223
2100 749
708 640
2896 2028
88 2979
3741 2361
3194 1415
194 1839
3119 1635
1107 785
2555 669
1031 2237
616 63
1923 3888
1353 434
278 65
1089 3521
1721 1165
3583 240
659 2967
1836 4689
438 4568
2070 3652
3319 1601
2778 3677
2166 875
971 1169
3646 2722
1495 766
2829 3719
2816 3345
1813 3984
3549 180
1725 44
2209 2266
945 2142
2721 4346
732 4101
344 955
2498 3893
43 1886
648 4126
1718 3797
2053 1453
2526 1696
623 3766
255 3671
1860 4929
865 1094
2410 3233
203 2069
2224 1388
1677 4647
1112 1482
1585 3897
1344 2805
1760 613
73 4679
1534 2103
377 4037
1663 2888
3003 4063
3171 2307
689 3650
2682 4075
185 3266
1857 330
1822 895
3086 335
3213 4160
1979 1814
2203 3353
3819 3678
1301 2704
3754 2199
1842 4518
839 764
2040 2778
1769 2498
949 2240
1995 122
570 397
3499 3163
297 4602
2558 607
1571 698
2890 1409
1997 2043
330 4691
863 32
2479 3235
144 4635
2767 1051
1070 1323
1674 1829
411 1479
1019 1634
3835 4162
2510 2498
1095 3648
1490 2831
468 303
3371 2472
2748 739
3001 2869
3550 4827
1916 3318
1561 1677
1898 2550
2143 253
1122 1393
2234 3556
2842 2937
1396 2761
3848 1220
29 3708
2919 2373
1919 646
1060 908
1217 1084
2411 3682
663 2931
1456 361
3870 1553
304 4223
358 2521
296 4029
1773 786
639 4347
2414 3549
2824 745
799 708
622 2706
502 4049
3166 3617
3152 4355
3341 2480
3103 2638
1338 257
3657 2021
42 2374
2984 3041
2921 4083
2698 443
1441 3150
801 3946
2932 208
2319 2118
3498 422
1882 2270
1948 1388
1131 3824
2185 205
3401 2150
3633 4465
181 552
2181 439
146 1511
508 2693
1563 901
2110 1649
407 1636
3081 2616
2536 2684
3139 774
2190 979
979 2686
215 1163
1801 1754
96 3443
3020 273
898 902
465 4661
1386 1481
2874 897
887 4895
664 2023
1617 177
1667 2462
2405 331
3060 3066
2247 3600
3417 4631
820 480
2743 3887
2161 1155
3313 811
3921 723
5 1721
2248 1722
2141 291
38 1126
3884 3347
3458 4263
1010 4983
1912 855
1446 4579
2906 163
1552 3602
2856 1459
3370 1697
1262 3671
2031 3572
2145 4978
697 3062
1749 1484
969 2013
1524 4592
3256 4635
200 2544
773 3560
2109 3027
816 2538
178 2654
2292 2399
808 802
2297 47
2189 4529
2226 3756
1775 4282
3592 2889
1888 636
2595 2948
3072 4129
2538 4105
21 981
1336 1759
2749 2221
1325 4385
928 4504
1077 2573
1047 2434
3707 961
1573 2410
175 3726
925 1526
2647 1374
134 1282
1480 186
224 1910
1935 4959
164 3375
1370 4285
131 4749
1800 4520
707 302
2850 1514
841 4548
835 3529
1791 338
3419 1699
122 1932
80 4733
517 2571
2421 648
947 2137
3269 3931
1978 2307
1985 4612
3763 1800
2342 2043
1250 4490
3228 4537
1639 4798
1064 381
3070 3157
1086 4527
1458 1262
3782 857
1018 2385
2563 444
851 2035
1285 4005
731 1037
3012 284
3446 237
384 2622
1764 2322
462 1734
3150 2277
1142 449
1547 3833
2655 1403
3122 837
1850 4794
2425 2756
2063 2265
3265 2235
1021 1466
2913 3063
2987 4882
3766 2288
3105 2632
2665 4357
2557 1273
2934 3862
1649 89
1671 383
1205 95
3006 4377
3671 4909
222 3517
2356 1194
1892 3392
2781 1673
2157 2458
2640 1187
3302 2147
1925 1365
367 188
3789 4175
1848 11
2068 3755
2964 4525
3172 1497
2730 3042
3518 2173
368 4517
1586 3158
294 2280
1069 2744
1553 1415
3575 4537
3605 1510
2768 2118
1174 2509
2218 3851
3688 201
2994 1308
2903 991
2311 4520
480 1517
1375 3210
2580 4788
3722 2640
434 392
260 2878
3192 550
2121 173
1779 4281
2305 1577
1275 1829
3609 2117
3846 3008
2316 809
321 1544
268 612
1970 2698
179 3905
2156 3441
547 744
1868 2357
2883 2091
3753 1221
167 2115
3821 2201
2752 1681
1103 2001
2243 128
1036 1737
496 523
2116 1783
316 2444
1159 3071
337 2190
3522 2764
1228 132
2879 3194
848 1912
2747 3217
1508 4951
1697 4541
1038 962
2533 3158
860 3801
2175 322
1166 4655
942 3703
1233 2925
3134 2826
2977 1854
1005 1889
3477 3427
603 3252
1748 4284
2814 1258
1566 3926
2546 949
425 1859
3810 3062
1900 947
2370 124
2910 2398
885 3038
838 1038
505 4235
3132 3965
399 4165
3537 4060
3699 3575
1716 630
125 3373
3708 3442
3607 1762
822 3352
3734 4166
1938 1482
3600 3339
2534 2579
2701 218
201 4441
1329 2833
3562 831
1875 2863
1662 929
954 2541
2944 451
1681 480
913 4
1243 4679
2041 2632
2390 1063
1951 637
252 1108
2022 600
2298 3611
1155 2626
1110 2576
3195 3018
102 3316
104 3272
276 2079
2097 4695
3278 4512
3062 698
2909 3190
2644 1678
89 1810
2593 765
1588 341
733 4957
1893 192
1972 4893
3287 4846
1307 2598
2108 2081
3025 1065
180 3797
2198 1497
1776 1375
1232 1100
6 2383
1068 3163
1726 3225
1467 4514
3905 2346
1054 3082
70 4539
2481 1239
1510 1085
2227 416
1083 4493
1165 664
2146 1766
2393 4697
714 216
2722 1178
2392 852
341 2816
3204 4915
2418 173
1168 181
143 4422
340 2808
1424 1441
1820 918
1609 1673
774 4969
1707 2826
1615 1929
1339 3256
741 80
1402 2664
776 6
1363 4942
867 48
3332 2628
3320 4908
1097 338
2231 4586
3356 4097
2556 420
1792 2312
640 4504
3632 3388
3421 3552
250 940
3869 4424
2286 653
3697 756
3828 4138
806 2214
3622 1542
1794 1668
678 4067
711 2763
1101 167
2144 3168
3515 1084
2265 4454
685 169
1991 2963
775 991
3631 2157
935 192
3375 1828
3519 3805
772 2794
812 2317
582 1112
3109 383
569 729
3724 4664
3777 4779
2081 4996
3148 3385
861 2505
2797 745
30 1821
532 4352
493 2523
2357 3668
151 2856
1247 1667
2268 1738
242 4902
1797 4475
2287 2183
1658 1471
590 2915
1550 3551
3385 3414
2754 2709
246 4827
53 2253
3121 1607
3413 2907
2619 4901
3037 1371
1526 523
2710 4432
173 3271
1949 905
2045 4434
2998 2851
157 571
1774 3821
3891 524
2639 3341
2716 4967
788 3009
2023 3685
1200 249
2603 1356
3468 4097
2771 3178
3097 3954
2235 4355
3450 4478
463 3902
229 2149
2402 1053
1808 3470
1292 2269
1113 2169
1955 1673
3504 1003
2199 3961
3580 4848
3826 953
1554 3024
1346 4359
3850 615
1224 2711
2860 3101
2459 3604
2196 810
3659 2629
3096 749
3807 4589
1395 3029
1259 1292
1514 1400
3908 744
1252 3303
1489 3091
1856 3958
3089 1596
1883 3290
2529 4189
2254 2596
3387 1766
2365 2415
2668 1664
2908 1505
642 1370
3827 2703
1969 342
3876 1765
2786 663
2514 2692
1330 2990
2308 1666
1289 4847
3048 2203
2032 280
374 581
1140 2279
2027 12
3435 1734
1625 953
1689 4697
2420 1980
519 2149
3460 3904
2845 2565
133 1168
3652 2991
1541 1460
829 1664
2798 171
265 889
485 1078
1170 4216
2642 790
1187 3993
333 2505
765 617
572 2081
2202 293
3749 737
2446 4387
2329 2073
1124 380
3788 10
1158 3219
552 4024
2880 2382
2016 4279
211 4521
2689 177
2755 101
432 4521
1738 2879
782 2676
2002 180
1717 2019
1354 3391
1460 2225
20 1556
981 617
2739 3180
2055 4271
3347 2655
2431 21
2629 1661
3322 3558
334 929
525 533
2082 3657
1138 4504
2184 1339
2794 4096
3267 1771
472 2738
2058 4395
240 478
845 733
63 4433
1694 3773
984 3262
3653 2434
2802 4786
964 3153
1538 3000
3738 4235
542 3351
2907 4433
1448 4206
2854 1430
1623 3543
3666 2487
2295 975
2000 187
3786 1784
2617 1640
577 1376
584 253
142 381
2741 4800
1474 3163
959 3472
1785 1941
3346 4024
2562 2487
1358 3844
1297 1502
683 376
2163 1257
545 4289
365 3541
2380 519
414 4418
1656 2506
904 1279
2551 2577
2648 4732
3625 4552
3379 2150
3115 4625
1816 1684
624 4128
305 4503
1629 4794
2545 2082
3177 621
1286 4071
2951 1447
3645 973
540 1518
3680 1850
1475 3607
1802 4353
2549 2469
2276 1470
2309 2826
273 179
1596 4367
301 2793
2320 3814
2372 444
2524 4097
1837 2617
3454 2363
3775 2305
3863 3897
1567 2015
241 24
906 217
2530 2459
3085 917
422 4103
3503 2394
314 1752
137 4054
120 3169
1657 1002
3824 2428
2164 646
1676 4760
2878 844
2436 4522
556 240
1049 1159
1206 416
3687 3044
1433 226
1037 2906
2088 354
3183 2534
3577 780
258 768
1513 750
2216 4384
2810 2598
1640 3082
684 522
3092 4075
2441 4552
2982 3532
3101 4626
2625 2254
284 1883
1587 3202
370 2823
3107 1156
1406 3221
1316 3148
1620 1125
1910 1804
2241 4991
3447 4197
3386 577
3849 3228
1157 4526
3679 4723
3433 2264
734 31
2412 2211
369 3042
424 108
3779 4380
1133 2355
2005 2
3485 309
207 2964
3055 3485
1772 2713
3398 1150
3811 1037
2230 1924
2969 4317
743 1883
2868 3300
3361 3427
2978 1443
1401 195
2515 2843
2415 1144
251 1691
1757 3922
1709 162
538 3083
1435 2788
2576 4917
2382 1157
1139 3053
3004 2468
944 2354
2681 407
372 4892
1371 529
3405 3436
1787 589
837 3198
1828 861
3113 1831
619 4908
3686 4650
872 1424
2605 2840
1094 4094
1810 2042
3030 2058
612 1451
3691 3857
2501 4129
1431 3463
1391 3281
2307 3525
3608 3081
871 952
2270 1457
1421 3042
2339 358
1383 72
2026 3268
688 4118
3593 885
512 269
1670 3399
3455 4275
2368 3149
1239 2084
2904 122
3882 3033
2064 3807
2191 1356
2352 4124
596 1923
1799 3
2499 3542
2912 1698
3330 1495
2728 391
1589 662
611 792
1805 3762
728 672
2255 3774
836 3007
1904 91
3451 4647
1439 3796
1073 1889
1735 3437
2469 3693
473 4862
2345 4173
40 1664
1790 635
3116 1207
1034 3991
536 1511
691 100
1030 1136
1308 1940
106 4727
2703 775
3266 2408
1457 712
1703 1161
725 3147
90 1413
461 3929
3456 2632
3040 2685
2953 1047
1914 3247
2923 3913
1164 2536
510 1097
2039 4766
1887 4220
3047 2985
3705 731
2662 4107
3517 2903
3588 4337
1074 3611
3812 3317
2750 2836
814 3545
26 964
2154 1319
753 3349
2517 1081
2371 2513
3570 1654
1511 2655
457 2326
2805 1074
3005 3402
1532 4873
1650 3932
614 3039
381 2742
2401 535
233 4202
3232 2621
2579 187
3298 63
271 437
3506 4094
1968 626
318 2780
2350 114
1428 3241
1382 1374
3026 996
2669 3949
1389 2264
3837 2786
2849 2896
676 3333
1479 3253
2477 3920
3839 2813
1537 96
983 2631
1466 1809
349 3885
2839 4752
3639 464
328 839
1161 1229
852 4540
2568 3606
212 3830
2645 2302
2364 4490
2321 2692
1869 4905
2119 4288
1318 1695
3 2698
1533 3963
3029 1003
426 1048
135 4349
2273 652
307 1359
1643 4062
1050 2384
2188 46
1321 1970
2111 84
518 1077
397 599
1196 4593
1509 1229
2177 3890
807 1289
68 2083
1518 3334
3162 1062
853 2073
1483 2608
221 2229
1549 1164
2029 1267
549 3237
953 519
2495 729
3368 2167
3064 2829
3667 3726
169 2074
1020 1738
3752 3983
976 3631
833 2099
878 1086
2397 1128
2333 394
2586 3410
771 4649
3816 3883
2831 2199
3767 3848
2970 9
1873 3000
1741 183
2327 928
3063 679
1192 1396
699 3887
1496 3898
2995 3609
3540 250
2791 1908
787 2621
248 4283
2505 4876
1896 4026
3462 4509
3144 4741
3883 1338
791 551
795 678
3373 261
1056 2432
3054 3804
1921 1548
1024 3005
3179 979
2038 679
2504 1968
544 739
1542 1935
3182 2619
1996 552
1701 4709
3501 3055
1606 427
1928 3778
1918 243
2697 566
1079 192
3050 4756
553 994
187 421
2300 760
2283 1655
2646 2173
847 1424
44 1054
1936 2959
2925 2002
2228 3383
1993 4177
2126 2970
956 2861
3077 2870
905 1183
2158 2566
1276 95
1817 554
1359 383
2823 320
2483 4842
406 4185
17 3228
2500 1128
1335 3375
3002 1528
1899 1747
730 3310
362 2816
2174 484
2388 3685
206 702
3475 598
161 2735
3919 2815
1368 192
2800 2460
445 2629
729 3983
2351 2392
1673 1083
514 4175
3841 4922
2105 4245
19 3710
1744 377
3140 4828
1290 517
1420 1429
1492 1926
2928 1803
3344 2246
3613 4939
3128 220
1535 1533
385 2613
1393 171
1750 716
3268 3475
2259 1606
2685 1539
1937 99
3728 4927
991 4229
1022 2411
706 217
3756 4497
1832 886
2808 2990
3552 3815
2336 2810
2138 1006
2314 3344
114 3636
2946 329
322 4302
712 705
2379 3356
152 3080
3656 1475
2522 3937
195 3052
3778 2804
1863 4595
2858 4343
3258 4743
2432 2926
2178 415
3791 3597
3565 1565
354 2039
1327 98
3719 3804
3098 3587
1459 610
395 50
1058 505
564 2780
813 1120
1540 1041
2958 1435
163 4381
2035 2136
1123 3483
3000 4833
1977 2533
3255 3057
2840 4886
454 1155
3208 3221
3649 626
2148 4628
531 1538
555 2603
828 3799
3595 3483
877 280
141 3310
1137 1726
2702 89
2704 1863
3700 4054
3297 3532
1700 4026
1811 453
1633 288
2729 4250
1807 1066
2762 699
266 3103
2888 3625
1528 3824
91 1061
1696 94
3842 3720
3739 4781
3300 4926
744 324
303 314
3748 1620
2489 3130
2859 2887
3902 4124
3909 4038
2688 4735
2723 2214
2221 2437
3414 1570
1990 1545
3744 960
1430 1307
1652 2421
3923 2282
3438 2259
943 2268
1219 2389
1852 56
2084 4971
1130 546
1926 421
1025 256
1793 3049
2344 383
3564 2483
589 2699
1843 3911
1281 3024
1966 2177
3203 3370
2205 850
2395 167
1826 2703
499 1466
3209 1024
3448 4286
2206 4112
1398 4329
158 453
571 1382
238 4670
1712 4998
1731 3307
460 1679
2217 2334
1497 3360
3528 1341
2439 3812
478 1819
1565 115
380 1309
3008 1052
2717 1597
601 2616
2930 3622
1555 4144
3248 1827
586 1633
396 1143
1922 2227
3207 2136
1486 740
1193 1235
2943 344
3793 1845
3636 4316
2776 3290
1614 3232
3490 3426
1488 1192
237 4976
2926 2229
191 1842
2940 2580
1517 2326
1408 797
2299 4104
621 1395
3306 842
1052 1224
3803 1496
2219 920
1014 2214
2901 3704
1841 3456
840 2696
2245 2748
2942 1827
2649 1754
3660 811
916 3000
2954 3096
641 1512
3445 3264
249 730
3685 3121
2169 3305
3555 3126
3479 4889
3100 4058
815 1499
2795 4068
501 4275
2552 3886
3271 3740
2889 679
3860 2089
2965 4577
3348 1457
448 2280
3061 4716
3087 1130
1520 4057
1686 4765
930 1557
2433 338
2777 640
2863 803
1084 2095
355 3183
2564 1643
172 2255
868 1306
1385 1950
3023 3898
107 3077
610 4831
1237 4335
3713 1122
914 3670
1117 1081
695 805
2447 3644
36 1423
427 2211
3071 2156
352 4806
2700 4355
680 2416
882 2576
389 4990
3154 4250
1963 880
9 149
336 3421
1844 3823
3229 4299
2044 1409
94 507
176 4850
2696 468
3400 1666
140 2416
1736 986
918 1455
95 4448
442 4304
3272 3765
49 1509
927 3638
1666 660
1188 283
886 2165
2129 1079
784 3399
1933 985
3916 4396
1891 2551
1655 4685
1198 1670
2450 3384
1953 3126
3243 1395
1108 2890
1364 3017
3034 4299
764 2905
3735 2624
1906 0
1305 3632
511 0
182 3139
2042 2792
2592 4484
1392 2829
620 4257
1484 328
893 3264
225 785
2666 3600
3309 1643
1126 1908
3481 2090
2326 1606
3817 3077
2122 661
911 931
3567 80
1197 3939
1136 1677
1471 306
2825 2426
1847 312
3073 4303
1981 4548
2080 3294
972 4707
3067 2792
2957 3071
3312 3830
3924 2260
933 4616
1381 621
383 2307
3310 720
3922 1651
2437 4523
3323 2926
3471 3917
682 1579
108 3878
3357 943
261 4379
86 3497
298 4872
875 2280
2594 4173
2117 3568
2705 4003
3019 3286
3422 1148
1835 3986
2920 4408
2476 510
236 774
2865 1951
1125 855
922 4631
2852 3867
999 1853
361 2168
350 1408
1026 3741
2496 3052
2398 3741
138 29
3200 31
3246 2562
373 3696
1173 4809
892 2178
3603 578
13 3588
2711 3449
1167 3143
1091 861
2715 33
2131 1095
3014 423
3637 182
3328 683
1242 3036
1840 3789
3710 2763
65 1053
2626 2925
2812 53
2813 2511
317 1917
1945 629
1958 4658
11 4690
522 860
3146 104
69 1873
166 4646
2272 2890
475 1150
1071 2874
59 503
1719 40
3854 4742
635 1218
563 4767
2151 4677
1870 2213
1342 2009
2445 1500
754 4837
1320 3170
2399 3539
1343 2783
1109 1744
2290 3674
1003 1673
2941 1387
306 3299
1506 4167
585 1388
997 229
1006 4580
300 4133
769 4535
804 3042
331 3609
1878 29
205 2610
155 3502
3294 4733
479 3441
171 18
1213 3015
3057 964
466 4276
2523 1556
1660 3755
150 2169
780 3979
202 659
3251 3239
939 3930
2137 2234
231 3224
2107 3765
75 116
2213 4453
876 1634
1675 176
2616 1014
923 4035
649 2043
3276 3852
3594 2975
1940 4426
1261 175
1684 3520
2887 1271
2560 4514
2734 3814
2092 4460
2775 2921
3242 353
1600 902
513 917
2377 1799
1035 1881
3895 4609
1753 4619
2478 189
1770 3035
3453 26
759 4728
3218 3243
3381 802
3873 1301
3441 2191
1699 2749
2898 3064
581 721
1185 3999
2785 4053
37 2807
2313 4835
3016 4971
3084 4724
1631 1965
669 4863
2677 1912
1132 4852
1256 4854
3524 4798
2574 4312
3747 188
2253 430
2133 1106
3545 3747
2770 4457
2269 3958
3911 173
965 4009
960 2150
210 1371
2817 1190
986 545
1545 4711
2170 4119
2922 3372
2155 29
783 1337
3521 1819
3317 4107
2857 3956
2875 4959
1932 1907
2404 3409
3431 2477
1154 4284
2846 1865
843 2882
3505 4465
633 3887
3167 759
1226 4967
1473 1071
3769 2994
1240 4057
3881 1457
3785 3021
1917 2070
3768 2163
1203 1434
3027 1493
213 3017
1796 1110
1463 4283
1100 899
679 2575
209 2427
2236 1266
2694 2251
2438 4394
693 1662
1215 1407
3234 4068
2448 20
2598 2470
3108 2137
2867 564
677 1773
2506 3233
239 1416
662 2964
3514 1833
2961 4381
1498 977
72 1004
2638 4268
1312 1176
1048 3046
3392 4986
32 3847
3711 1327
3293 523
3623 794
2793 507
1220 3230
2249 3276
3556 1135
1679 2549
3415 566
67 2916
866 762
3094 2651
2074 1711
3904 4838
2332 2803
2924 1481
3147 2056
2033 1183
1450 2051
1661 3277
869 2902
2263 701
272 1304
3465 449
1628 2450
855 2021
2142 668
800 71
3858 483
554 1027
3527 2399
3039 4474
1355 3534
2931 3772
665 504
2187 4787
491 2962
3181 1004
2374 1730
857 1901
1521 412
653 746
1267 1719
3731 1681
3308 422
3440 3784
3290 933
2258 2445
1862 3240
521 2363
717 1272
1702 4981
574 2272
1598 3642
2622 3246
109 2747
46 654
2583 4029
1743 4294
1413 207
2894 2996
3587 1340
3168 3590
523 4933
1861 1717
2347 2401
3193 4817
3838 3676
1455 2854
3511 4848
204 760
627 3466
3220 3566
386 3726
794 4651
254 2148
1578 2128
3436 597
401 4736
488 856
3165 1141
658 3785
2999 3921
1778 3218
520 2928
3563 2195
16 580
1390 3530
1960 2058
1272 2392
1265 1372
2827 216
3432 730
2872 2250
1295 828
3043 1741
1303 4022
2009 496
3704 984
2434 3256
3509 3899
846 3224
1306 4476
1965 2913
1189 689
951 497
592 2936
3618 564
1063 2401
756 428
216 1677
2494 4411
2838 2053
3151 86
2006 1679
3052 293
1449 4531
2355 1377
1067 1689
2780 1549
1300 1867
530 4939
2467 4285
1115 4975
2757 4567
1645 3416
985 25
3277 3552
2853 647
827 2041
2861 2515
2855 2443
2707 3533
1568 4028
311 3089
2328 3601
45 150
3178 4890
919 722
3214 384
