40
46 66 28 45 19 44 31 53 75 68 83 47 86 41 28 55 84 4 38 62 67 15 50 28 77 28 17 70 59 19 3 28 87 70 80 40 75 99 19 18 

3 4 15 17 18 19 19 19 28 28 28 28 28 31 38 40 41 44 45 46 47 50 53 55 59 62 66 67 68 70 70 75 75 77 80 83 84 86 87 99

60
1 76
1 48
1 66
1 36
1 3
1 84
1 77
1 88
1 36
1 41
1 83
1 86
1 80
1 31
1 92
1 81
1 71
1 66
1 52
1 71
1 105
1 22
1 16
1 117
1 70
1 94
1 86
1 68
1 107
1 82
1 48
1 12
1 71
1 74
1 75
1 55
1 42
1 126
1 78
1 9
1 72
1 126
1 77
1 89
1 2
1 21
1 93
1 141
1 39
1 44
1 17
1 45
1 66
1 8
1 73
1 41
1 62
1 94
1 51
1 64
