30
955 747 945 401 854 871 689 774 907 172 291 470 454 530 622 92 956 324 675 896 261 668 998 843 782 806 690 772 809 544 
77
1 437
-1 624
-1 692
-1 960
1 809
1 441
-1 461
1 172
-1 101
1 359
1 260
1 591
-1 968
1 388
-1 416
-1 595
1 847
1 327
-1 328
-1 792
-1 928
1 663
-1 853
-1 771
-1 316
1 580
1 559
-1 882
1 980
-1 975
-1 563
1 671
1 393
-1 504
-1 565
1 220
1 896
-1 222
-1 990
-1 289
1 1026
-1 391
1 7
-1 940
1 56
-1 406
-1 856
-1 852
1 436
1 544
1 24
1 789
1 483
-1 693
-1 442
-1 380
-1 493
-1 917
-1 902
1 51
1 235
-1 703
-1 845
1 562
-1 326
1 300
-1 78
-1 874
-1 613
-1 304
-1 44
-1 63
1 859
1 902
1 876
-1 511
1 57
