349
49756918 74804270
39685500 60987897
99556344 99940394
93576890 98468513
53856347 69831954
6278270 62531207
86504297 97396667
96814578 99138369
14754822 35791715
71143234 83853387
70178259 78815265
13842788 21688991
5972568 16011308
73299714 97308915
93317356 93802181
42360219 60216901
74384722 84501829
81003067 91749286
44146483 49650396
26804959 31965933
81284306 96090398
42301396 71362612
15355321 49260592
35759366 63001943
45753693 74443390
99720235 99731152
35512021 93009297
35063775 88470894
89959569 91882600
62089042 92973403
66595733 81638933
70385872 99094182
5891141 47662818
18491776 35253952
64851579 82312180
259272 77563769
97774373 98395701
96391888 98847048
57355406 58749272
94702842 97997400
33541512 88650553
5025167 32470499
36734851 39787466
5883998 80607765
33594929 92237383
18068835 84670945
14912200 16100093
59585011 91078352
62499280 67150576
5266417 49769528
47463820 95514375
3739998 16285485
20872373 49275725
71172460 87043318
88708609 96969816
19265510 84148441
18939150 59037047
71058978 80278607
85867970 95725332
97772095 98837017
50872978 73567934
52385488 80895420
63650973 74126357
2500921 59049748
16799374 98575671
80832644 94264525
97881585 99543663
15673034 43599039
83441091 84362903
83133233 84915172
38254228 60808070
76446003 99013305
43667308 47183788
15329114 29775489
11834597 92851356
46222549 62846913
94824718 96775940
97279540 97391651
71598450 99145758
55258964 83553846
35732393 37123370
98781913 99622241
99702958 99981182
97821942 98753584
27210881 48058531
63099116 78467525
55414484 82637874
79265021 83633387
66920012 87377206
53822154 69648428
30753447 50839986
301396 85119421
52275564 99824632
63688278 87849509
30069788 63729572
87925653 88906619
51509217 54638184
18930655 81551166
80847507 93818010
49415972 66311488
58562586 91446459
26684773 69800682
65198643 86759496
20073762 31249662
66382332 96281784
27586975 91224382
31026237 68419986
10704201 51262369
57674816 74548066
29042647 39629859
92616533 93877931
39625368 40640108
22169160 25905936
93983685 93989256
80769667 93286029
18315740 44996789
50341419 88912094
97683118 99066207
63959183 67709965
83469927 91193724
26243837 29931508
62251534 65702682
32244743 47869881
95623350 96248655
84800214 96112005
64747342 75850383
32872260 91875644
12132388 21736969
12857542 40233192
49528321 58633877
30172491 98027746
85830831 92258840
30071737 92778865
93389463 94477096
17245843 70927517
38573207 40348156
87943248 99567815
15365344 77116525
51374817 70060950
89066641 91111052
18561868 84548633
68909763 70769001
4430913 21802168
73601661 83460022
62216340 80360910
31872461 47572157
5195766 70961281
89339877 95038003
70629824 74154639
88666708 94417984
22388703 42422086
45993920 51860378
24683684 41291514
50965817 69989906
21647923 67275383
37371184 41249154
20944488 61121737
77066429 83241616
43475456 70298686
26256187 30871388
50123627 52617206
38604207 82733856
40029678 48808439
36113731 38286208
7584501 60484434
97975907 98313170
80430663 96729485
16288381 99189763
91542504 94751984
71976502 96168485
56468718 75600922
96516773 99634975
16180157 62545985
39103482 70346279
79132884 84143752
29792963 42756739
68725158 72558254
9888600 18491033
25725103 32853670
59842894 80166033
81310143 86167812
28842787 31387088
81855946 94012499
65874153 91845865
52019998 98718291
24203894 54565515
28048713 38113266
44679067 51292355
81817910 96221133
24686028 51651162
12491598 40103562
12434406 26589250
17152255 43267236
12784014 19221931
87241022 95390549
46912314 50367827
6556916 60261757
76785565 92763471
89748100 97242116
75447584 96485947
95045309 98460140
20041775 91961550
65312460 77980652
26474184 88772421
1671451 17487638
37796842 64824135
15425185 43318364
89482340 93120276
63227889 75846098
59694511 85146429
60297410 74365182
28044761 35665521
286213 30601670
22644006 83679053
98823551 98905582
8426362 15133523
6377384 19892524
99088382 99250838
93635055 95410103
63173093 74291744
16147309 76888760
66723670 68135113
24741311 77523714
89259892 95944101
14552714 55971073
87638132 94770674
11065330 91169975
60465984 63075602
88688501 88812522
96621350 98190555
76341900 82281142
33952942 65547325
45591317 91702118
18497828 22051566
56855052 95767238
44873672 92033589
99377806 99594429
96254425 96968277
41125758 61966486
35404544 90934387
45660160 93373076
63705257 74684449
83449978 86130971
83811765 96538185
38301623 47002804
49257415 94247159
50333320 72750266
75161628 75295121
5985608 64326085
38058937 64936170
47109769 61456164
13952077 50693256
92934055 99887298
51514078 90647414
94030402 98095879
9454360 77282233
8107684 66957573
20803312 35808231
49129127 57542827
30086339 67140975
98006141 99355402
9558199 56581615
93821660 99824532
62515929 86643253
52247593 54344073
60618512 90249816
25342308 53779838
92317329 92879679
69497596 80065541
33540366 36013697
6608135 38174893
39311041 67928671
58682739 65124495
73745391 74207620
66136818 92492023
93690948 98615855
19450612 70132159
99931237 99992431
25737 80685686
87722287 94949297
10229195 72978694
30043651 88027325
26065684 68606345
24035006 25204507
80276195 84292791
6176515 56288266
25913408 75057870
35159754 99680976
62564169 88214725
8983777 39871798
75908099 79984891
13791044 46096551
3289114 78168924
47052337 59113310
64134612 89925045
65387599 85107994
32927747 57225491
62671790 97939125
45999185 84781180
54088494 91251909
92937442 98080898
36548511 53716512
43017094 83107566
76891641 91894516
15905508 86602667
89062940 95106656
93388463 93622782
69484477 69661596
87996580 89041953
83204221 96615439
21027265 86278588
94549931 95236243
94108687 96246517
89038063 95153469
91592228 98652730
97205872 99531459
23617656 92112546
68609116 82595370
4820447 16534587
3933277 66584695
40283486 51973817
52034693 52139237
11678323 68060412
96128514 96446400
10122307 52265134
52800718 73652845
10812439 98270181
24193706 81073947
77154295 87542143
47368410 93657825
5920418 80548626
53600233 62483538
12246776 59957168
75543681 97376234
87806699 94627662
74956969 96469185
30254681 30968274
89956336 98240105
49336292 78714998
37927655 45389923
30971206 64618810
54403888 59884871
61058098 61722504
69928950 93796992
39497664 91107875
87387055 94143550
14680053 63292624
37850838 93580549
7936376 34072861
