4404
64979048 86238692
10951562 51747907
37688315 61651231
57516452 94096253
90124636 98449719
76995883 85664504
14318381 19332843
85323022 89040535
83718817 83965225
63940403 71719268
71915374 77029517
44229983 99874862
79619468 92640984
3588218 22322118
73128549 98010908
83319699 84720840
70902428 72860698
45324259 54100501
18412560 23882334
6387709 82495419
14659332 81857100
85349936 99350495
26550250 71619742
49852136 94749360
51145365 79109376
39234647 97558356
75639721 91135572
42291183 52982013
72584975 99044827
26685383 50131815
72364101 91918751
21367327 85000080
11363454 42599962
27434188 67634659
19257716 73691193
23628444 51064656
49156023 63423672
9976321 82956608
42416709 98966150
81005562 81301168
49727929 74639997
73961888 90719061
12793760 21184288
97663086 98089521
88801299 99169675
97974767 99587516
21509955 56177982
48463977 93389595
41640936 71163176
29412373 51807081
82859588 89704167
85982889 91905920
13415973 65901153
78484754 89323599
94682696 96502945
91082362 94728211
44936803 79756236
28299541 96385246
46123182 67431415
4995964 62239242
2154080 59926678
56620585 61667736
41420269 86707301
48507217 77923533
36140793 46951275
2945821 32873574
97452677 99443160
4900216 33886296
14640594 94843525
6502981 50511739
71921990 87074537
4009219 5031402
34387663 39759693
39463784 75572199
33393256 69801302
30411992 39145391
58926309 73439963
36710431 79740181
949953 5273128
37095085 57060302
63147370 70299979
31369628 86644337
64534890 92338521
90504770 96215592
53460624 67353609
54960178 58403185
89715059 92966803
61890979 87883240
5689772 32104371
68429658 90686671
87105264 97201678
42455621 75655541
56822458 64118249
4277150 94771162
18094764 48794781
68743581 85180380
90963554 98543570
10280876 74899925
86459159 99035719
19350279 87829722
70189903 89867174
39399191 74043773
97923713 99021297
43891113 81789656
87823074 96569485
3318609 80297366
34507721 64067288
65743098 78494860
86446662 96422730
8577522 63091187
15763390 30465425
88051701 95407223
15581758 46269836
33701024 82004684
56968450 68534830
37596455 52149539
37258274 66727933
47850844 51494795
25613724 62207621
90882546 99770307
1040744 6888039
7484127 47216638
44409922 48832321
22663614 75550984
82845134 85068338
2935036 39906734
58071755 94343859
75880439 81584338
82068809 95315791
8121914 31540585
45000598 68762439
60535513 79538932
11070539 61860895
39816204 85331151
22193598 29147535
31950320 51235139
64502175 64554377
99420815 99633895
52162683 60048808
31859677 31872317
20175777 43308489
73534654 76795042
42444678 46021211
717175 82694194
82155308 82893744
46869403 50823659
90579474 93499880
81352839 96482736
7155747 47829272
47477369 95834583
37317471 89833183
63536808 86435925
68531751 81874803
51148902 85423014
31179660 80674069
66044329 66300454
49737041 60090638
66308798 78093313
76295101 76641464
42869275 65441850
46200190 93852452
67316466 73004802
61609707 88160361
8746096 75586154
90687348 95662840
50884036 57864157
7674303 77185265
85971714 86511001
87834045 93816326
42289845 55944213
6027756 12039833
10522276 73570274
54586448 98816036
21519716 61825219
54364794 85399664
29242011 31651022
68395484 88081791
58554393 94051803
38922796 58696188
8756227 44487210
77950446 94434976
83344011 99096307
83606491 84460833
74743752 97053824
34666791 94545318
49093104 95069006
54127056 63711918
57018728 73979978
84664331 94091736
29878169 31479330
40985856 54567298
32967116 61357039
5903158 88563320
13530838 19979623
17926243 41048193
12332633 13298349
51284559 74859800
94553114 96531368
9931135 68952337
92242741 96835344
64975081 77669241
28324726 56295911
51982954 97218333
96441744 98387746
68487677 81042481
6886642 10825340
73644756 95668689
90964477 95152201
69309769 70636839
80318194 98951258
93994305 95304807
28323160 53784470
31579839 43994748
86152703 94142941
12960551 74185866
28374774 29509102
63424318 80189177
57031470 81125845
47933228 75399937
57689990 86851745
91267946 91533756
7816019 12133978
12593712 55879356
44553410 54772391
46950436 86241848
68183305 69833670
22307530 56220345
13050079 25722036
1665493 69607911
15692557 80612599
22243755 59553831
19138976 57743211
84844878 94610274
76961712 83654868
28994409 49907937
99293678 99390789
73523692 87847938
92509428 97199742
13948729 67306230
55900813 92190996
16946603 72172930
15196629 97820074
26122707 32842161
92925779 95002130
22417170 42890260
86165444 99433166
75660627 96340707
92231071 98554802
58275697 83682565
2088859 8707020
96752884 96797116
69230649 99672729
46719774 81953500
56713088 79708209
63332372 73510282
50113900 86610413
94840073 97629564
56303854 83707645
27719545 87541386
3244265 94503932
76299359 81998211
44728000 75520041
89632276 95905160
48710225 51388519
10230985 55066891
49044805 61421998
32045745 96708788
94193784 94475996
89258325 97814435
96215807 96215960
24290555 46301827
58945881 61125740
29115031 99234143
50012678 80441743
91841579 94871104
9891823 24634704
27434471 72586689
51492050 52242077
5701524 31101508
86676215 90837359
74166585 77919980
99862889 99906621
28089511 69737859
33467127 78249089
95377960 98887444
92051585 98556791
54676317 54848253
21642496 37221922
35818291 40518377
20302317 49223338
20424714 41470296
49015244 51450912
59635479 77611281
51301956 94652647
21788422 72964934
34118828 76417880
73496065 77395541
95986115 98066392
24942213 50607835
90673567 94288807
98537107 99682862
86551030 89175010
51539647 72304996
71162046 78270754
77352420 85397651
56847376 95494751
7101079 54787491
43072420 82352857
44703787 72874747
5869101 6894551
77701378 79583147
15838158 83008292
38324089 63167075
12189324 76305001
96315761 96523933
89265802 91197381
76812919 95759913
17887712 28221176
31809902 35176728
6260965 81311336
38518168 81764444
62513264 94989431
82077645 90783473
93784481 99087675
60619696 93167861
44100271 83116304
6249622 51703654
8509792 63441422
57374358 67122652
3079259 41419999
98673754 98994726
83361532 94090953
76115196 77442283
83073214 89637370
36458757 50723343
11322185 72134660
63422313 63487956
29141551 48350424
10042875 99844160
43133357 92332157
81494394 81794639
48503191 88160418
35086611 58289765
37162952 82354435
68242247 69966939
63538878 83572753
34868673 95234036
44670637 81239488
11565109 38489985
29778681 67576539
32210455 84861355
97056307 99130434
94717111 97129796
23084729 39032169
38627931 75511247
45601146 66014743
51839654 55125640
7823094 34755754
28676506 36973723
1240921 22682130
22246242 89226395
79058971 98879658
32827516 58498854
66068972 66580314
96329545 99641994
22430435 83146666
76935847 83105620
85281818 98889313
50301428 62827237
267430 12606732
30935988 35101687
45496472 81240485
74057597 91672454
25966898 45666633
49255089 76070150
55707417 83319554
2369425 39354930
57280720 69780435
90931888 92150473
76450707 95075560
15639463 96245203
10695591 51256532
93651508 96403100
94864241 95045321
175181 19798842
2918264 97967018
31788391 62645379
64244415 95585219
11092967 79054458
89918274 92919805
3302963 33310157
72654524 76461774
11389175 80230493
44955783 98880738
59557150 90010595
5368837 68104290
29361613 64848252
34433243 95329486
60784520 76407018
16228447 35955371
95494233 99593636
55738026 97492537
96034527 97709787
29293758 48204576
71198774 81814621
71897138 95394855
10214400 74785233
71227917 96177533
28474001 85406994
84612341 94293296
59939055 77497676
22069241 76408470
96952356 98296186
99068786 99830343
51098622 74405340
46728879 57698638
99500662 99512496
69849876 81602550
84536525 88240143
1064875 48425303
90801090 96662437
19430552 29350218
36741035 83079351
50185736 78040183
80781221 86154448
80945892 98268525
89738927 91695776
95412135 96614559
5278805 44849697
59258814 97209893
9567282 85316379
2110354 14237152
39047656 49853344
35152473 68202051
91236663 94902709
16855148 83521829
60985950 99221174
47756557 88404985
47220782 57839760
59121093 86422282
8980651 82151508
4315134 23787805
65151872 66460758
86485289 90096597
37889585 74985722
59737156 63574904
31802011 71584080
37869120 65123753
78126255 79731305
39882617 80796390
82365524 98191442
34324226 75520470
23190528 91592695
71815985 88924889
93087540 98641841
19590854 32458403
2527045 17106330
63564973 85096085
64259801 94050911
4847688 29484743
22533179 65110302
93397438 98018157
5339393 93247312
67198234 84844348
15691993 34116016
68206128 82668363
94498522 95613478
41579745 97518769
71917173 76360352
71563706 95619024
96779914 99440710
13097593 36528355
9835048 66977821
85879429 89300421
95851788 99483494
99923470 99934173
90105791 97819023
58892419 99937189
34563273 35481086
13126618 50290772
69467268 91900007
34177555 72593545
42853637 98789500
49120917 50404123
42709210 94528727
32067800 62168764
71834917 74690848
48598891 93753846
71737205 92114275
61195337 62717523
65093238 80848898
66847810 92914874
54287213 58611844
61573536 86645166
80195312 90909418
13660893 44306666
22954873 60714201
79619924 83216575
87187612 91665896
77268397 82831387
69575171 93876189
84223140 85948140
81034857 96752813
21734993 91742498
19491034 76355933
10393096 58501229
36760014 73986636
88620343 89689923
33284079 88913746
73713422 78328520
68383874 85776926
55323229 60337802
2458131 28354019
52163352 86342677
70189214 90553512
36474897 50106563
90375912 98787531
16504499 81856076
60817786 76024503
36910614 47196981
27662932 71370974
86404197 93598135
41167500 76728985
79256559 98568040
74909540 78923624
42616232 88768018
23706908 62794576
70141628 98009236
50101147 86964003
75373137 97919069
60613864 79025563
34754552 35452415
88241106 94466587
1003878 98840554
60562565 93005158
64430813 93643109
1548128 17971673
93613503 94357859
22362463 41560984
64241531 88040969
4240384 20228566
54992547 99588529
30137747 64422227
29844548 73389830
51902619 95371371
2049039 32651298
70949181 97777977
48183239 54102295
30436552 85917928
8974449 80607626
83702611 94821016
69419490 86457709
26916970 32335538
30358528 39695637
23307466 31350246
73925520 74739450
6123140 80118251
17716577 97387431
27624494 98141330
92799336 94439133
62422414 87504649
36727191 50194006
4584072 8966738
25650509 78793252
35188212 68167384
72745901 80282023
3734764 92960312
5877161 54628064
3674662 67727101
50927359 51132014
27077504 90865859
35403734 56394188
6630306 79402766
22831457 96266060
11079570 78973692
9312598 59933870
18270976 82362004
75519304 84778192
57476765 99698817
12015388 18509364
62308025 81025648
42021988 95211413
98902210 99845120
78665722 91667981
73623982 95476979
29315985 79064948
4156789 34582911
69619146 96115356
67007770 90338957
60028236 99517315
67263077 89831772
92831981 94062978
48064152 63487629
7142987 26072336
91289742 96385485
71825044 72966763
25325044 31954748
49514327 61030161
48125024 74986258
16931932 53587110
62727111 74907826
35321819 95800569
68482571 99871070
58738556 95676685
76160541 76316998
32414417 48725608
97541037 97782910
94446793 99863951
52465230 96143440
21123818 99133994
17511614 46471434
31088723 73427228
99338310 99542181
87858181 87892894
12164102 51203937
35709775 61464348
56326693 57866555
67398262 71170654
72503583 94738937
85686838 90649197
69215106 84395628
28099394 34557821
42884031 61109320
42188252 67502791
83047410 95983142
39607201 53924119
57467025 87586753
29428236 87362043
48222811 63385969
73773881 73944342
86382674 99098499
25150546 38888287
46256235 59890238
83210366 85680107
97208257 99696734
94118672 97866432
29813921 76767324
97256844 99788485
47106167 54651588
51495358 80939772
67597274 68963191
63566272 80029606
95665119 95686210
5638034 62409452
20876479 58380574
87983824 95431189
98222604 98339801
97965650 99019733
6484737 99836686
90964191 99273628
63394514 78458052
90310549 98980753
42550534 68501995
98447886 99841533
32428456 65082690
48111803 89376862
19400439 32186632
85415131 97951234
15839243 92023130
31663665 80749858
5468574 25603034
55201561 57590006
49399227 85073454
27739809 96715241
64711200 93923776
17071507 90915152
82816637 89546789
80425459 98441184
29366351 62055629
45540189 97770860
56552844 65486023
31280127 93148774
34000744 43666203
15171301 99053847
57011939 94197433
68017235 86280311
55893103 90091762
29186905 63804592
40437267 56944264
66564136 74968170
17580250 78828727
37447214 88367720
80417920 94793399
21482216 80901796
17206975 90617888
74871835 95445935
86210359 96152822
7165598 13628241
95411605 98851279
44701681 77789445
93770312 95864982
64822070 89007594
40323705 88232791
73986081 83939267
8509336 40245462
4943205 29710386
31282055 80964393
32218772 67200340
31225901 51146338
49807651 98493731
14067398 52654754
68174301 75966314
2382958 62073864
4710409 78461027
51890398 71398223
97730306 97955509
35101063 49856311
66372606 93689592
72063715 78148539
16171323 92473241
97893730 99044580
15987638 40629940
41799845 60098039
81018366 88716794
21067048 55631342
4014608 17491232
11242699 61882013
63983040 66471943
46237176 98186734
56207645 62364911
78095044 93736062
96994559 97123263
75083164 75548166
15312646 38379225
17060784 40012260
61337315 73102296
76265990 92588384
31347364 56164505
66747434 68932019
572133 86158564
26465776 34307625
31674745 50935544
84745587 94963163
11964501 50509609
25228416 38873753
36624439 66111487
74776943 99031470
88370872 92480109
52282680 94874249
92293801 94804085
18120804 74276941
97224880 98425271
78931067 92352103
56345180 67711969
34070678 80443813
2279122 72265936
65246611 73706284
44523797 58463838
91990730 95976166
64103930 71756605
50292382 79550391
78484500 85465529
39932586 99888585
45565783 61201588
84656692 97662154
77005688 99715375
23951776 53136676
40142326 49957029
10687206 69388819
46745073 77186420
84448922 99221488
95368483 97340635
98769558 99289336
17017133 85485179
15876643 71322221
36292327 67456234
65930157 74951501
20386801 33705290
69724313 80771682
28032082 79962777
55874417 66496575
64355030 76021920
51563132 85570744
20864794 78868178
30578173 90388439
33381174 42313718
9219204 99771982
88605290 90774161
75438415 82696307
33742991 53869531
9850587 69083736
95844887 99293340
71400624 87647525
66277276 71732239
950549 5173992
5616359 72192716
84459309 87485453
53630648 66729971
49218974 73340281
12321159 39833713
13490215 56372127
27257899 64933917
57358609 96173300
41353518 93788010
52420499 99816830
70207378 71973512
98715933 99023157
97020784 98038654
81229183 83344037
46608730 56615909
76136367 87203721
78332369 94139866
5755666 27674280
84477261 85357826
23839429 81843758
80030101 83739575
70901429 87164728
59197110 96271632
12586897 28702831
4518871 36110701
24266558 40662489
88114214 89192809
71386967 73657669
10295581 71217384
14784159 23618614
42856013 52887906
2607602 90097664
96673139 98877556
33879291 49839175
88902441 91968403
40926087 72870898
16618096 82922905
36143810 59850228
40088942 50484972
38937339 43958449
64208943 78533775
30677170 75609728
74762058 88944630
36443372 54712309
43726222 92708801
11362464 42866915
74254222 97680260
99814616 99888775
37352041 75754825
29902858 83439060
83262588 85824885
69264599 88487472
51163596 57206116
46675787 63682989
66706397 72925469
8702911 84139487
89121899 99878654
20851017 77987036
87910486 90229135
15950873 85059591
19438809 83948930
44367597 68476972
67791463 83222513
96703657 99131028
30463427 32204927
72983509 73549443
59733698 72265229
14491995 29833724
66776180 82943632
831868 30432768
22960439 68736907
50181838 84652644
24746142 97640859
50158697 96984965
36412786 60386588
40112896 68230179
85496600 95128266
1368319 67729661
76255046 77744210
22419555 68182719
44155708 94647002
29457535 48681062
87818134 91647770
90006777 90145942
91075104 96590580
78163285 97236935
23504305 65530607
90614305 97038544
79835498 87288730
30450646 99996768
36306393 53959004
35386208 47699130
52004183 79280750
86010918 95123386
34722505 67667692
96673257 97845934
7781629 58475222
36040748 66464468
10983507 62929002
74122657 77840274
2249998 9500417
82325293 82600093
52004554 90833696
17426072 18678128
74576854 79431594
16170665 33570806
32437682 81485785
59607617 98467458
58703747 98120422
31866569 90538795
98671113 98743395
9109499 70506595
88301499 94276821
82533791 88658748
73959212 98403193
49420398 84880802
22868929 51909811
24004179 72024675
89952712 99119568
29041739 51793337
25098806 88005301
60504687 78672623
35546873 66786546
90618861 96801892
68319680 96025773
47558628 86831110
81697501 87518033
7088392 35476813
83858086 88510142
46038678 74976490
8985018 84990073
35180753 85358102
25227199 94391391
13965585 62830417
43703079 62825111
2543247 18600346
44550272 67024040
67278927 94935121
18500744 55284837
26406122 66065631
34167617 64696663
48448759 81087211
56252970 75986703
36370922 69448335
19000842 80713525
56138359 59237844
9887948 15680333
47001647 81137929
32550334 37842115
2264794 80660638
31752532 59439040
43172121 53968436
37156371 98408321
43911156 83384026
53566296 74790341
58343835 82995087
80852863 90288103
89921924 94546729
72583577 83003972
64527752 97167603
20005885 25032731
50516038 84910390
66244178 88755857
39441724 76074171
48606723 71729323
92376954 98760704
2293612 81766892
26902614 49965388
85460970 95215711
63992847 93372115
51926821 95161813
51626789 65353895
50445543 77223633
80759923 90564211
63017387 99149424
82692741 93810990
39631940 55891378
34628811 56596627
61143531 81684790
47030194 59252052
22705843 34373417
12739998 27435165
15723239 52266172
38131447 75969581
29527163 63903285
84379622 98399797
7096049 33858117
67482080 80021084
421565 35705258
40348551 94560188
33194377 84863035
24430364 76644126
46868132 55326706
93490998 94745413
95965507 97586293
39467278 82798395
6815907 87688535
97895084 98057075
7628698 75489957
15234969 77010264
30049961 54255773
88114321 96544335
51563891 98542129
4505457 67142295
78125997 92496873
79433334 97490971
30032162 61922572
36551132 72007842
11257743 71992630
28046819 53794291
66433773 70673555
8464601 96785365
24880207 52859000
26915043 27908263
8486136 70566932
61697789 67600305
13793269 32883436
65085864 85508927
62944943 94408759
4353266 47927505
74945368 99487691
56739883 70460746
1085095 99894534
14501713 61947227
93339648 95529444
63184365 92912222
77098380 93310208
93645771 99546312
29497880 43663638
34589693 70448101
34471361 58934227
39296582 70342105
88974053 98906874
1629957 52445888
51702054 78442449
66307895 68073289
48576963 96092160
98502272 98724056
58289128 95667852
40115434 83812051
1017064 44192374
26104955 93658554
4623027 39696192
70055071 97880477
32661400 54841230
49005322 61566546
78507934 84853643
13393888 33827815
23012960 77952074
8373060 89783123
20515831 99302429
6342122 21794381
40821765 61215996
9927699 70398707
47785770 88993612
72705928 99612103
34824176 37151248
76204985 84691158
41595428 47597144
83045906 88047141
15213366 31239544
14428649 15473933
94719737 96376173
66364413 98763658
64499153 75178903
56328867 77785858
98980837 99337849
86472705 99025578
25428821 55277192
95212065 96296933
32197823 44749417
95772869 97654768
19313722 19674542
93382254 98258200
40244802 76114220
24262819 89710832
66308826 95288052
62224442 68267533
66394560 99266430
76227926 92334018
29470322 98464928
22859187 78403641
19332662 29283633
90273255 92518014
41165770 46161296
50382384 79528579
78140242 89471010
75292873 93113509
94742205 96189880
56025250 62436872
19685245 52335858
77346621 93445707
84877491 87822885
39132002 64287951
65111772 74634097
23566379 92953882
89875792 98642641
37986183 84118824
69015888 75438090
10733724 70678469
76354878 84496801
62984780 99668708
90448024 92209577
6090677 38871908
49755532 75165388
63490723 73749216
79817821 83560448
66683168 78066538
98979350 99756186
77516877 97461801
98243951 99307269
24345698 56544972
12385477 41256817
469887 24210882
87450875 94625219
50781067 84645528
73519266 96990803
62400440 72432847
41684769 58550070
92794197 95483279
36131845 94723992
18457223 72361285
91941576 98403540
81987275 92361132
26453714 73846762
82937185 83279056
98704707 99281614
34241443 48229064
16818286 64000622
14596135 93085263
92550657 98966721
89421271 99433359
38535472 69005515
12435615 67909610
74978675 80503647
31921212 39063672
45592505 60315527
57764481 90569818
88524817 91858542
75542127 87370936
16007272 26983145
46905448 75956984
78881326 97891241
43434161 63868345
93897530 97439043
25897379 80017631
83583813 98894860
97633579 99606115
97905917 99058354
33828220 53080566
98455346 98970078
12329330 60199268
79698220 92491681
70650890 72492107
73528226 86717475
25690935 31026039
31622794 61875210
86750330 90379474
80553143 89174515
74043242 75315253
63761632 86978380
87370240 91544196
80051097 87985569
63951139 73850917
12994016 81329376
40759216 66924789
5459488 45547159
9381759 62992432
35081787 53845232
83345726 83649964
30326385 40049214
70739302 80284632
15746783 38649819
78419735 95882506
57765404 67299051
49386625 97422502
58999284 95271842
48988244 79312974
7226963 39513939
71152922 73503655
60074383 83535001
21884721 30691775
54808992 70525271
48779625 83444382
9247409 89413627
27886038 58417803
81024730 98344121
89719290 96347118
32687851 41938041
89055147 94853933
5465656 26513822
43260365 56369542
22166051 23408292
62293607 87629550
55347369 70121738
61852563 98960663
19962383 76198046
52499192 55012255
73031524 78004351
59921452 89712904
79182891 89238193
86257881 96052354
42547605 90316468
87750083 96397529
99690506 99709487
78826090 84873918
35648394 37367889
39595306 42681173
49976948 79933046
99080915 99711793
4737867 27229193
56635422 94294931
77847356 90632146
67752284 78308890
64497158 79724697
14259949 69247918
22472826 28234748
63814924 86267986
32684993 98575392
59773207 60938804
13449380 99284543
94086677 97257021
38992231 55206332
73886916 82417787
93868739 94044355
48687523 90332335
36683967 80389548
69185363 93303991
92706901 97490506
91836984 98273120
56150658 63955229
88398429 88477855
9597398 14526116
98552508 99369910
98836344 99561055
82527086 98033366
31415233 94885658
7040308 83248968
70068776 72503802
83745268 88083296
69078017 94977678
92247973 99214005
15578519 76908205
84194026 84926064
85850414 97173777
47541825 50459608
76161004 95568016
60067052 91837347
21521794 91851164
5361281 14439263
65439590 81927859
68809366 86002393
90724219 98064823
97799889 98631029
84325368 84562156
281174 24473789
92491288 97469168
71521906 85689262
44802431 66231775
89463681 90500409
72556689 98408053
5548074 77263112
48450680 71652216
82977012 92482972
93110783 99864188
10152922 57806299
55854358 96329190
45696217 82613766
87544952 91155267
37243301 74396529
95264286 96804418
71663362 72669025
26464302 27373165
57537784 90361005
98089455 98518370
75240590 77792811
14996654 98972822
23902440 82007085
45794803 89111582
14771829 27543347
60588863 67730170
88696171 95409183
71642297 77100699
18021642 51661194
84665899 86872788
98474904 99627597
38564623 98269762
42662320 60618958
95507922 98672456
40615388 45949232
25027514 43670115
85062492 85840141
13328603 72852443
59839017 80504746
89531755 91206159
79848995 94670188
39520951 70749190
31216861 64042824
59388167 82391016
74447634 98965966
75942621 80184426
29596008 51149860
80861724 81909178
31593790 87659205
10968322 36547435
91200497 98190180
53963474 75552727
34806089 43230763
27692370 99954531
37758338 66098345
71239872 72809458
71561933 86417688
41140910 81078242
96136650 96533977
13122378 55942979
40742231 82558050
86283543 86710313
20779596 33775535
5730847 24327005
42204295 47580971
78815234 89741504
73360851 93787457
86479494 91152531
80335533 95269577
71332406 93687349
49910780 79792210
52605995 66092048
32126047 68400616
68382712 99885044
81340290 88333963
27658809 99041023
1125900 23887726
72793311 76670483
5558487 38619245
13118587 56531735
90098441 94149563
66565847 89238202
65388500 97283519
77047079 97988632
45616447 79342732
39362228 85622261
19711048 53600108
54110829 56372804
40642266 58657689
35987714 58331286
77038038 92498418
49234930 79094696
31247438 49077915
39796854 47502952
5869342 26128740
63729857 81672148
20956536 28943197
88273776 94591985
35722912 35739260
17497031 25683723
46221159 58982874
80465908 97327847
55382065 95869135
5170915 91681354
61439737 93482701
56018554 81499522
81931862 95500340
52438273 76033721
70863572 82801599
43397564 75353670
58077878 89607549
8383321 79570570
77365926 90613193
53096934 84657338
52646031 93714527
63396985 92110549
96284080 98232501
19184853 94970534
15556121 92383231
30042602 35076757
34084987 44550440
91032318 93317025
87085262 98965892
7387897 25755885
83172342 95933183
45399705 78646681
38875901 66290395
48934421 67698893
53728076 99778484
48676865 79166116
34194587 65885851
55721679 91026126
28112127 63094137
56159671 68707842
74697395 99250003
23358496 68890946
52428464 72336061
52184479 61321700
87730069 93121645
10569341 69001195
68895177 69935925
25750566 62323722
72671777 96634256
81135278 87640417
67163675 71388610
27686675 57314627
33397130 55782140
31720874 60503510
68673615 73172744
5040365 40916871
81526745 85147286
13059811 93094866
62357876 69536756
85571849 88387545
23123020 50961802
25457207 46761131
65452858 84870552
75309019 98773424
91985089 96490566
17452058 55093384
43254518 82849874
90186038 98772256
48506785 98510765
69125221 83062831
20259163 28801073
2170638 84961110
33923451 67274234
61328322 99688755
9936783 56238789
54710869 90092667
95634624 98746468
53168316 62186037
34566025 45516949
3425350 79155076
19475979 82168357
45035329 65580355
70141981 70238828
54402381 94656590
41797959 98231897
88460411 92804897
50938413 54443467
46213724 47693740
40625750 81193066
74229859 92198900
2358547 96237689
63818643 87554725
83529528 96313408
80024536 92207886
55013285 57271143
80453530 95373084
5988203 72079487
44381114 70502216
86077785 88766306
88656329 96486498
52844842 79924318
14479097 71219633
5605516 42643870
58191943 90010942
92266050 94581521
74960124 93510471
43171527 85773423
44109083 45228790
61634512 99450223
9924128 44105205
5584493 37159055
40420282 56475102
91651051 96234162
17601382 55339957
32143803 81976688
35771980 62975322
33762842 72545209
12174246 37589138
60107289 69893577
18439362 88495973
64109574 82294050
46218106 85833911
3095143 97989368
98676636 99183197
91460695 96555214
3214336 67354600
81252675 91965233
15580389 43436053
67491488 79693594
91317858 96055725
52840823 93832903
75684616 76563748
15986829 52502153
14882634 35193673
43195761 62325060
6141768 37412215
75275001 77640507
90662648 92615983
31160118 60808528
4487675 44696256
3512123 49782776
75092915 95909077
36864110 42468926
61597681 98164249
25621842 96918247
66232036 75452608
98344611 98624463
13876676 92542884
39277778 57833420
44183120 86361033
33155214 50997255
11530400 46018345
45225985 67989000
5578644 95521171
62080508 62687111
44359752 62052041
82125137 90485354
92395426 99636516
99733663 99972140
30632237 32832547
45945385 46516223
36356649 84332804
46528108 74956228
45276165 79549290
37207373 54254167
67652978 99675576
10862994 52724223
97587803 99208154
87147178 97744825
85499239 87307875
68219150 79345997
39052493 74371933
16719084 67853339
71565950 84507127
80424409 83932672
90241539 98191391
14596902 91615906
73967035 82734659
20774638 71586594
77008406 95445651
37687747 72278778
28263738 60245423
96155845 99285413
34897321 91026888
31747807 65971166
90139582 99861250
68869623 75187883
69044987 95414454
83794710 89968416
32641170 44277885
68056940 72567668
95411013 98723167
63740051 69094778
67181522 92852939
67738664 68237502
36484281 55247626
97297421 97701708
75683382 85554372
98291429 98309802
35775818 87720778
8659686 16663760
97541555 98967621
27130253 33142484
70683939 80367718
19560311 93809656
98890431 99714960
50212837 72932593
89620480 94832573
59134867 92385843
41194320 64654409
19905620 90385788
63305054 83091373
84681241 96106900
96552532 99511189
7641885 45087522
39346647 77723893
14518086 76173266
63601820 75413637
74837816 76162857
81000284 93962377
59209629 63952547
21841170 25383947
23026225 54683451
36848980 77129580
32888550 51276883
90827149 98499488
96667411 98782562
37716818 48183346
10980574 68711569
68618727 96184783
70433827 73597521
36207343 42327574
86624748 88471631
61703582 99544767
33686819 38953013
45008153 55692750
83442186 95803002
20987199 52341552
69594372 73669053
54660094 81449204
86139782 90539993
71686024 95624983
21645217 94297389
42496520 45823519
95677082 99592058
61133608 66416626
18991129 54336250
17060760 70819712
36026391 84331547
96605922 99098710
63410777 74024469
39160155 58005790
2402057 87266273
6559654 69602361
7753104 37370007
74132662 81390256
22345652 27891556
3797241 22186712
47924318 48950895
77462291 80184805
75352446 98005322
6630652 26266189
47437754 68229864
92169170 94819129
69770463 75468632
49261408 83778327
11928109 59189040
87269000 92299531
22965808 55139444
74785173 76229813
26145961 94564659
19180396 80475985
4962888 78577474
46227499 92676563
67574903 78981672
32624307 52205099
7154772 12898133
53803368 98720836
7860956 99111548
20852547 52510150
96989363 97336645
37873729 67543028
90917692 99852584
43232888 87447089
75522759 99369546
37997602 41869718
33769843 38641787
97901938 99596185
9449170 15260612
45613032 93919370
75948850 78904389
61670186 68745882
56570995 78879342
78136021 82766742
76495988 77525525
41903222 91196242
54198621 60168153
84075342 97025400
81834361 83843576
26399592 63319406
85682256 97403193
86982810 97491789
13279793 64987506
99648170 99708091
89614594 92318828
88678104 92240376
35799648 70873018
44616055 54720357
41016718 45996936
37164317 44931997
11652667 33796953
18240508 63616333
47743784 70638883
79969523 82668823
26780645 42164955
20739028 38901213
59107558 98304204
97486957 98897702
84876132 95911975
41071772 80038147
9708330 31846575
82128093 97752412
15759123 29115109
51461542 83317081
89279453 93078261
29557525 79992142
66933886 68379567
61207978 70940849
60310558 63086127
21241729 72622633
78837500 79833534
66068354 97596145
7427352 9598968
81044062 90468008
50171225 59477750
88966706 97259576
31611463 69859365
3137392 33925180
64930440 92156688
22069887 58164392
63339733 87724764
35582449 91431878
91525575 93651004
63079461 83127767
70025128 92699897
39388253 97851776
63876053 80484488
19847342 64071576
16188086 50500636
4679543 75121464
37489510 93528748
34922308 85203176
16970416 35162859
16971768 52819896
48181887 50977377
2280864 92176985
24468770 84530411
53743082 99790591
49490444 55591474
44347563 87215873
18541447 53388565
82086282 91292169
33198776 38644565
76862310 91146408
28364317 94836161
99004869 99651803
28521691 66690308
86988489 97687893
18653539 48422281
58693210 83445962
43750612 53419351
54765955 80215318
6660892 84564283
39270267 85911143
14420682 46962585
81495136 94873718
73164805 80919442
13190598 13597931
4301703 4435135
11518868 73017724
58539036 62970739
22626043 66732573
7558474 77180809
19107630 23225766
44012798 60721825
64373411 70121585
97872989 99559695
86501098 90854152
75504745 80242796
34277982 90278583
31542973 43589463
35236129 91983116
99666010 99804839
60832220 86852020
88098143 91094100
38505222 87261376
7686183 88512790
54481643 61416495
19223072 61831277
95216578 99089707
62522441 72216966
59777834 93445333
87584541 88455729
48816830 57496390
74922568 80694594
77757 22172735
37507122 80717398
18944530 30261778
15978241 17091823
91665155 98085673
96611138 98870443
66247178 98226691
29314997 90921183
90238339 93682036
20692835 41185334
13642844 61083948
41057253 65754654
88239601 92942408
87692314 92733055
86711694 95625910
85955192 86420250
70840322 97790122
77515949 92992042
50983690 95823662
52090316 62228074
86436202 94208999
60930264 70107231
41768888 66154044
24788077 70069267
88441341 95000096
88204628 91302771
71986201 90206750
68556919 91108674
29953401 72466547
82354482 91480660
29094008 88341070
33676522 86588376
78048923 91753202
79595688 96904251
74232149 86452497
74772628 96303024
10388642 33589228
75061823 92382034
76063926 81248107
61285068 65283966
45909318 66410400
73671591 84673433
2587136 90556794
32974057 96642251
67055046 73675480
51854835 86732911
61301059 87010461
62309626 87134489
10137957 88159724
10823977 61057445
73740952 95860999
53019588 99330566
86638621 93950685
50844107 87403867
26201938 49439573
84489152 89242302
71818313 72515833
23629313 93525156
11975686 89391308
84342036 93294550
53560425 72401329
44924401 86332087
73681402 83039231
27471174 84820951
23576047 62256961
28393421 44164020
32031775 35809661
60692110 76880803
76597955 77290062
26563157 36713668
68643307 76523240
73952406 97228494
72472550 88104384
57666383 63853250
16920403 93118502
96971597 98784646
74492782 76433818
31312482 56796661
90987745 97446450
49071385 56360995
94169319 96330806
15840194 52029265
14307407 84240437
81088799 97055732
86204564 96128241
99059307 99842372
19886306 84513511
53598267 62228058
52532742 64110826
25687332 86127565
52042631 76463840
51346541 65869371
46869442 94481528
5458766 67231245
21887641 67493879
10774259 96410853
76830756 81092958
69783335 78472414
82631560 97476135
30173624 80615166
36110552 74525954
5278758 63423273
71266157 75166986
81794309 95574408
59037314 64566973
74258112 86823830
32531997 47371029
42633351 67527070
52643813 65017980
67102614 98906529
89081097 99906390
59918898 89172555
89546654 98345712
89172142 96068876
19564594 47558018
1573530 90301473
73939329 77238921
32015596 53734126
95775689 97098044
78797122 78807562
92953802 93714861
25531296 65740227
94427886 99863728
13939774 82751531
41630096 68606494
28410624 51846371
34205078 51314837
85804571 99862012
30412305 67130095
22230500 93866079
33586886 39621112
43840977 67030796
26996846 68137418
18465816 36777354
29707992 55290857
58311697 97173425
82004849 85711255
32467554 42988154
81784910 95111231
71816459 91982265
46505481 58592613
57780860 91396889
22288759 93950768
49950915 97388642
44873970 62232445
9938879 77868592
18840113 33327994
80438531 89458087
96667886 97694667
11543467 65274280
20460233 92108365
22721255 45894158
35264202 78989191
70287107 98666571
70524219 74334102
75174567 94189659
31995084 66036490
86766874 98052689
23622832 32487970
72363310 81463629
16672398 38838352
62131467 74940992
83814007 93819768
91952932 96226140
11944401 97401166
69803495 94891618
56444158 94288913
76748842 77414499
32896919 51607958
83972323 99820739
83894762 95813004
16842926 17959422
66554831 91509034
8321082 44074179
16943512 52849153
47674555 66447061
78868268 85842837
87076082 98219370
17826479 95103264
43501170 56220364
27098950 60572629
78761367 81528641
36931954 69012768
35943113 96745297
50051310 82899810
7826005 89658366
29584258 88045023
50436381 55091600
98777373 99103285
25607998 26733035
97293074 98979373
81971631 83629110
96479461 98105180
2645742 18173279
23146715 67481721
89605322 90059336
17262084 19998968
63852890 85934218
68705981 83253137
8988346 58543084
50528184 81171588
31852350 61973720
52762497 68401285
4257348 94964403
76005055 92761689
72308214 82018840
54945420 91542741
64558515 98927645
70961932 98004365
8082641 64896767
36932718 65999832
84595306 87943590
33943118 44149963
28436650 37984025
12183209 17900597
15738556 64313109
27737412 89440962
34861645 70678129
20127617 28604264
43585094 65396003
79202006 88362702
60400697 83661434
4798417 34957395
3338336 23381711
41877556 55144010
77752431 94001460
3133091 51175223
48291528 65348323
74155500 76484092
88255867 98506648
57854954 67487296
68265126 72035682
68585256 89702572
19666304 84738815
39977422 61160325
92418817 99366466
89967278 98132741
52056505 59225156
63947164 74219210
66622901 77274929
16762044 46940165
50584393 57660551
28977687 80723517
48438028 69207558
63308839 71354023
53750767 83741291
80919061 93456699
81528602 95305031
55272351 58461561
29340305 56548769
31908772 50979018
30152299 94601515
29727903 84808344
67773964 95066426
22197559 30834869
38627292 70386938
13139642 57863204
13954730 58515279
54160889 99230995
68965928 97709873
79882548 80597613
22715250 39564296
33667891 92184151
70560437 99400954
86782495 94078978
6912935 13099381
59220961 71870120
35822706 44606352
74743541 81523395
2284233 75934873
84708977 97190613
61684650 94508842
19212346 65716303
89028460 94027371
97845433 98844227
78273277 78297136
52034206 69698873
96996513 99197454
48714378 82829599
4620467 41934282
45800859 88639370
26502096 70592849
14243935 39932885
3034798 73273194
33212450 96206771
95649091 99521154
96490596 99491589
58624131 69477672
76534098 81094828
75807864 82928454
51905980 72829495
32640749 81700893
11057486 25864787
94571013 94889983
18416127 55701061
87169445 98322255
53011524 59306789
42244660 66345621
92753836 96431853
52393399 97437252
13330541 38481757
94443932 98005624
76911334 97096990
16675519 50224866
11517331 12774496
53310929 77285233
39400518 80854728
94412791 96521752
34878033 87036606
96037018 96513223
86271432 88561560
32277249 39326133
67977442 73321437
72888272 78940895
19993223 73646677
46459249 85973092
53437901 82572348
31162618 80358898
78166149 94591782
80774431 93370770
7431665 50680131
16603975 62393687
69994064 86176466
23400567 80813388
2136595 42962797
32153392 46922869
31139975 49798165
99284574 99622023
62969011 65049373
50064136 73858176
48922863 67653572
22906659 38543982
72008214 74447431
11969912 66594211
30159209 61519540
60112955 68937727
53570326 67536063
40115424 64660278
65727101 93883338
66156636 95262980
61574168 70925137
39621958 95698730
74467480 83196732
34859639 88136756
27239389 32560453
21558731 64222355
21225113 72169867
97107651 97490908
57897202 63915499
62547328 74584375
77912336 99698863
56588241 62872128
49425 57337207
83891831 95258463
55625648 96066848
89123783 95462143
87395709 89395588
83975044 88088030
95654541 96086052
34235065 62253215
65921089 85068707
57695813 80219157
84174736 98975118
54183281 93399759
93028129 97376684
1693978 26453880
86695811 91038287
97866344 98231659
86326672 89170132
65329841 91274961
70102161 98242669
59274767 82521342
10086099 54843553
50404636 68454098
4852341 58179387
13014842 41134959
3045658 44373733
15030317 65309884
98223021 99249869
42581466 57972620
92532903 99815537
6945100 23054719
50194659 62224346
41790926 47817254
95747047 96374336
94748289 96378506
61669928 90962623
50123037 59047562
34039667 58501009
9616993 91465115
24382100 27467004
43401134 64216845
87618056 89185132
5149800 28325691
92993171 96990847
1945354 29402871
14178374 54396061
57863695 72667016
42899475 61971356
80509115 88799480
77334067 84376454
68795651 83252683
72152253 84850255
83132187 92604608
98998144 99409348
5301492 69214119
5659422 32541928
43145170 95515417
79331369 94093510
90702836 94835317
31179143 55698550
37955763 61134979
52371823 88613367
38373069 70155473
43205759 85083017
33582704 71760984
86567581 98715169
18557738 50972596
18450887 53664354
63291643 66678727
5471173 23446164
27074328 27289320
35195055 37527036
30931639 73567333
6963797 7584982
34443435 94629673
10174615 58723643
55515006 65513352
82619225 94040758
40721947 80655043
39897635 72369253
15085453 85574576
80666180 87088095
58554505 92517003
40788915 89516066
17223102 94333472
87143505 98520918
95801737 98572586
18443824 63236496
46285190 85933132
60129019 71151911
46014471 73127228
97593535 98946378
31947409 63243769
78848657 99209937
82258813 87213426
87760627 93800172
54620208 74034248
97689671 99898284
92499991 93077648
46072666 72383595
83843068 96467161
77974865 93458544
84106799 92754972
81587988 88594696
95416872 99579847
60661375 63428326
94108128 95488951
17155938 62237782
39481456 42995489
31410031 53950943
19929673 98141239
85189560 99304785
18498489 32077753
83816622 96264090
26187169 38472381
7481226 36539932
81106318 83999147
30957868 95062847
68140433 79416357
90637921 93239959
80648310 93791846
65103620 92365541
31246194 54995860
48231597 63157532
78976013 92588321
7384536 44003826
40117625 89011589
15293290 71435539
56075386 88027061
78291800 98376030
74977483 97727099
33546485 61903816
53719835 69261683
92384919 95518719
35697445 53550391
69048516 76024506
12635276 56124506
44751575 54021440
29072983 80980553
48150285 54166096
74565984 88771877
11378943 72338946
2872199 38855704
48936871 99982197
38466028 68831284
11686715 56257938
9734542 17871012
3814879 45651356
34643830 59974357
97563919 99630236
72151987 84302594
99923857 99996174
82526133 92147218
50257807 71345170
83084142 90091382
47491384 81811072
33585972 76638913
5597430 88762455
70487362 83576514
9738404 53146232
18829548 38119653
48430331 95330389
16925236 40036655
52876999 98528998
36232665 56859205
20088047 33117016
65889229 86006327
47353911 74620963
41339584 94098133
32744462 43331631
3890130 52766038
27015776 50678001
37164005 87857765
85968729 99473732
81499336 97543517
64456261 70540229
89493808 92237352
48123569 81742377
54732328 67128875
93049342 99997576
98061099 98746684
46663847 68815488
8470026 54576442
82502901 93029438
4031571 35375434
4800630 50385893
5439378 57082397
19146436 62919193
56837558 88427058
28699024 59855392
23991403 40927281
86277761 95247759
97603162 99370315
26114124 76547348
11366914 36800865
56091041 89523599
50085916 89466447
54272375 92930760
89709861 96634072
25360672 55971462
80614505 97610896
75063452 97504481
7139234 58321205
10169965 69807817
22806168 88484672
99875038 99911040
80618590 84499358
40400824 44035397
48131141 93224480
74151589 86681544
28908737 92590206
23776877 32354249
41326227 42413584
33807077 72796136
67244747 73397563
1969627 85905276
39147148 86835924
63809821 77308211
27076097 93625938
38928782 98121035
58091990 75068044
78046123 87027191
28380032 60755064
37485496 48432352
50180413 52001264
18925998 27507564
64264348 89678411
15883847 50867582
49716157 84812613
50327979 58223943
44412083 77141156
23273902 34009513
51576399 84582738
39878415 59474278
43956136 61094485
72361182 74041088
48593279 53423536
8732671 74563679
45006180 75694996
54155050 82080199
94545466 95198539
12664304 88033407
60325451 61847441
62353770 69708387
81140441 83133970
9908344 89666696
51293504 66641555
2772294 12097674
37008119 41701158
53523900 90776975
39481613 45758803
33071569 56285381
51515251 55526137
5315277 60417257
82988189 87822537
85137280 85721029
18600553 63606917
40093019 97426770
75380047 96562917
51274607 68105368
19632093 42121688
50906140 64644845
66152612 74343108
60824048 77638069
92362245 96011329
60303334 81465544
82913398 98165781
26787903 89771176
44410115 81578298
39387944 68432130
26022684 63160853
43185818 93564076
99799194 99839638
71216001 79712497
25129663 42371174
85828821 89355486
49138117 82918477
85884571 96443903
74259422 96565785
2492924 75416305
72007647 93558602
53075346 91840802
64611413 70174723
64952548 93970027
53115794 58237360
68007822 90401616
95194612 97220682
42286677 42681033
2139775 57975431
55687719 70714712
10698297 57744408
38997815 89696356
48691472 54255340
11843782 65275412
96200313 96822674
34788549 97509806
18511282 20966030
38852564 58629949
58631340 59148798
79690799 89267487
61184644 96667028
36293856 82886350
45890509 94728217
81335104 86957378
95677022 99110604
67889903 74305162
52178672 65345682
90288295 94725299
30972899 66187969
64904300 92380419
81670120 83796402
11911816 55345171
87049807 89043666
70715580 85024331
51053204 88166938
8617950 82220663
80992286 84689406
21167030 90108195
75059699 81596655
26619469 27846816
95958643 96068360
20548058 37913928
80056498 96380661
87686971 98879792
5111622 22451644
35199666 83113056
33057761 46837255
12448640 87331204
1597948 31529892
55905824 85009650
72618355 85083865
51803652 63429883
29455344 48119469
62450942 91734948
29391680 74741541
68791963 89662730
51575400 86372836
33603440 95935838
82041218 83685565
82877151 89608803
17750051 82245318
87241311 93452985
15771046 91456049
89962429 90459213
97798574 99574086
20147220 66583915
35968104 84179774
96715138 98221917
53453103 86604269
22859414 33893109
71111401 79423427
75022044 87426716
20518295 63376815
99691647 99919954
45466268 57953003
26550366 63793723
9029417 88922196
32954820 53575529
14129416 16971896
7060677 75104960
3460553 76605634
74413452 96386216
1211962 47548343
92455643 98809736
60455860 68431461
42509320 60020818
29193766 43387193
27322278 64625841
56943126 93972605
60315670 66724210
39128899 78881547
84945489 89802748
18241676 41661977
68296841 97852932
88822314 91634541
31026610 42885203
91715297 92645683
11308583 84603895
95078876 99209937
42969536 60232382
12131434 71313024
14404625 45098406
10313462 54150039
9313179 81673070
6997689 48486460
89022091 92324613
60873721 89484655
5681443 12960778
90746232 94067540
96050591 97855488
60081310 87570593
9441998 41262367
55712877 63405483
13969454 99284625
13589957 73368526
79283199 80220185
26307005 87380254
18795841 31403037
5920855 15228063
98710918 99384336
39938788 67059139
20585303 42709365
88899776 95373567
16788208 43050608
54472993 66075026
95795501 99009893
45782909 49683029
99915376 99978702
34702581 58072334
9000769 42384194
75017418 84959118
30665774 85774568
86807835 94092912
19432508 89890840
68629566 76680314
93910392 99192011
71215829 73249328
21598591 84102404
64938317 89931302
81747895 97921772
17307330 19076435
94211372 97956652
11722536 59777394
84761356 96285265
86623362 92322886
70806595 95461952
60418980 71856629
89794304 90876222
1958105 71152161
12929353 51055246
11953906 32790434
25385405 48554473
504265 65376830
28014888 86376571
49259996 65454123
16124278 81599608
87771846 93566117
30168016 38094959
19048677 72307805
45957621 93470709
39946855 83882528
74224879 81678344
65706774 70878934
5411900 10200355
29030596 60922347
30777556 70012965
26078028 57505729
49224259 83970393
33607164 71980969
85227563 93111262
30088595 99383910
9972161 72315006
11865821 17739481
19190120 77332250
58482573 94710683
17512735 27945373
23387051 56381741
49978987 56699851
76526489 96244302
14025348 38810260
77751759 89134584
6784163 10680989
97109349 98972627
9357280 96865546
15606756 54170821
80097323 96867250
27398740 57908296
40045004 55149667
67361627 98190325
91269829 99512329
16644090 84782271
59514002 70784530
4811663 94969312
22152641 24517671
33864297 90726793
12354277 94875095
6472687 20855309
90956539 93628277
52782346 53943244
17113483 68569789
7342816 84304961
10811784 91199329
70552398 85022695
4714026 89190949
11103373 86941811
19355367 98438018
53492921 99719553
98342202 99369399
6599434 44237763
15929132 20053305
29957995 66634299
68376513 99490022
90541300 98443722
16726078 35125277
88823145 95347609
3971722 69139808
3267405 73456335
54452648 88493925
51677515 79993336
94635909 96808744
70028046 82198264
18600316 26966438
9815010 16796085
82100354 98665088
56493945 76068373
18872035 67195034
15449960 74690860
58550821 93219502
63527256 77617104
35364382 42918074
82214036 83596033
11710213 25231295
52747 63247375
62477824 69967683
16180691 26948634
29320336 72204860
34064741 34529389
49594523 85399628
77317660 78930639
12531221 33472522
50439196 57423494
90269758 91433681
67163166 86017060
45422132 64852672
62574861 77646994
85653178 91507410
5336042 10615368
91211151 95490761
85449560 89136638
73782983 79875637
68405860 82037641
912202 12164126
93935713 94739610
37091692 88791610
42856619 65560425
62168449 95824726
1493382 71461062
23056503 27719830
79133548 94971101
45294236 66020878
48758167 57732726
40949406 61336946
268364 81448122
98758414 99950650
51833495 69627337
25881251 93118364
45310354 67229416
37479394 87690584
17917520 97623442
85216435 94966609
55230077 90132042
95732169 98147497
6793329 99197952
3330842 42430243
4984444 72963401
7896891 21110510
57008533 68079336
26046020 87775523
23901957 51791615
36323821 55489639
31144500 38883265
85164096 85717672
44528424 89545455
21641782 93838486
35809786 63055390
1993920 19489331
48868723 87142612
96561999 98608679
87238584 93763430
10236364 42379368
41982892 98450151
14285359 74180143
15517516 98329783
4813462 47641386
68012504 89742365
12673742 17390126
36997070 41552181
21759430 49750328
90376545 97432169
7609598 33949540
45796382 92245383
16516628 44371608
21175681 37646093
12583794 13004835
94521712 96030215
48570379 64228649
91822828 99241693
96951915 97530817
30474964 77279364
83548453 91426397
76910779 81153548
86287422 91277705
54487856 96446170
41432038 75215893
93400455 97650739
33368612 80588557
33082934 39408453
95329399 97803180
11529224 35964288
48828381 95375731
14175715 69788250
56860828 73471334
72968779 90132985
81488544 96639457
25894293 98623884
17801435 84027496
73631953 92984055
32941767 63197538
96478594 97628518
48669371 72332870
85261164 90069134
32142204 87260611
49469322 92847397
87941443 89409163
26938921 92756781
26846775 99793760
75687428 76892707
44737156 65267633
11027754 59777530
40409849 74763039
47235883 77584045
82969646 99762518
97862720 98531758
72494052 81553383
74396237 83476990
49557632 82866286
25314321 78768932
15497244 62223646
36211514 93601493
17168611 98760826
61951021 99410290
36461312 82731021
7704411 87267735
27644324 74582757
30558094 55313552
48182143 58582077
93445679 97232298
23220400 68429819
96941510 96972031
42472016 65419028
3322948 73753052
6575203 36628438
55776565 60585211
83041788 96733076
19478638 83851243
50443213 83976300
25097985 27087705
79786774 83921480
17640332 71015521
36174745 83400703
66382441 98215062
38623372 64609230
66804124 72552456
32582422 55794752
10608214 21987494
22375451 77686598
84143859 87213097
30902206 73280423
94616773 97388465
6079563 7537258
70766650 95812330
67321768 84685964
85577707 89605130
95753168 99571673
93952145 98181576
43734822 57853016
8960183 72102913
17195613 62701689
59224700 82529286
53176316 79242818
8835162 47682872
69973133 84206239
48378836 93851556
35926182 48139409
95318957 95406959
54788442 64010494
53111165 70297363
97429174 99500881
58288697 74963243
93002814 97058801
85794162 86723789
5956460 36953943
26952301 77403378
29591707 67125941
48016091 54426359
21778977 44689296
4667968 57680197
84894908 95597437
5018567 56358605
74414951 81709950
79540568 81301920
54675471 58131482
79150850 87392973
87793814 99020558
53914396 85953311
31876230 81789495
8412516 15409331
33873872 97404788
55997598 81170201
33839485 40016036
26455629 76597064
86502444 92602457
2191385 15501955
90183884 93432624
74382084 89489141
10219972 99833361
12330541 57556010
65917984 75015385
12160843 88583455
70529354 89658011
35230547 40821463
53806865 91107303
54692412 64002274
76174776 95784721
63866063 88987793
46875275 49817036
13877967 30853960
92094826 96340297
52728114 70584712
27039969 56186536
1235606 70351782
1077277 40453962
27535930 71302036
21074343 31120388
7371055 27586986
40939598 83171800
33415388 56773061
93571783 93662984
59156191 63912620
52993795 91124236
70225145 77769535
59801774 87724798
28265317 92780110
80253073 90962177
98996471 99979626
63462575 67474845
64016639 86441088
91839996 93591272
70553726 93325785
10065943 86573543
50247016 73327004
27536760 54645053
51480894 95088525
16046728 47920045
1742408 36528014
42880514 75459875
86877233 91209787
40072403 61640576
61676446 88661760
35833534 73689842
86421914 87108953
40416845 99970044
3465604 84979141
3443480 49071444
50799651 94862486
91349639 94956874
77271874 86201269
36418468 61102884
70418186 93918033
62254889 92896339
52156505 52443130
44567666 48918562
26907641 86877846
80077683 96799773
64777944 88995768
618208 52802577
91971454 98642817
92204946 96441223
33552762 40289942
4280114 56168458
56320639 90777223
28117500 51181212
16384109 56442700
75090148 79487649
52561913 59246612
12810001 45983668
62571609 99979186
18107598 19341969
53789924 95581623
97193465 98244006
36992510 84476656
84205093 87931264
62744353 90161841
81570305 84665155
23563925 91982889
72121747 80268563
8610436 15751982
66661388 85869115
82198004 91131214
31009942 43443411
82508468 96210215
27977368 78794130
84768431 91458690
15131178 26873907
72618465 99778769
46588585 86891548
75297060 92224432
68110756 86677760
27472966 84619357
85174410 88152089
36665057 67320807
62665803 68371948
47898278 95597624
67331853 99038546
39213013 39782618
51416415 74954824
88625119 88843137
55888453 84972660
17578439 93455943
88354475 94532571
98542069 98692699
95043834 96488260
6022921 65412480
20496818 78549728
83286941 94403576
13773434 75453509
59238986 59748818
66079418 96967140
21957951 44995446
24669712 65505688
76693580 78661020
47857252 87356996
7494486 64693816
77744365 94023230
75937596 91079284
70608723 80960728
75129286 94494251
41147058 84396194
98078024 98353076
41464492 49990853
76910518 83321446
4486829 71148697
6147691 35415125
9919194 26931350
59752552 78110825
7438422 29405139
32651566 44551151
22784848 94871876
80938727 84627251
23517665 55524268
19835570 44773532
16803733 27150091
76024826 80374293
5351465 50987678
13648264 24560850
19135634 62218837
19841147 45694212
38992371 53491597
42251367 49282699
89273387 91403853
8800332 45603120
46873544 56828058
61596405 87022755
53740904 76429496
35994587 42160636
14699262 82679831
89845900 99367414
16627818 19119822
54469102 97922107
46640283 93064510
13330370 56595183
27825716 30848104
85353404 96095177
37246270 81688259
83357734 91350535
25762228 65437817
41105166 52350298
94939561 95930285
47057346 92562042
31133683 49525579
615404 23877953
34623462 89590905
35270120 54250392
95956295 96316931
7998223 19525841
73334124 81397181
24414182 48103248
24454670 51086613
77025491 77347158
48876268 71969226
79353945 95667756
18027578 57236774
23258180 98948735
86991237 92038579
17141880 74813453
3881065 90128096
67759739 75502582
23650870 45426301
13501892 68121106
59716978 81784973
20648148 54787950
95870648 99306052
2077790 5891780
75878382 93333539
4038530 60563041
69546979 74905366
55580866 57138266
54242793 77772626
64485763 84183058
77628025 99020217
39221818 79690170
75707051 85946276
19890975 63188445
21407 44294835
89096692 91612250
78040886 80469286
29908509 80819045
63334337 86973298
35027906 83231578
86072253 90293615
76419490 87634980
15721184 42435946
98231913 99608173
75042931 85299920
5171689 86448715
22302146 52497048
7609008 67824817
1492667 70855432
63071560 95637866
80342987 92040394
61068367 96693790
8689408 60553074
56752278 63510758
87139736 88191613
20212621 93560093
37596230 77416602
49405377 59766618
54897531 66628923
23203716 91655280
77634913 83807218
60093249 93239247
55136711 78576379
16944339 92262796
56761340 60203923
45430597 90126017
43165781 80808417
58644192 58775342
96021374 97489262
7193389 56095346
78328878 99895148
76857694 78714779
8581481 37648618
81280609 90037176
77191836 85814991
61638092 75252805
98593002 99767474
65654885 94847663
57561398 80765891
16796352 76051184
50113094 91153016
89934714 91332886
1243481 63310281
39938353 60093769
25985421 52369810
68337942 92115729
81754760 83906290
95572230 99543226
28129152 70836103
99735848 99978802
35939701 70280436
53625686 57192132
36261139 36630818
45376804 47633009
65511476 77959935
61276946 78153832
75382759 99579943
61939483 95097418
13190293 67569383
44830614 89876129
63394199 83541788
11498415 67231153
98636783 99860963
68572440 95091085
61374064 90668969
361506 10269795
28192396 74347194
92651867 95994815
85886793 99989705
94911092 96712411
6579170 99730972
46913026 92216082
83855386 84307825
94941677 99985121
35878034 88610226
47224979 92629337
25272659 85696832
91689287 95442246
66705254 95085914
15569842 53194133
64745050 81002482
78071888 83884069
8179449 66686652
73289879 74700566
94107799 99926241
21094249 37276487
41639060 47681696
42235954 68617866
51985008 94074914
3125211 80640901
34080645 78575266
37942989 56154291
53659937 95872652
13908943 60677179
157548 14714611
51512210 95914327
63708025 94046644
76364179 90160288
59403924 66952233
96379565 99908147
12474950 99649376
86002382 94943892
54572203 97249820
40958538 73848086
39442204 91722626
69226279 76843757
79080604 98730122
95878681 97827875
86299402 95944053
79430208 91811634
45375593 95302049
9567482 15008708
9458418 59678273
47362230 80327181
41621652 52895719
33191141 44801326
28078341 45552622
9360555 67065260
88759518 99565160
9067623 90998224
85529356 94564166
37747236 77642822
70507691 94257319
33503922 70643575
28611493 89171135
83402499 87997219
19262536 73110510
47930138 76305914
89522330 97063938
72931177 79524037
56184016 88403120
40186373 61873618
97487422 97632395
54674075 93768415
5841436 68366181
60687919 95857701
30993235 90858846
12443747 98137730
55933876 92485375
59197938 93103506
34628922 45942337
83549780 85679462
39730018 80048073
21027625 79518265
64596406 74431734
99144939 99785664
83464389 84968034
67015075 76115384
65013003 78107918
76393839 77618850
89652430 98246010
75760895 98947020
4277337 38090281
93915251 99503193
95842308 99291345
10348617 23168373
58468857 97387875
56115441 96475650
50620126 56565835
7971984 18211434
24860236 29207024
31672739 40454997
23546786 57091360
3737755 31930456
49641592 76095565
71013684 75947963
16888443 42843301
21746463 94637010
22245605 52957305
50649122 84650996
47457730 53832958
31424400 58314431
81490209 89528919
19837467 21786916
22007673 47140603
29901505 78551275
27908068 68474891
76237583 98107253
45767651 97358559
16428680 75612484
24278768 53679671
4775477 30563021
30873813 85540056
95667589 96859038
13906788 65164964
58544261 67906133
85150906 96003028
93014257 94934462
23165630 58552416
84717092 85925769
99705672 99893966
51718549 75652517
28643889 83900541
33336885 88602895
64428413 99949865
48123017 75671207
84444415 99909720
80864742 99704497
19969895 39490380
24764484 25530458
72127379 85832188
47166418 84640753
25515078 56736415
46692455 56597492
7634481 70626709
14190908 50799161
7467201 72516116
93640982 95083370
61524266 93081231
20415679 88903841
59153188 94817624
22737463 32079353
95099581 97395909
98152835 99647068
16521302 42291972
2128653 24560799
81510648 86242116
66930780 94406135
73350998 87023674
84414522 86130733
90815834 92221472
74109921 83386790
16099163 69760979
81929364 85109230
13645040 59548550
49272322 74991355
82400474 89618174
16222143 55794400
24062866 81755471
73106541 95801581
939162 13454868
12790089 43525715
57337409 72719501
64466393 90530657
36331836 36574633
56929444 86767910
49329203 60088813
46542038 94047364
43813125 71860609
35956568 79042593
82179393 99943641
10040984 94178273
91076169 95241139
57894297 71167609
92357256 97983412
14364764 53397475
95120825 95649624
62600865 95051814
63905176 80635211
44302489 61438231
27561149 46274782
92988767 96338514
84130232 88700105
31664351 43425017
6117602 40977448
23953142 55632877
85263309 95875367
29308886 74983239
19565556 54834617
94556046 95395958
50407542 86731320
60884221 74769473
65851940 84452047
4437641 83274137
23567643 31714113
22851935 71583988
25070910 65369482
67661150 93903659
67113650 88134592
55991451 82754605
26607536 73009220
75178646 84496228
41838618 90865519
35597155 73326491
10334681 43677838
51019667 97841736
17614522 52562876
23558067 58877895
57343313 68584774
23250594 49177944
41850721 42311666
61868689 74953566
19322732 23995592
92471946 95348710
17046122 91602466
66848394 67792300
42485048 98784146
23327112 27256260
15752183 52042490
59544072 88566481
34254157 80704507
47760533 49570920
49560815 55504974
36134544 67244891
14813283 59714869
33531314 45415463
6401546 43456387
33164939 70876965
2703780 74682969
29284324 43898172
17241712 48825770
75190244 76947606
73886808 99516557
28538278 65388058
31074493 39134217
2907568 82824171
5206613 15968387
91517900 98415751
68865513 68920401
44380223 71403085
69833252 84805514
59231175 75536597
52980023 75118049
42280059 74092376
13075996 89898938
25480212 50563471
39466803 46699988
50532951 88812173
60992752 92879446
17699612 28729143
11674875 79691640
4009447 64564865
6747231 28366205
35110606 38552629
12140370 43833296
40623736 64273302
17453161 65229994
69357316 95395558
98095966 99875972
36286830 47934712
86932295 96434700
82455127 85960084
30172940 54521053
2608062 3378788
52233933 94403518
15088776 54812871
26529734 94756747
78193181 80000748
38562071 84497819
1066162 44848431
61050905 82269428
56455101 93207972
24377807 54569548
55658651 60997406
48775685 82414720
31830915 99955194
57683682 64914595
67675313 67805730
70451711 85745577
40426023 81055919
44818812 45100104
64599164 80118674
20447455 93694031
91833613 92249622
78703045 82817685
44108223 52825744
51948567 65180235
10392178 34545183
48858941 63057334
61918843 84810251
81808370 85780913
88528883 93028563
82681732 83397437
70992589 82287340
47099663 59642062
25402717 85442027
32294799 98786249
88038519 88380034
40825316 89325529
24478582 25934042
15870411 62348690
83749059 95682266
77495810 88153946
28910279 63789296
52771336 91442344
69239642 99996310
80909602 96089626
71096558 77389244
22428947 98555896
8324271 83344281
47917261 76076240
37906685 54229236
26782342 85245874
39199998 63825168
23333282 48948464
75359946 99975853
96774511 99533793
73299087 74852128
11366696 28331807
99684070 99824969
39400984 53619895
66713237 81809763
64614647 90196313
11901063 94451106
85454639 88982212
3622228 19512079
31851781 80326660
42816012 99516460
70623284 83959514
7840718 20435938
64715350 91696551
14217071 14538561
34621136 62343300
75987671 92033807
58709588 59311175
79876913 90923607
49018360 93450429
59430051 86262823
5700704 69284273
61185080 90555179
83558075 92379681
6357447 61286694
9012076 38325241
84096058 92972604
56318061 89347670
79544262 96372310
94125568 97565079
10592466 43545024
91288004 94045333
80976063 94011220
57017314 68972631
44599413 67236214
12524206 28315364
81706469 86693892
50275783 82029215
65362946 66242259
36235063 91863738
37960977 75335293
67404863 98388227
5224594 58748966
7800978 91877116
67901820 87277439
85054371 88110267
49891372 98817412
19830060 37000581
29691013 93735580
59797607 74548423
12363734 78626454
95044201 99892458
91006134 92454440
52244181 73742624
45832487 55281993
92124125 98324060
96166934 99243952
42570381 43386812
74927674 92867405
5802227 8008309
64099226 67225243
19314986 59276677
77451550 97802584
79196878 99089678
72126711 76707950
82635367 92455835
20059847 29103336
9588842 74365181
59455505 96054047
6878563 93864661
70111156 74027954
91872568 94655856
35776612 81834231
58977077 94450420
64122372 91312092
64105796 85631933
85249554 94003576
73069375 86806500
33917075 62940642
92823494 99286074
77039357 78829286
8335784 49719948
16184233 78183221
64932093 98427789
48629335 86541016
26337001 98247417
33193821 35769454
96701193 98235277
2305329 83265183
7353459 60697123
84063513 90688228
55805638 61501467
294942 60484349
58265547 83831004
41464253 83907341
81292299 85507312
40350605 94146584
96940787 98754392
25117756 26144054
97655226 98694029
97851230 98929619
69859562 78247256
40500184 92425076
63012620 66437075
54660837 73542213
74043281 87417478
81117014 89782367
84495004 97862167
72698157 97877357
94959810 98456481
29058838 66277090
49053510 50963936
12928031 65819925
56525907 93528507
58367897 78302590
27547790 56274416
80159395 83639475
81485025 96255117
25261935 29102892
55645130 99952321
30922545 65770036
39404225 76966530
79348921 84578917
48716406 71649253
65299332 92662971
69604326 85165023
5830805 94837643
68581766 71339744
19976508 84244380
47555713 55429971
42177524 85738636
81244086 97935624
83001300 98601371
90983932 92840733
79650246 92821395
47464363 79948714
48287074 77593231
25913992 83206741
98499307 99000051
59182407 81650654
41785945 99005430
81455303 98266731
6808952 67794472
94617802 99754603
53044800 79816222
42558693 70576028
87718788 92344005
77622808 86759825
71885086 80774389
87703267 92945908
90983069 97214308
33868486 99890882
15763089 18661733
34346214 92907386
15699946 23389911
31798037 99077174
56635390 58156368
94812955 97779794
27497446 29449934
23241287 27826133
43300545 49157152
19261973 39161579
48166074 73937037
35128961 94708671
45709330 71031273
903329 73663794
21656923 58288814
74431491 93867588
89945901 98501884
67317657 88669509
6465688 21275699
44154047 91771921
70091291 84098776
96385254 98284548
45187379 60551185
45520044 51226058
4123879 91649522
32698853 58898677
37834309 56309283
44743008 64283837
59309335 97823463
87817275 95298812
33470901 90688642
58029386 67232560
83587975 85656809
57236395 57571500
40557865 65025345
80895076 94316601
84319306 95866385
77306909 87968562
17425329 74091742
48183891 91102980
9674009 80295476
89047032 90806200
53739748 94803921
85157426 94854196
71630129 72757127
93477731 98671550
49256106 81459923
60391526 79520465
24736391 90715079
15999829 86915735
56783065 77526835
84807352 96169209
55138099 83800480
41226566 53727283
70581757 78802549
73694034 93104791
80893269 91382837
28503533 59310895
70358349 84995104
39549324 40114467
76798512 87801891
96490172 97970610
96540379 98215623
15343667 58933715
57708488 80961574
72596393 98942575
26993749 41641124
65975058 74874540
96194538 98638759
67922503 78885346
25082330 84601080
3727508 72124902
95136151 96402310
85970116 97287732
48914568 79968302
12053763 89565378
80475757 97724389
74556992 80968646
13838135 65270825
94408312 95207864
19643952 59501615
9473242 83849021
79268265 85129816
18649942 47112448
90297433 90317016
92145468 96370567
44007067 66360061
43866651 55482391
14304097 86951315
49895246 51407341
86195501 86790184
52726285 85601737
66516645 90926011
44655546 87184164
84266478 98814966
38707593 42444531
45800731 98792912
70070292 80803603
23624961 43195400
9812366 71127755
91976322 93754246
38117478 41995573
90194392 98546076
18741970 26743047
70718622 82849128
11824036 63534581
35013120 69435259
93119715 98974668
26462092 37035693
86262315 91805669
85721600 95632826
27560609 67931322
1469049 9977615
80277541 86063538
80482753 90346215
90823403 97703476
49567357 88114298
52244321 54539880
27829187 89932905
11569958 95150888
19719345 99370219
14319608 50193980
86048007 99831880
46268338 95419965
24429811 36528542
43668240 47075420
7514079 11455638
59126944 72344415
28476714 98794238
6796616 43505280
69902443 80775530
89074362 97861027
21386377 65722241
89587207 99414644
70290467 87129405
87728309 94695339
40424443 73312789
57707916 61144236
80280468 95730610
77217694 86955646
92557263 93284042
91962864 93248511
32517054 96527017
87747510 87836067
35879456 74634356
61233868 63219524
64523645 86159933
16650263 51727844
40630640 48135160
14717138 20892099
43416944 95578836
98377907 99735083
59111858 70700357
23885510 88809531
91100519 94968210
93868642 96757002
26811352 35175088
99902498 99910922
71963705 88027605
26161325 72683273
44255770 54237654
76637307 82573648
38552055 49437455
45243623 66336683
39115070 59381769
40525328 67310796
37999959 43436392
16828220 18221525
71062849 77327709
65467059 81950320
6273242 36394552
82366512 87682638
3241824 69318722
82913621 95565306
33710347 66841499
75203714 94714473
76612578 79630519
21428997 87216996
45825972 67853896
21423136 91539352
36517024 79965897
78918681 89495657
93518984 93700727
28901719 35981036
92086986 95175957
83013545 92232101
15256878 66279953
21806205 67413705
76934690 92260873
46149214 76458020
62479321 86310607
93587133 97201029
71909555 99306162
54648229 92558026
51530240 61272992
96857647 98716046
40993147 95671944
38974701 72082669
87104636 90273272
93716593 99313043
55155110 88025398
52296354 54289571
11915886 27471449
47960770 60528953
2946156 11573436
76983329 83008779
11805715 86617149
94354400 96862977
437821 75135549
85093779 92842003
81646105 91313283
67088300 85994933
23639023 67364037
19012073 69239086
37632515 55708360
9560578 54359808
76801412 84881506
15672998 80334893
74097302 81590079
30289481 84616809
61930920 75224117
69795001 83629880
43856389 84946065
15270634 70676291
13435530 81864572
43766939 87714006
64379627 78997799
30757580 43574634
36414317 89482287
11891352 94182656
83376854 90620015
37943231 68431203
34853310 50812735
74803084 97911173
9688577 81164111
18782192 66182616
62046045 70962260
14741849 56120241
81011464 97379719
46394733 80837578
23529537 28682314
55646861 92864830
97742131 98245958
26344841 84720293
92063622 95480554
82162837 92865771
10696416 44861399
89449868 93549337
21821701 67041432
29826324 71394855
1902445 99007916
34768528 35085460
85095875 99524029
44917903 52274627
83997352 87780735
63954244 87709433
27660340 56354008
36052627 65160097
45826165 77724309
15846866 82938379
41267854 45097245
91286267 92723813
42206120 53522675
30385026 78527428
26842445 69268627
76811963 85700506
47701165 99045207
56595374 61603491
95424382 96276614
17495919 32112640
25630699 29527006
26864501 32720293
24413033 31703032
60848418 94934792
95607113 97268250
9693646 69135338
45026053 98429435
72777987 90569618
87518996 94435200
61417322 98666828
88574161 89167966
7776949 56500109
13231457 87726832
83760711 99689718
92292698 99323649
3069600 31671412
62680420 81409944
56270986 84248027
22061929 57194659
24776381 29313938
71712275 76345000
4977858 37871336
45242194 65092970
78037797 85122540
91818464 95110853
98243336 99077995
5452396 95726745
37460916 53440029
78544708 90318105
28340447 64913027
34374067 54037280
61303928 80976104
44854267 60316388
85478815 88803823
34390073 42880329
17102647 92372862
98482951 99265857
52964492 61161737
68226776 74589663
43258889 44884781
85361057 93042932
90753031 91565873
3694738 54980894
98272410 98713833
71792147 94018466
26678615 82581656
55956168 76203963
21014820 78384211
1266025 28505598
60177487 65306563
29058791 64310897
26202285 28384981
95472106 98647096
55038571 61620959
36681169 41512090
10575002 68376915
90671857 95006427
27891794 65212378
70558459 82117058
73932820 99328888
95404439 97213714
10574342 20636302
58745451 70067662
72383273 96355503
29992158 83438386
55810341 90658346
68565420 89942958
15275088 81771691
89180859 93461251
85030093 87550853
59961420 65546726
3897746 64459962
92069261 99582172
95073595 97420456
78794235 93535548
45416628 61305119
40949811 41495942
72315165 84607107
88286591 92983929
32994842 92761549
84974414 89131727
54205342 76172206
51127153 79083298
21180359 81179955
83341787 86845910
64905978 85577249
63609845 82188736
840600 36887545
7688136 51441149
14296919 33562451
83818855 91389341
22085543 23235200
6405137 31351495
67123390 86000921
72413878 73870654
16447492 71028615
78466692 80345873
52477541 82347447
5697838 91183810
59129148 62407567
27460759 93150073
75059580 98961475
35667028 69542289
46013197 93807748
20955884 67303725
63544975 67350663
21641016 22785970
87740327 92032980
45335255 96054249
28833750 65053633
97251469 98638417
16842386 84346607
29872759 96841295
91614751 95825209
95614559 99158352
20159777 97214443
51768274 73824016
55864549 91691412
14439533 60685444
32539321 87985724
52111819 98503941
17807806 57669003
61196756 67737554
1816261 97368248
5957017 91274399
27693368 34791515
12675435 97162585
532334 99569525
68312753 69006721
80648453 83008597
65099006 71101870
52908587 68854906
80435203 85806116
44581531 83562533
29422549 89108534
1980247 94391101
93152877 96185501
67014560 77955049
73569901 81138315
67310660 82746048
62427301 91681464
66272619 87503195
97732108 99039621
40333290 43218338
49655191 79742040
13921548 51286648
86353508 88965400
12139220 30032701
77611003 91943720
95019039 95806077
4625596 69966647
84755197 85520366
92555478 93062847
65398979 89341718
90274081 90806548
15577676 19465827
7195820 11260222
88126245 92823679
89844254 90670136
87139821 90867087
21102243 62704733
27288172 31230925
91601703 94388469
36235617 93880533
14059067 50931581
85462829 91337790
99665002 99869335
29656254 56332867
40815215 74612139
16146505 77614947
53963205 69957730
26347453 30729588
13112365 30906782
67211812 67708285
44642491 65920733
8679851 18473463
72968303 96915425
94871731 95235464
85356271 98682497
1681015 69325828
26656240 82264290
2458229 86068976
40732426 89452768
75273458 86539245
42808581 96901661
5067740 35615631
979657 17081735
99339542 99593493
18645821 93100779
94745115 97781292
78616805 91479753
85336387 88858892
60535436 69502547
41025029 60637501
64386505 72750085
53639471 74243068
17587781 89180374
6925661 70718096
44382427 68123876
18699244 64360740
34073878 81692879
67270485 78724658
81565732 97670079
89815357 90026138
2568120 70920539
40777546 81206983
41649055 43146421
89954092 95752244
60214131 62516494
10404189 99787304
45325769 67766050
5237328 8567032
73439729 98411615
72481352 75405157
2100819 85095868
49232871 94571503
67909395 94222746
57878268 71523882
82942979 97632500
19578989 44811777
43436184 82271720
50929942 54444968
13053749 55669937
27044032 65061196
93534933 96840788
56619292 93062370
5028025 86121843
1377137 37005698
48261055 83688282
68777782 83591145
40511013 51223852
65747963 77286751
6197834 82626952
31901878 87676041
31906641 56867183
82483732 91909867
96118467 99266029
19057748 23868178
18868708 75912545
43896321 47058993
50378734 51888293
90877078 97061717
14308394 24499305
31112769 35387690
5907450 42126738
78875996 91080185
71861118 77548473
26854706 49065731
35929708 71066748
23514868 76014605
98630771 99018199
4875681 90226113
6786614 92618116
10246742 86267407
35780666 72149266
89212501 95423697
19145636 79105515
89941464 99639184
39565695 50299010
60729059 96254888
76981842 90418280
26177955 68423335
39493124 64409387
36198914 46365649
61451036 68461602
20347159 99844789
32963097 96810256
42299501 59683919
41441805 75384907
71019479 92064714
63145253 74717167
94317633 95616843
52959897 90666756
2352385 55715668
33370431 71926820
27257442 38815496
11410585 95858354
43601148 72045696
74276255 99191326
54513158 95907261
44642157 80201325
80161673 90833054
42901297 83130474
84036974 92348731
37590825 91214106
90343925 90381701
17358423 81930322
40022713 59640667
84454402 87523613
64204897 96407352
98562472 98825150
51218956 80894370
80991119 99775351
44851156 88785926
81031452 89103506
25010348 54269291
32491182 69747966
97174686 99654524
11258092 20451324
83585924 97227497
11889474 51256716
19951011 64817382
85395320 95703301
56503571 81642073
96832736 97919130
64814320 68283489
80120724 95861132
69797006 80783923
66179989 71335248
48573688 70639049
60013003 61034385
71851228 89180743
47322880 71759273
87002554 96582219
81899076 90951724
78754382 88381736
71724946 74517009
77681217 99004726
57701419 88155367
8825219 46554825
57747286 72432083
31909845 65042813
63381401 95886366
90207831 97953227
65354812 97458287
14814266 93592099
68479107 77768241
61963585 87625090
82551385 87070148
78303730 83259220
51070389 59623481
80060337 98798430
61922310 84337261
27713058 47479056
47065264 50386457
76636205 89149513
16132896 76318108
79694823 81014889
54169941 78059406
72157979 83047953
39422523 83948220
84741760 96046008
54689161 84274513
21148459 35313781
4850165 70212411
70106940 90031926
75939666 78249419
64857962 92191511
5435455 60606082
52710420 73716259
41625219 63275445
16030371 17891150
46724536 75384690
46394390 92395440
60099209 96579060
58103950 68084507
64894791 86827253
43258467 72809158
52942370 79401920
5723661 35382254
3249603 13325187
19076434 76046981
15687840 70648301
51577553 73852635
25138420 57222113
70769370 86420062
61749427 80226483
8663402 80858172
45624382 46140194
2554840 90269168
9157303 71611128
89668033 94926081
69062218 71775906
28955389 51538216
51823276 80559085
72640719 90005023
33116270 54207469
34095263 45016966
95453581 98507312
11892895 15014120
47344925 80203773
82540429 91460965
83415844 93464564
67707089 95577083
96079203 98488780
72192832 90701821
15912792 82776337
8392668 27231845
76277860 95596334
45657792 48582074
46475826 95594963
51710949 62645601
52559603 73963827
46108782 66807417
73403884 96755389
11357854 39280008
40066467 50559846
27808078 94542127
50464011 51778849
63479768 75165341
49077099 88453595
75376386 94243808
89322982 92743848
81329815 85146026
12509326 80599575
7503602 26359101
29680370 68302233
94792363 97681206
72703885 99155742
92312117 92974884
25813950 88776670
88032226 93652619
64637341 83160330
12504201 82335929
37953560 47806839
7082935 44973442
40719005 59458995
52853007 84142629
15510054 84514533
30934159 33140655
34023844 78958116
3970273 39988293
20929557 99185065
89969934 95528770
48401648 75117735
84100175 94888180
34199519 35809097
8217595 25427582
85028039 88065085
28757261 43833005
41550611 69355032
1718607 77360400
49111634 51721450
69481984 73708730
55033504 93894850
32790049 58320148
5394519 80770685
47075107 62148119
51972269 75222801
34979138 50613872
96251175 96269620
60483120 71434336
27930865 56437293
63593352 87061248
72938773 79469746
79208667 79301559
77819294 81643354
92320007 98274298
37256877 61000918
61849898 91635173
80447577 98913846
83054026 84059628
97346876 98328067
13731111 54425358
42560073 47530122
70143538 77403132
72774208 90470576
30971632 89978434
49282416 60905546
28235770 65162167
23979760 99171569
16240329 94887270
3874987 52454336
44343512 72394787
15387397 26635806
7490041 79641203
1134628 12131951
11118721 63369677
28323386 38433630
21455185 33080646
25782136 61409110
89363876 93092163
26267036 51382625
19713323 70202724
77732832 91178874
87804741 92411119
96679000 98007222
88871723 90080567
82498364 99422234
98575177 99854456
78364741 86169113
92448006 96665345
38965392 50916126
95182701 99934906
11479864 65307669
79076373 91600528
94168435 94371049
30152423 61238211
7186501 35367528
94184189 94966605
90025245 93903722
43832300 89165190
27918663 73261171
55026950 89755166
26139877 95498467
88493456 95343484
71681091 80201008
36132033 91810394
26419964 37785991
9728330 16543972
85759633 96801040
5636744 19855748
12432295 58269153
22673977 24578843
15501440 78657364
41960794 54378511
41766631 77739304
52763487 79434149
6657818 6678080
1895159 10673765
65497348 93645799
94894268 95394692
24416853 60860063
38267893 40648423
57904329 79062974
38341284 49354407
42412140 48972960
10820732 49524358
16467203 73963937
89998972 92701969
49642395 54105921
20146476 97129332
92415189 94729206
84934412 91318875
88560561 94056687
62254881 77072758
40890698 52068076
15518847 52832433
56402713 67554514
10575177 64269305
67825634 74875116
88097210 93334074
89817432 98968100
10059092 97580000
51575251 82013732
77825922 90444268
34466944 81347560
88897329 89018331
95689002 99777359
65386550 83035823
67877912 85291201
8325919 13634529
57027265 96535450
5728962 38371830
83025813 89557204
61292875 95232078
82492024 89046389
51927617 73995607
75923759 95365841
81267023 86258528
97551521 98171327
93583832 95678451
14236648 61253074
80697973 80801816
64530395 96799356
36001273 60765247
22741726 70095807
29308578 98332023
73443598 81935907
16849632 86350889
61974054 71386030
28100777 60127942
92809816 94637549
30455040 59819055
3173122 94193246
81502982 89861657
61631316 88452320
35142545 99062163
86541511 87489629
33686595 53509794
85382852 93254932
82861159 84359744
80914551 94838450
19044945 81432254
4492098 49517429
77587300 98431320
15311976 97568280
96748048 98560573
16610573 84429208
43565850 81555201
87482805 93705825
26150675 51316192
66951803 84302273
16044829 27012765
42757770 45683643
74979424 98255984
41525996 70924777
29150470 76939767
62017897 65208875
63866331 66245557
74850346 84066235
19541938 79131868
39302291 52653392
9836909 66941866
98689667 99966647
28408642 56290610
