1644
51962695 90981472
62301769 66672360
16188278 57388184
29873767 55472667
10487771 40400286
61831932 70378518
46504285 84975060
55015633 61367611
42981610 83735621
46571607 78692446
89705705 99086380
91229314 96537107
28246905 50152052
38912755 87623919
85868155 99878621
23572444 38066353
23069043 51334453
76158076 83855699
97086108 98222567
63992361 65453262
80692877 86005558
11775900 46357774
68523134 99780334
15245915 82211905
84061386 97472241
7487638 61544795
84862769 89832670
49180547 83775037
91578344 99130435
16200992 17575148
55403800 67800751
1647357 20741637
98368838 99854556
25022193 51093697
57519450 76140128
14302339 52100438
36262872 86694174
78265609 94219543
95861275 98454293
58128720 66148162
91918874 95016888
80307590 88266615
54044188 59504240
77654956 86604119
89871121 94509424
77266823 88776175
41522388 62005889
55489259 80172823
9262464 44593883
84937949 99955609
23012129 32764561
48731631 76613281
52269505 84029358
93630014 98146404
19911267 45531458
83860763 92188874
97266647 98305545
25223268 67827142
2219779 63131951
53137195 71266701
60312276 68885023
47465270 99197248
7804395 28877399
18555755 78116823
39926644 83409628
1889881 77601489
53350794 84989032
81540979 99499508
28531198 84710292
44061370 79766651
81085999 97497187
32330320 56358932
53887569 91050630
84147170 91521608
27113456 29060400
97028598 99114480
43998192 94955700
44810649 99213338
2645174 84260056
23943369 83249321
38650667 86789152
89612158 94647232
17860404 93556265
64665122 88932984
84096545 91326446
41629916 61077018
40662081 82948345
5671143 17324860
17516792 42067141
6890205 43460066
15671552 22004248
87376673 89164391
43460038 69488006
80750705 92952535
47212933 68436909
81338624 93198035
69758251 99766040
87161565 96748912
72607143 84482585
89551958 91324347
80712202 87635756
19430151 94631566
91783294 97093076
40021147 45154680
68449082 72067807
20688594 92013448
9933272 98033510
14281167 72406028
65462341 76307199
58555174 74566505
42781302 54934179
90617192 96731927
68486991 85751185
68547516 73208633
67969170 80671642
4854836 5973400
99354255 99838097
64980988 79349010
23177989 23307552
78094933 93371709
99715812 99765016
20783109 35326225
39071845 83452796
92258482 96220271
129448 10953380
13513363 72003262
25973693 85936070
96908359 99306716
78334844 89950490
92690268 95498388
90520633 92521876
45562232 63135075
35001065 55294191
62660961 81047144
33567413 51385707
94156992 95860030
91155487 98427972
29284111 89949464
77763930 93239831
78099386 88263729
66933165 80502930
51789361 56225289
55789225 66154404
77595624 90203105
55827135 69119578
51813782 90094072
4002310 74001419
34009357 43569217
90353137 91074811
31724759 58462684
74246223 95794187
26792086 67532562
3155040 62621139
11391244 28651156
42295690 87719270
98366845 99671245
33041116 51413300
94201353 97193948
74159394 82243094
17604945 90407687
72446976 87675789
94209936 96388469
40459446 69612014
57203179 74196007
2738002 74578256
47599803 53559150
51167416 68390766
14464842 14836313
20799860 32162192
99284229 99731209
58181714 92518709
61946707 88630954
76029837 97407779
51684997 64150754
7533304 14269150
92315381 99019802
30842455 78067436
32055317 43625835
85893831 92482956
44139593 58338428
73776694 80649411
28645786 49208785
98368167 99790124
5303458 69393776
91208590 95999028
4436746 49987588
57871824 79493172
47186318 52242403
20916730 68350206
34601044 49512067
63493359 68480863
42734202 83521467
37017079 72455791
46665347 88479313
55394116 63524566
60907583 98363484
45901314 71894530
20122458 79326175
29519034 37376463
51202048 68770038
49547290 55978576
82397730 89191489
8413594 44007494
97652245 99795531
19472277 62557532
18206572 54895610
12387891 32276339
68765327 92036911
64808336 91752192
77309673 83205259
64036491 71931674
92324203 96531195
2267221 12745332
15489445 97802350
2148942 19194043
43919630 51700859
12633070 67016614
13857700 91155901
18026777 80470397
25320251 95645863
47066537 56849745
31923442 53267614
66005349 67808532
90607264 96598249
41332951 50999524
19844851 71423163
39505730 72051944
90308715 98667966
56145948 91375855
87023248 98435326
82098899 98598783
75194857 79247230
14212675 67018556
74338080 96734429
92614191 94304924
438977 65975279
81919417 94518153
49804545 50610028
76954463 88065809
60666848 98142418
38010484 87637294
58153731 58842769
23138105 37758254
33592093 61816128
94042811 94237218
76318815 79153609
5016191 59112782
30226123 61525932
83370834 93236669
35131389 54463164
26391709 62149452
41547805 47054026
21270060 21798588
28382919 59600901
14681277 52338866
25988615 71761066
92608100 97386687
89655505 95831154
96656455 99476798
77174876 85228280
71772556 89579768
20222895 74030202
65303495 92450765
80157806 90623196
96529228 99460585
89166368 92787187
12589000 16976622
14437660 71230696
64169494 75525868
36731400 64572287
8447188 15253198
18535765 70677343
11928346 24799230
27771746 98986602
7567742 48250073
42891027 92608374
19711822 37837284
23069325 80973890
3890246 90774727
98453555 99912290
53788180 62431319
62416108 73390392
6658576 74771187
3365835 47132759
50924821 67226632
7091793 83328092
83747915 95530068
83918615 84613662
11525382 78515900
5759985 42024047
98182041 99814217
58967215 93777311
79968260 80753057
87796363 97566709
63965058 67834565
68151437 87079969
55355946 61963555
6309179 60067782
32712969 82204003
87077064 98891608
20218336 84028415
74444618 75202277
14075792 90910538
26766452 30889610
39654985 48873034
45899751 58116035
78772181 97643503
61305386 64052089
68307151 94318323
7872397 58291238
15780290 86123062
7530759 57234698
13257978 63087879
75073112 78973356
55464744 97993636
3655082 53704259
88635041 98965687
69295271 96063029
45902474 85006957
13414608 91975046
8478071 8835001
35346729 93012940
33506793 36760230
28392243 50287236
17694936 83000364
88755526 95542944
41561106 80823106
41608037 55641432
54270736 60467585
88026235 97203149
61364465 82272333
78342007 94244159
18263358 92151311
34562030 53080124
38393377 47939740
47884071 71608282
82089397 84835714
27616107 83592057
20918225 65068005
18419684 77841499
57803865 88842787
4935191 77624493
30712565 92328120
8334035 15971839
99334781 99461469
29791680 45039544
77383389 92342319
50871103 64681251
90311854 98744482
69003666 87317289
71419280 99498284
99100076 99856641
7678321 89634786
50210547 97749857
14715337 68033227
7349480 78689731
42386906 88634424
66649456 81377235
73581369 75742985
69389967 84287403
43716049 71838271
72930026 76438190
89163086 90404263
81729981 88705129
23234475 94393199
38662997 49271939
70657089 88149807
83478573 89545788
77468769 79589834
67266951 87894685
4103311 26138893
3840741 65190212
72057630 97240068
88299116 90497271
47108266 70964430
19497878 77886635
53833823 94421499
9811862 49576032
7157490 30950867
54415021 81300185
3112155 67030734
36172126 68441914
52494825 56569286
10034946 32020916
42270135 59699254
55134165 92275784
76831823 77369149
31042538 80165503
96198101 99826942
53195608 68931723
37306280 71802454
59557740 86435184
74105372 79757282
65283267 70253534
58343645 63388205
64457709 92252372
25554773 28587160
63824059 76315226
97404011 97979913
60848139 68364902
77663944 99123862
93046165 93338435
76776995 87965462
24027870 48830167
81436053 97700748
83241250 86750273
43980287 44762782
49861762 86481382
97754160 98254715
9045309 52289673
74744233 92875160
99909603 99992571
1910140 23303082
23508608 65822365
38841418 65184545
77794998 88344486
34717449 46274931
30471924 93374476
17504739 53710690
28734555 33499239
10307768 93465664
97127687 98639805
69273721 83739270
40121674 41297145
87739411 98216812
96616681 97952414
75362041 85227581
74516879 76739261
70357965 78688982
85899316 94425268
31112747 51871770
73965763 80688356
17246938 19559614
9897285 15888863
19556261 26252257
82455844 87776834
99706433 99948096
4270956 67707850
35086423 80898869
75264812 88671568
19144361 84231305
83081643 84665630
65772064 92781476
95454434 96330526
80326734 83197073
1689275 7976050
27933136 67605923
57181391 99247371
17799670 23684525
55821838 90000436
47338077 81076832
9490800 58667187
60770551 61719609
50155700 83156192
90128601 99640620
57802079 81552458
89839031 91300961
9930929 13998582
43961650 67250885
12679986 46153654
70565438 87914491
24383734 54677508
23846106 54500666
41983463 88887876
47848476 93918381
44600831 69873078
82997327 84160466
38341069 84338709
82770900 92588365
26646244 85985774
64586810 69548359
5742966 32521081
96740217 99507842
5442809 7244683
25644443 59271129
19615696 20491255
56645621 76699748
33205438 86291097
20761037 28577694
45964455 59613523
75873891 83288073
9857400 32643787
2726017 36897891
20736483 28463905
78943867 86766099
6057536 60414485
50064761 99201361
67894748 92532564
53516445 72543474
70385802 96851850
64412537 84480270
60088701 67061615
6853551 43857835
21657585 43863763
86331242 96746415
93139874 94411398
72985340 78260710
87902592 92997877
74452825 85827411
24679814 38466906
61907087 89985197
3797968 51224684
50162755 84890347
35253690 55730505
30693713 46923083
21175147 76381347
86204272 94352635
76904501 99492694
5829438 30465692
29748537 85059324
15446888 54273271
42185289 96156041
58138334 74576041
13576593 48697951
48817375 56680996
50291472 55288480
82809067 96031958
49805163 67167882
63254272 99134722
334941 49782500
45579399 88935076
83111844 98600349
70562994 72144139
63781195 80091306
36024942 43883166
30855629 82480614
17312210 82667332
83174258 89884463
66994699 86549108
49226671 92084208
76335738 99231932
66039999 68892528
2894604 54021355
8509879 85765697
97815551 99573206
59528884 67419253
66877266 75270028
8546108 93961055
68907986 92302877
73963833 75752988
27202536 84464084
80634487 87730836
34769582 96883279
26802469 40396452
61124610 85296330
63512441 82653819
37073994 70185442
63112529 74505994
40027099 40410770
77170974 78893763
29508650 71087097
67881140 89286924
36932419 76858464
23409665 69814272
92976779 93244087
90169661 96582832
23450216 53171162
4880836 81634719
15295955 34582271
39944072 49494939
29021816 97471487
58934034 88672890
67831947 99374255
71531915 84636224
2570913 73379561
64673170 72212477
14795733 52440918
61870340 86608680
35901143 91516778
3295763 20775795
90891061 97571130
3795720 26574856
22506190 54498588
73577315 83890812
39636904 42068094
71418381 76109110
28363347 74892141
70610695 91534851
34524136 61125528
29462578 39473490
16847476 24521218
56407022 73171631
91058883 92258260
25412137 85025157
52172440 95141150
28350274 44486251
33179729 58832756
94342641 98388000
36951049 76492675
38604599 40417611
95949420 97665380
7022549 8557194
13986902 49257812
55385949 61821899
57095199 94456344
91471044 96807598
1720123 36178514
60990719 94474862
41500404 87849143
27371067 95083914
36615515 38388341
45068779 50810326
69062670 89607834
7827965 20230090
27192518 63336869
53566684 70117313
99327623 99991372
5703200 75619928
65888314 76544863
15388667 84162429
28501468 70294629
7655379 42729350
45667678 99537555
23240090 98546641
9307814 77738448
87384415 97614726
63210627 70025610
41647850 90532916
46841389 82931229
57485611 76431978
75585954 93501850
39563643 99002551
92878936 98765758
24789957 35011548
95090017 96149709
55331648 65996096
61447126 75268774
19163082 81601656
90523698 92402325
99169016 99627848
8248599 52758056
72177901 75517646
47820288 81904903
94812782 95303517
6307486 60660233
98975718 99340219
8478048 33666330
95459700 95860621
25352477 49745616
25044385 98954957
64795922 66129497
36750333 55841653
6849223 96930184
38024634 73982886
5041914 53714922
13027836 16563900
58252037 96855201
93357506 98668175
7469839 63961326
47885695 99639052
93646304 97862192
298206 54286232
42649065 91423696
29633272 33254959
35401979 78697229
31486810 64087454
32105027 97593762
90329972 91872163
61162859 75557039
19995599 44120337
74870399 85648281
46053383 94197012
44515346 92553495
24151286 28516373
92412467 96479527
20337535 58266130
88200833 93602961
11645851 68411246
60561292 93921188
15909889 67189469
50531764 69141385
61024303 83453315
56308906 99995509
31633776 86216623
61633933 87235324
95672112 99888933
79885144 82986575
98095567 98526662
79560992 86408467
98779225 99113368
90889912 98966511
50468014 86270235
13121308 33542005
37541416 48607790
2588890 50822320
34383309 74627195
31188723 55929835
56579869 96451387
77500429 92140183
38070519 63668024
75825980 98058842
12871229 17175889
59905569 70965248
53131372 73250121
24052099 37857873
58728451 87969930
85193341 99488323
48075875 68024808
91758945 96344342
41311934 75079006
61185229 89436531
88782995 91864113
11724140 82738026
62070341 98422427
7358097 25743999
55275874 75096961
47324365 91772997
88162543 97252254
60413297 66628276
17645635 86838259
41220731 60111097
66330939 98234988
18100347 54267934
48173010 86149467
69161232 96725077
42778220 82067023
89198615 91456892
69546284 95228837
38836569 88457951
25719226 71348854
43342866 99756050
87501167 99373616
2734787 59973372
2517941 79547597
40058318 77215027
39148020 53956344
50084943 79977079
55710606 58723913
32740788 77567438
95374929 98926925
42097255 59945178
22618553 25355308
69431015 96578023
45142234 81447040
9662686 41574597
85760533 94324369
16832217 19028576
4881396 65406357
79937262 90691569
18882853 98723749
5615986 64643099
76968826 90083933
28372977 51445097
44469477 51538776
60819444 85437625
13355069 99067829
74620773 95441739
90529257 97409527
33621785 50060118
63603058 78214229
50196748 61577278
80251112 82079851
1391603 15762602
6195760 35097425
55118509 58388084
23547582 93370496
65021311 90443708
38312530 65476830
93394795 95091106
96320683 99053321
20684149 72139158
43039467 46955427
84549397 97126276
59057439 86745660
34239391 71454144
7449489 54513772
70254528 74867184
41748354 50665613
23423005 31261362
82300514 95514210
11692899 87982041
35953107 63626448
29529269 96495561
42379421 99650132
97973800 99350835
54674437 77092411
48937878 99731877
57659352 91207708
41429575 98654170
90805064 94979496
85626584 95954273
80083250 90132492
52308332 92784040
47611607 95182577
46674594 56988161
17208703 76737900
60153166 94356825
94416787 98865352
21273728 38976603
1700057 80505337
71898283 75537228
58088801 76677552
99622677 99641915
99755264 99761928
62528585 78158149
16515229 50314919
43651673 50841155
35659025 64532904
31661250 58739533
18112811 20047383
84763352 90687908
19383651 98777445
61810939 86727244
1571536 87533714
88377875 97239057
71350786 97371257
86697260 88419888
6654682 37019553
70984973 86439694
37619095 75775082
78457899 99562760
59070518 76976679
85619498 96360259
22991260 99960725
89508499 89854317
28683318 43537042
50042640 65688263
89204135 99577647
74060918 75517836
34097861 42808052
34766208 76661852
56590619 67825514
82065224 88124162
44463362 46299810
63186105 64233226
61564586 99323190
67683400 73504350
82639285 99538455
26574526 49527223
9630098 43256567
29074664 47907763
58122907 65506030
89350404 90952115
58932572 96146142
49162663 52770676
52774063 53998284
98958949 99153304
78829493 84271324
4352233 95997631
56248221 88877878
31938575 52451519
37432340 86819194
94829908 97262767
64419444 95531470
49697512 82929335
7566254 63432505
79228582 91768278
24852855 64497472
23996356 74074710
4189314 11716972
18743198 90231893
57640073 93372757
59261010 75173289
94986033 98825053
1104661 65305748
62099458 94100977
83431608 96781556
47936397 82353748
77497343 98450395
59749509 68948192
33620897 77334317
16235138 65789791
43066071 93361295
76972792 79724655
11394241 54943854
27073193 70332358
389235 79193094
54877059 91840416
85040305 90038072
94116086 95531526
8484608 71188860
93558723 97253785
59766577 59820618
44827748 45969393
2455467 86899453
84028137 91724350
37143248 61712853
3420075 28614060
41790260 49371534
64914143 71975387
10143948 67248008
9217083 11196114
71727798 90010160
87506315 97166694
70556000 92061221
63164659 65876537
58513790 90918193
30729414 58278954
64846239 81882224
57282654 65606925
62612595 69912666
38093884 53540036
28779593 98156812
33071713 37635487
38636245 44327652
22375363 72340765
23858970 71584805
49168461 96476109
45468576 60702534
69853166 73284780
42243301 93836701
73255322 92797002
45560401 85679193
14684317 54847764
17068389 31847238
60671778 82316399
1491057 77541658
31119328 98556478
38293884 80123316
65560046 92520480
64869418 96251461
27117883 74660798
12798547 97414266
58235435 70865691
783273 66647907
60008076 94268881
86211788 92799213
2198165 23827570
52410847 83897946
78569346 86813105
22885302 64278887
9737963 17951992
88894709 90641496
93163355 99376388
31472013 92277576
96523167 99643095
24893883 28710418
42764721 86445319
75851079 93110076
41786426 43644880
56424468 60159465
89504338 93045829
64005904 88741975
45521298 51404959
12521428 32063150
20122518 24410070
37869175 79115726
86880893 97951288
64364027 76596915
3007709 47326535
56046226 57594582
9834980 43541999
19643099 29702228
54587835 84989118
3633571 4448265
323445 85501503
74361914 83078307
95237086 97470216
89411689 98755333
70616486 73339657
48520082 64772698
84710237 87842945
31351115 92462202
86897431 89527599
88458943 91192154
43854348 72984326
36684242 83000636
98350992 99167711
53620104 69262588
47364727 49632606
50820068 61596864
95953889 97064642
22839593 67119659
43074933 93779495
59155133 81440223
37354282 48182780
84024591 86141139
27370731 87850221
48129811 89706936
54656856 71282431
17399101 70749555
58433856 80983447
21889886 88754663
1396886 90337458
22104859 63525962
97250225 99552228
74773714 92591489
68867991 96932534
68749467 78877381
50656943 82463702
44405754 48796823
454439 35052660
39289460 52842941
23775319 51760017
87708517 96407020
11476012 89440083
21634808 58523981
77101110 99122970
61064657 82650967
28982262 72558308
64877923 88602419
77911197 86127350
25795811 36864534
70966088 89539735
99859559 99886747
64910601 94302919
48197934 88569289
22464065 26988083
77425676 82091528
31216269 38400989
8378928 50527144
22678901 97682957
97758126 99910356
79516690 99779575
18348685 43522193
17571397 38447201
32488812 87504547
3455065 69047952
94938054 97254591
9901086 23245439
68492004 87289971
15482765 93941101
46361755 91193058
66390353 84742529
59482562 88028769
28157449 81545458
6175033 97404202
27658163 87675633
56396313 61316705
50219767 72811692
13138130 15367551
34442039 82459807
40964092 95247395
36825947 80260240
46126156 97057831
4179334 96341969
29044335 31544267
60694331 93964194
96088589 99584971
65711752 72926901
64851929 67617172
5305251 23275095
2926032 75815539
85224281 96863317
54064283 66734851
82970746 85042355
97111285 98909418
24271319 83326768
86316700 90579644
35961800 39943148
96276541 96361205
6025956 83714640
9744903 46469645
30977468 70547176
79958188 96167633
22745519 44724218
58379062 86879862
8366509 29917955
62204686 93448919
27674733 98234123
84622634 98018071
9086855 21545938
25577612 44206699
35009724 51126698
56179966 99426833
42148048 84387795
52706943 92832607
2365108 56586294
72984361 80497146
99692929 99985654
97030727 97740277
7367454 62687569
46339562 46486716
13863422 75163701
25069960 45885225
62917582 64578007
55217951 71067663
65680526 94821175
36516561 67927860
83260067 84305411
56053745 56715380
44136219 96544904
24768802 99491311
53765390 86346563
44526821 70706631
19934232 59112090
45383973 70058726
32162564 72005053
60013180 73427861
46629269 72637694
20414479 41450494
70829170 96988030
52568828 95855523
20837027 73647669
36417696 54002396
49549822 98538900
80713956 95974444
47722827 97564862
70491587 79818433
25372084 43333045
33272797 64567224
70298088 80551212
74590612 75951978
22361048 66012635
84398966 91201536
28380450 55378959
22852844 42523368
95081344 98565982
15453666 38610827
58124751 65015335
17108939 98904599
40037174 45202007
72738306 97419661
33253856 61726386
23890768 79785908
38724235 65576031
66122079 78107007
83457357 97264075
73434463 86686237
38905159 72911523
85077557 95321981
74749239 77650960
83226599 83967418
21113462 83899244
49898977 70036861
56276362 95116440
8995409 72950057
35355010 84490199
96308879 97905706
42863906 99824721
91293759 96271183
13069633 74847279
80475370 99558496
14901832 68969797
36482822 58097824
23748278 31088399
70956836 82222889
42120134 57255402
55325799 90398029
73112133 95903974
88364142 96554490
46397109 73216645
50210 35195701
65521127 98755186
6898600 11190354
64840032 78738375
43295555 49734566
61356671 64755037
3571940 67373001
32050703 83730793
20511093 37072012
11130599 18196915
6724358 15265536
77991089 87996597
62950753 77997445
64285047 82855888
5444945 41225402
81238306 98774780
28156594 51934545
62231924 67813802
86378906 99376690
92293724 99787857
21294032 62450253
37172265 72809576
60885789 63422757
19990984 91855753
32875384 61008401
33212492 49074788
46615557 98675699
89791833 93344674
9122962 63316543
97956644 98692360
27521487 44087600
84823763 91759655
30491073 60912957
10297188 82539043
55189639 91047862
63491185 92497557
29684148 84332114
70083601 92129718
23177415 85938094
74743341 79998370
51278117 80831119
4123249 52118431
55840740 96224601
50759876 86219913
3043384 4293799
74318020 87498439
453966 85879774
94555969 99042974
85981130 93617994
28863049 81452582
89427657 99076951
82857608 86298668
7239249 19305422
87678407 97137332
75916281 88286353
89286609 93632153
90062703 92121652
62114324 77249639
99544687 99872041
27809489 51364129
60587606 77772606
7532560 15373878
18499010 48476080
77536410 92991039
37939588 91138103
56824488 68640114
70710562 94734892
94161659 99439664
50874614 86032033
98170069 98547649
50355956 94821501
7625776 77584011
81221982 86367869
85707506 92303419
74121458 98583045
20667307 54464860
45532227 88748509
20293095 77216264
2142442 53416890
77603562 96754677
17841959 47126232
3058470 73208321
13429553 90733851
54962608 84142095
66773788 95805661
21488196 75012622
47562819 83983316
22494966 25048426
455873 48258757
40748713 76119441
663627 15066502
2309512 72172243
66830865 67860949
11991272 39428094
21658280 93023880
4566909 9988331
94749302 96568404
82487719 94954727
55601641 61992964
16924723 21516084
28523277 58904682
53426276 87088932
47296918 61478263
11820744 91154973
10227440 10322207
86415158 87990220
43446537 53673190
56012248 56125160
10967189 86799997
1707341 26223456
27148504 95438274
29302426 31676301
95521350 98990229
46505407 60430785
35475948 36767820
52782186 90495188
2273506 22003491
22797984 92596578
70825982 73859992
99952354 99954878
33303838 50143567
25809087 88406183
33367748 78051594
38253000 82868673
30211703 54104171
69980117 74701084
8429980 43191941
17663317 86276382
93498326 95208359
15684414 72010843
64786186 85430111
78781088 99639630
85017256 95980606
81529669 97123002
74179128 88862428
28779045 73788198
96971715 98514782
53151057 68708336
95212983 96937742
21758495 83405483
74457860 95460091
19270965 81902621
36910203 91208761
56851357 56916460
30889195 64584259
78184952 85396306
59313747 84570555
55265348 61478465
13962310 57084528
1145317 38345970
58585970 71977151
81787938 84572238
75248564 88954542
57049176 69644418
72152330 80120592
34873727 35184718
1428200 47980562
35135148 41068442
51974028 52427728
71847577 83579694
8194987 46606795
17736937 42016312
67744615 77378858
472093 37647135
86188062 87157757
48785841 91064547
46948769 76560695
1897939 44640952
63357476 83116748
35121327 65969473
27404949 82782062
13878560 33677790
43315030 61906533
33808289 83086860
97038254 99750112
19926646 94446533
73802784 95483985
97277312 99184684
48595123 76598968
55722709 57662051
65124149 72001324
30628660 65097203
51332221 78652486
35736506 99675600
60344235 65027843
79971362 86144564
53777718 67316157
72908465 81258273
47821266 52942682
33813820 71728261
18699477 79894176
54881117 88229080
78387007 93523464
82611331 90357086
3748628 65040356
73903771 87391840
35903681 62982960
27232832 94903299
795505 81543033
78481230 97993997
51468690 82837450
43488441 85533439
38764268 85168290
31975906 33989035
31666920 75988227
25345793 59651552
70176266 78645407
4552788 35647606
52808179 90119822
64932243 69465324
41931744 76271633
11820370 48183366
31838896 45022764
85087641 95180596
85503527 92683538
73946873 87289041
61251252 87346200
39739699 86710774
93380180 97723643
41126722 41206286
37642415 52586446
88204449 94343745
40811230 61840391
78660258 84243504
37853462 54209883
93419025 99185706
50402665 84949093
95286288 98749096
60925263 92629319
48276145 82647726
6575681 54868125
95355569 98567885
78245778 86820913
30062122 66021144
31962180 59604504
61925203 68749002
79935061 97639742
32428039 66089505
49535244 90331205
78860429 86769065
94264179 97132493
91065996 96759122
12314401 30744288
97602382 98860897
3114988 58683528
92848004 99688692
70369394 72511760
27588447 38534437
3275163 19043411
59940483 72900292
41534124 97665536
70460273 76770705
43078034 87860322
74338481 82554963
6554551 67296335
65552375 96862920
69198118 83724513
11702006 21346192
90945568 96673780
93556122 97000260
93345137 97200689
58956577 78531562
42154944 46952544
39341113 95853935
23488993 95042147
9153999 54424515
68674925 84170639
95112231 99476217
40577336 41393124
27017487 48207783
67161475 92290089
3515623 79693481
4293494 75624999
97167423 98614260
98057384 99810254
8873479 41053465
21833596 21993568
72800488 94692761
9900879 52245462
572320 27292606
11960106 29225420
93009175 99446378
37327130 96403778
32398851 73928298
98469781 99070447
20125404 57643951
79662940 90230401
44096665 75859923
91783082 96969636
41035635 56732755
6359452 60507360
329381 42233984
91567613 92127124
15558111 42549532
38944807 86257075
74562088 86474936
20121114 90855595
38396018 93565481
1602257 88232417
48146661 65350827
37368390 40239240
50066803 65897786
18144044 56319451
40883792 72105091
31063135 34445285
29462422 65298728
33594764 53513486
3370737 73956698
58165799 68386544
46020040 51126223
89169602 91156082
48048119 73446540
89121533 91160487
27437199 41205675
64397087 74913510
1518355 6281952
6970814 85534690
73791640 81018011
41629588 53820066
2550009 32979363
32844323 78684955
99507322 99862041
35087917 46802101
3135211 12099279
59954024 69780587
39198766 90697096
78862159 97216374
91561287 98845437
7691374 92218628
87996933 90198262
58671206 80069438
56015008 75232836
34328087 66303858
8192683 18299686
93424190 93932812
33617292 81754475
3378912 94168599
53864599 75357075
5703423 55192838
78261972 91303144
48435712 86960403
66322997 67351610
83936824 86308251
4980755 7796677
74749689 98080840
67163999 86860128
170882 45444297
20673117 51216205
29152511 89548462
73320394 91488147
16717007 99675768
62092898 98809843
43208525 54699008
99964233 99977193
52897130 78425394
32541834 99072635
72400631 77948870
42866981 90451619
1402759 35452048
52966632 76176956
84917739 86466219
70471399 92459068
49081047 67842914
92147387 95043763
6541366 86545530
95375963 95822825
77606404 96472943
13133383 65910561
42086160 73091772
33893494 63776190
8648684 69137199
39540030 90374557
24235456 33398511
95702925 95789298
35220169 51566684
36125466 50442326
90485333 95878567
19119719 35672645
2896692 9457134
66931534 67193221
2158061 61132017
30171419 59709210
88801965 92922334
98386399 98887737
55460214 84975073
52016889 84978367
22400497 30624367
44764404 84215766
10202305 34986091
91424170 92305781
20552058 59632194
96657251 96800703
81340518 97442041
1775472 52374411
21656580 30527802
77577795 82558193
48334201 76990863
98408320 98854046
87076625 90041730
7770702 36710912
69255272 71209990
97365732 97393456
90559428 94595742
8137818 72299296
68442317 96570787
71639065 77905804
39061484 84036208
32133989 72195682
34080416 41318427
68481276 95092620
66858435 67050526
70059157 84405618
37690619 69516791
34471015 52157983
90669060 98575998
79099439 97012501
705449 89104898
56850443 95983132
40818348 77834816
4464596 54747823
89409733 92376630
37181668 95850191
27852595 50985769
60078821 86431449
21149997 73730703
83704808 93626627
36354415 43777316
8191700 24069330
58235622 78148956
20939763 98576769
96104575 99053309
99253878 99490473
17434723 39284394
77931934 96889819
80107215 98902795
47468684 68046155
49580596 50133853
38215361 79385405
68833842 80878801
69884267 81245907
29621266 73213609
74982154 76364408
60098415 73798123
72369352 83535216
40939493 48704133
18304617 51047752
47234582 94842345
15694904 31029884
90922415 95174409
38824101 60305069
99066883 99394204
56740073 72023951
46875386 93926529
22967728 57208504
5506564 75083802
16760898 43604976
3421098 11383730
70650172 74887760
96653984 98140466
58107084 80427357
82617111 93838355
17747406 37365353
58741156 70997692
88959396 93067634
80943073 97746206
4824749 52970843
63018593 97117668
33304713 92878409
90125632 98447353
64979148 85932089
45814959 99392749
98797396 98991144
29315092 71116864
83962042 96725347
24766960 98256205
40019078 96387268
6846814 75138031
57570418 82649777
74171005 99389599
44504882 54511430
50822243 61864683
31078416 60169574
41299108 69619432
95896397 99784157
2273749 50460455
97952303 99620777
87257149 96083621
96888256 97695588
95217222 99757797
43686287 67061638
61726536 68955968
87431094 93260396
25502810 28135545
36603402 67758347
85601865 91781079
2684309 39016770
66782854 75930783
31500545 34899807
28791020 68673901
37528021 95084312
13823662 31769405
91096738 99064963
11121856 26532235
18161031 82779375
29939943 69189661
28095158 56909085
89723301 99971298
36948408 37487588
3014409 38118866
69508990 77713988
92880109 97881579
67592435 81680411
