2243
725 760
442 535
873 919
91 950
939 965
454 881
862 890
592 659
97 196
808 857
164 234
152 717
680 891
603 978
743 785
207 434
447 495
563 589
547 769
789 794
787 876
703 842
654 710
131 290
785 911
163 448
312 644
769 828
455 608
486 726
673 867
482 955
534 606
731 982
390 646
836 982
815 944
174 883
857 878
547 784
408 526
890 923
854 957
234 979
268 727
829 996
82 181
77 310
876 904
870 900
296 998
936 956
250 273
682 775
800 924
597 954
925 965
810 892
248 460
469 1000
293 884
850 867
536 636
856 889
138 526
119 582
896 900
659 686
708 852
309 842
356 404
675 998
886 955
565 726
792 837
700 826
420 873
313 867
767 989
87 524
519 846
293 704
48 129
684 747
469 806
785 894
523 595
273 396
980 981
154 213
674 832
72 554
571 840
990 991
897 984
547 888
740 895
282 784
318 714
812 814
48 183
454 867
796 875
273 775
112 600
546 902
712 908
552 674
875 930
61 222
559 602
58 254
383 642
535 868
363 589
171 666
196 660
104 197
377 393
979 992
901 950
482 959
736 942
166 930
75 215
939 969
785 948
971 976
771 914
863 974
27 635
591 810
959 982
65 179
527 658
21 956
94 530
968 995
562 715
741 790
409 586
35 283
209 438
135 841
562 831
694 906
621 731
589 932
167 664
574 734
418 746
153 836
324 341
174 218
207 392
494 941
749 824
878 942
70 959
219 260
54 363
49 408
419 642
674 904
116 208
659 724
839 882
358 855
257 646
866 932
557 617
120 173
363 601
577 927
824 849
788 927
112 830
769 888
311 904
981 988
982 993
537 764
476 952
937 991
986 996
849 886
719 893
183 558
705 844
627 705
79 562
930 967
599 668
600 692
510 847
97 205
171 361
567 722
617 912
38 365
958 978
740 858
574 903
32 645
9 230
95 922
456 510
122 304
397 628
566 829
468 939
343 838
681 876
377 385
140 453
514 720
119 250
199 613
324 568
969 999
91 947
165 589
104 696
193 452
356 915
379 826
877 952
186 983
954 974
359 830
497 873
841 971
41 867
699 718
383 389
440 794
830 911
377 598
967 982
921 974
724 827
671 678
319 783
253 548
532 671
555 639
278 878
289 913
368 917
827 938
825 899
833 986
620 874
588 774
302 784
231 301
172 594
437 734
971 987
942 959
37 130
936 996
124 314
774 789
819 854
430 839
165 363
238 655
623 687
216 528
967 986
676 707
87 752
66 836
708 748
778 958
656 795
298 367
344 661
845 962
326 958
122 221
278 956
816 935
438 773
979 995
37 410
34 215
17 775
800 926
925 980
321 672
670 847
305 991
558 848
123 150
156 470
315 648
769 772
944 969
931 953
188 304
421 633
759 838
956 972
245 978
546 569
64 173
331 674
550 991
468 954
239 350
836 960
166 498
767 942
167 410
747 971
644 742
497 644
668 786
599 620
54 337
137 882
296 370
226 775
498 838
23 212
794 974
125 427
508 799
898 984
86 756
646 769
34 599
289 832
884 910
908 961
43 115
979 980
314 716
562 885
136 930
841 925
544 708
17 509
507 613
597 967
754 875
486 724
851 968
300 382
650 799
4 724
514 935
729 779
731 770
948 963
810 904
616 697
713 895
971 991
658 693
442 754
187 627
907 959
984 993
609 701
601 892
217 878
214 596
773 807
533 982
562 801
752 864
842 902
514 588
342 567
313 944
660 685
858 909
525 904
883 888
982 988
693 741
59 583
48 228
112 148
332 817
986 989
649 767
10 60
659 853
45 885
460 788
892 927
385 442
749 840
559 974
504 554
405 943
713 892
647 835
998 1000
67 814
813 946
740 971
898 949
661 733
847 893
687 931
238 284
647 931
466 522
302 641
928 977
4 334
532 982
62 791
726 824
731 937
153 730
271 863
857 901
429 460
525 985
812 901
467 538
625 843
973 980
430 908
592 855
71 781
871 942
345 990
998 1000
69 215
108 974
989 992
819 936
276 546
502 782
50 626
136 662
187 959
695 770
580 952
558 674
239 365
597 963
814 929
849 909
869 923
428 865
89 265
707 912
75 706
179 822
392 822
19 781
621 880
474 586
310 446
868 951
57 464
567 576
570 793
79 921
608 699
71 685
189 683
997 1000
465 932
247 490
289 823
566 654
906 954
694 998
871 936
827 834
484 880
963 974
759 896
616 820
557 724
679 847
859 917
410 666
394 481
935 945
438 663
198 961
553 700
774 834
464 716
652 937
529 539
384 441
111 204
750 797
542 645
679 686
949 972
466 918
665 971
167 575
536 680
745 848
849 993
987 992
499 610
969 970
697 708
1 711
91 264
851 998
277 917
115 991
821 824
193 805
294 459
456 661
297 656
459 572
457 467
795 801
161 392
821 883
843 885
39 114
594 719
936 980
150 704
472 701
129 776
172 579
514 717
932 946
197 858
141 640
477 981
881 918
562 667
256 702
770 923
865 866
42 720
364 582
921 978
599 721
120 882
959 980
964 1000
763 940
542 556
956 959
925 929
899 971
625 761
4 496
161 620
969 971
12 938
52 428
686 868
63 264
695 714
668 870
844 998
430 793
290 813
888 959
748 754
608 702
750 901
317 731
952 980
364 445
267 940
579 586
40 475
531 791
528 825
505 779
602 610
223 258
613 881
102 880
486 829
751 770
777 995
551 868
99 711
328 586
627 1000
342 504
608 812
592 758
209 248
369 873
227 685
234 672
757 781
382 407
659 779
634 647
583 965
407 591
909 966
232 579
590 837
472 921
780 794
339 586
682 698
212 281
205 221
311 445
396 866
68 256
227 494
167 640
89 374
328 411
905 974
748 813
986 988
387 643
50 495
50 699
473 513
159 925
282 400
845 942
691 930
807 820
392 508
983 997
808 854
374 535
13 848
917 978
325 988
970 976
770 998
139 175
231 729
31 703
622 923
311 544
622 823
688 992
578 816
498 893
11 915
111 703
985 991
91 602
625 661
661 749
840 961
844 899
752 868
29 321
491 639
776 888
900 934
993 995
907 956
365 966
735 849
197 554
506 810
929 936
147 621
865 912
282 849
475 645
193 858
344 518
392 703
758 817
810 885
856 878
638 837
658 905
866 999
597 717
965 980
654 767
544 671
392 402
2 193
631 644
929 1000
279 332
443 568
82 464
131 835
894 920
674 718
540 779
524 791
697 802
105 118
485 918
547 975
728 920
259 465
655 688
583 810
720 906
687 839
523 929
78 760
498 812
94 828
332 755
184 294
906 955
992 998
213 913
290 367
752 849
716 787
198 917
128 345
993 996
437 515
321 472
167 352
942 972
779 927
163 983
395 980
915 975
941 959
150 656
712 991
553 708
48 543
936 939
154 467
848 968
755 802
50 263
580 763
862 997
703 998
29 411
287 873
864 991
983 994
703 961
972 985
632 823
33 556
274 659
780 947
251 341
71 561
15 947
121 281
845 986
628 716
483 846
700 883
490 895
944 987
560 865
367 430
17 89
859 955
531 614
736 780
314 903
410 803
782 973
399 609
220 562
33 296
283 959
290 991
575 825
624 993
521 736
368 839
863 946
851 930
105 234
347 600
154 477
691 869
688 922
230 547
407 976
317 575
270 337
295 907
806 859
140 981
936 975
496 779
797 956
227 857
380 558
803 947
12 516
86 196
84 487
421 696
303 379
876 965
850 928
798 945
351 865
836 862
921 955
805 819
770 948
8 645
673 723
498 928
447 608
609 779
918 983
101 187
371 864
536 965
122 399
692 732
436 997
779 969
789 986
77 580
637 764
69 437
219 599
926 963
303 577
407 645
718 740
516 980
397 669
23 325
256 920
192 962
471 748
662 961
265 835
391 995
923 966
213 913
126 446
615 907
592 992
905 947
685 798
921 971
725 886
82 323
290 537
900 967
644 794
850 920
406 919
39 758
39 50
671 715
368 841
769 981
218 856
211 352
825 940
404 926
253 871
299 769
814 907
67 685
354 593
654 665
438 566
170 485
922 949
567 794
735 795
384 998
934 987
554 931
61 910
8 767
252 441
21 615
481 539
810 821
614 903
999 1000
200 965
23 290
471 687
532 828
708 889
986 995
965 997
731 847
969 979
627 656
467 514
894 923
277 465
576 905
111 838
951 966
108 295
926 942
818 826
777 862
440 621
415 490
427 925
278 706
148 271
435 672
736 739
281 843
39 197
450 780
695 797
341 620
315 602
940 959
263 272
205 229
282 312
360 867
295 938
217 705
707 826
55 289
794 843
561 681
175 292
933 945
883 921
15 317
697 904
19 946
895 930
624 702
647 727
768 989
985 996
494 759
885 950
813 997
212 770
970 999
715 800
753 959
728 776
122 678
266 878
731 770
920 944
538 965
614 721
908 914
64 797
556 805
957 999
570 872
816 898
487 507
592 964
373 596
848 935
339 877
726 780
722 805
733 824
884 920
799 996
343 683
17 525
374 661
506 998
403 480
223 900
227 880
117 494
705 818
866 979
296 662
966 988
714 904
638 801
346 484
969 990
995 996
468 671
972 987
304 676
799 910
229 926
837 980
213 583
732 818
227 801
703 859
301 805
218 868
547 947
906 911
685 876
464 544
250 695
881 987
336 882
986 998
532 878
927 962
839 945
751 890
89 290
165 748
206 664
80 643
10 608
402 912
66 332
328 818
322 848
828 950
520 873
623 937
778 929
3 507
657 972
968 997
317 402
167 870
785 896
942 946
932 948
200 705
629 919
491 800
121 949
333 937
465 919
332 680
861 945
218 894
407 861
844 870
106 150
880 903
642 811
868 984
950 953
273 575
323 901
811 851
740 777
847 875
572 975
331 996
352 772
988 993
36 972
104 749
960 993
791 816
741 955
236 654
940 970
738 838
363 782
386 541
740 878
771 921
566 658
788 905
328 640
71 281
139 706
455 695
527 609
802 856
423 666
735 977
101 655
167 294
808 836
767 952
81 698
963 981
307 973
170 183
956 985
9 748
262 847
758 929
417 724
140 891
463 858
405 683
605 669
62 264
28 398
551 735
45 857
418 449
810 882
564 852
494 845
552 923
792 984
726 888
101 327
381 705
582 699
955 999
312 563
422 710
728 979
342 969
387 522
326 432
698 761
317 591
180 782
9 449
264 369
317 498
305 570
582 853
577 789
554 779
621 999
276 585
461 969
24 58
781 964
616 978
517 759
416 636
156 368
832 949
566 753
724 918
937 963
403 677
517 738
365 875
951 996
202 495
65 744
84 616
244 473
614 648
973 988
426 640
64 254
922 940
548 652
841 895
489 993
238 246
803 886
813 861
482 868
617 798
576 796
791 861
347 630
602 955
248 704
992 997
492 628
74 97
574 973
276 974
464 545
72 419
56 942
621 977
144 392
163 391
908 926
203 763
834 954
970 986
468 965
71 540
384 802
791 877
802 815
556 882
210 343
712 965
273 811
339 650
379 489
879 953
827 912
374 884
871 966
196 699
346 955
217 929
233 767
105 782
734 818
223 794
548 634
121 406
740 786
166 645
604 860
208 380
171 286
258 495
213 341
896 950
661 863
495 755
296 976
968 987
734 991
166 918
526 738
329 477
591 949
732 982
152 763
281 807
682 956
453 778
705 884
365 550
604 758
90 592
498 606
141 261
505 599
525 727
33 704
588 977
589 908
181 689
10 252
364 652
362 924
53 649
797 951
775 938
410 815
566 732
50 329
772 900
370 702
905 914
169 209
87 751
416 660
596 882
343 675
189 899
371 821
905 981
765 825
177 604
124 359
399 547
896 920
121 363
987 990
392 400
515 724
295 687
137 198
108 786
583 815
812 841
517 548
370 446
390 992
186 490
355 659
372 407
541 767
108 763
548 697
95 873
210 433
335 645
597 965
469 663
35 467
734 920
226 428
673 747
74 114
685 755
503 526
103 266
203 257
702 907
643 910
460 928
526 1000
396 902
521 869
205 934
759 991
520 739
120 840
892 992
43 414
465 572
506 841
924 986
427 983
861 877
613 655
822 986
497 839
530 807
350 742
679 982
643 752
76 816
982 998
885 998
763 969
859 971
194 886
764 835
798 987
361 955
83 386
689 806
343 378
768 837
799 882
385 588
969 982
179 453
115 361
867 990
967 976
917 960
904 933
954 973
103 827
552 557
488 583
669 680
87 186
222 654
912 938
899 915
639 904
377 912
100 681
893 919
75 318
446 731
464 763
950 990
28 305
237 845
367 658
420 869
901 983
30 343
176 196
812 931
936 940
731 825
539 899
5 382
812 964
414 477
216 666
430 702
650 875
982 985
507 776
131 349
617 693
507 757
263 983
858 938
188 431
280 852
418 995
822 845
168 438
406 930
162 440
161 426
477 573
255 509
141 316
663 829
181 673
464 501
142 349
147 614
84 992
550 904
754 871
342 897
491 646
856 858
111 319
846 987
281 282
722 771
908 915
735 917
984 997
350 758
6 19
941 996
118 557
971 989
636 928
570 684
823 915
407 547
618 658
512 722
939 998
498 706
546 595
550 867
635 893
340 628
998 1000
768 815
950 959
477 940
365 461
32 215
581 784
266 458
268 639
204 436
216 357
296 963
697 964
820 999
9 531
520 745
396 412
682 728
862 955
742 772
415 439
168 511
497 666
933 967
299 903
73 158
722 890
756 980
205 947
987 995
272 521
23 220
299 428
264 462
311 314
751 999
334 805
759 814
615 931
556 664
481 610
753 985
872 952
819 947
275 693
900 934
741 994
25 980
825 852
588 681
436 971
279 467
871 941
536 730
476 890
88 941
500 968
973 989
722 880
293 856
665 721
21 929
426 566
797 902
431 862
977 1000
196 797
409 422
232 329
43 363
264 315
560 672
360 754
738 915
148 182
390 951
712 826
923 934
356 384
783 946
2 809
255 260
864 902
466 941
738 926
621 985
813 951
70 465
418 953
516 704
943 958
84 928
546 614
343 717
104 820
609 884
469 798
867 966
801 977
445 600
35 306
180 290
210 394
63 675
202 290
448 970
811 946
276 497
909 911
415 513
521 627
748 985
808 885
822 860
164 376
230 393
676 886
515 645
310 708
260 478
852 967
353 703
536 966
40 105
873 886
146 637
503 584
272 726
525 527
193 720
409 683
954 986
364 797
801 809
217 999
688 974
972 997
32 206
961 998
688 961
635 936
741 864
434 782
919 922
7 655
515 957
46 55
255 995
967 988
991 995
889 911
757 975
748 953
872 948
152 816
706 770
178 246
633 730
885 980
358 472
391 399
357 841
60 660
680 876
73 898
474 862
520 840
209 465
835 968
446 581
928 978
979 983
525 858
100 378
816 941
110 717
493 563
930 932
881 883
322 996
607 987
218 345
190 670
731 808
828 962
700 839
750 808
452 840
782 851
242 308
12 189
194 868
353 959
836 929
822 928
703 764
929 989
413 880
450 691
979 994
797 817
240 293
453 932
713 995
959 971
539 712
293 348
425 427
791 807
735 995
140 459
159 218
617 933
361 641
662 706
68 655
934 972
327 356
402 662
701 745
433 822
964 988
236 438
511 831
351 686
315 559
527 776
65 978
243 788
609 716
741 780
36 819
178 268
852 856
427 818
651 860
198 959
127 891
739 777
347 821
961 967
398 886
270 460
746 930
176 905
859 883
565 847
440 461
126 641
968 979
133 442
783 941
395 908
529 962
215 251
609 864
26 634
303 977
564 979
270 467
190 780
380 671
779 860
534 581
281 567
836 891
883 916
608 827
650 709
951 998
359 841
687 813
592 878
534 640
865 972
959 971
378 722
67 430
793 841
530 776
582 833
665 947
602 669
240 829
222 750
976 987
837 918
11 590
367 719
696 798
811 957
769 984
730 945
373 607
173 950
349 727
624 852
954 957
867 914
588 857
83 621
537 976
491 530
402 492
538 863
313 462
532 906
222 841
200 726
986 988
830 978
379 996
996 997
248 642
948 982
73 682
924 978
59 720
299 535
181 700
177 983
841 910
656 985
687 875
968 999
165 225
552 758
653 990
470 681
378 523
495 965
581 934
971 992
486 636
840 929
802 827
523 745
351 807
184 649
24 362
512 975
977 998
158 695
62 857
17 972
49 993
640 794
311 376
847 969
299 670
402 618
750 927
175 228
19 578
353 933
164 345
874 990
309 592
846 888
191 261
423 588
971 983
853 972
767 805
493 813
727 965
512 921
236 303
200 658
450 525
40 184
525 855
735 792
404 575
228 756
264 353
217 407
614 808
712 755
823 996
371 958
531 646
170 439
620 970
150 312
127 303
354 399
177 303
803 813
265 806
664 859
4 714
280 950
315 387
313 354
328 579
500 757
505 754
321 523
726 820
244 954
395 856
921 934
808 916
167 912
202 656
8 360
395 752
241 717
295 910
580 994
167 587
188 698
546 698
944 998
4 102
316 764
101 824
765 840
787 925
230 252
357 777
744 912
315 512
685 819
280 864
504 847
126 316
72 512
679 932
508 926
916 923
608 821
801 808
108 868
122 470
700 998
179 464
72 223
949 967
244 806
293 493
467 717
486 539
125 475
197 354
702 862
81 266
751 795
520 803
49 652
425 907
220 872
196 269
895 951
353 698
880 885
525 850
908 932
296 596
732 744
312 820
704 711
937 950
93 139
944 995
682 790
972 981
69 246
473 873
999 1000
605 786
539 860
637 754
392 856
716 758
779 880
34 407
239 932
326 332
415 761
902 988
22 941
944 994
813 815
546 903
988 1000
149 166
386 993
890 917
238 721
727 955
534 859
466 594
25 700
340 478
586 827
780 989
433 547
279 929
260 552
715 990
915 977
146 998
297 455
556 763
859 959
979 997
114 966
245 852
384 892
103 346
495 769
550 921
21 738
566 644
722 785
55 280
230 560
202 458
649 824
628 768
622 989
860 974
448 522
777 797
878 924
274 465
926 928
981 982
309 881
344 810
791 807
224 826
289 652
483 583
413 540
675 729
719 961
434 669
232 310
614 822
446 488
76 95
821 919
595 849
213 476
900 991
990 998
899 949
173 338
721 921
319 351
991 1000
683 983
988 991
721 917
519 909
920 933
983 989
956 961
975 991
951 968
688 964
449 806
163 226
845 895
452 698
224 624
803 863
534 821
430 606
247 958
694 696
709 998
650 653
708 780
77 327
248 621
559 938
788 831
791 837
734 826
914 931
985 998
66 772
850 995
394 658
130 506
427 431
41 799
867 872
584 917
891 925
518 938
577 584
483 490
853 973
931 967
858 999
976 995
391 546
25 369
514 576
697 974
865 955
555 914
155 585
311 984
777 974
598 730
490 913
194 628
196 629
751 849
823 914
300 313
268 422
631 690
361 431
725 758
749 791
826 934
488 870
468 617
794 982
381 907
55 333
471 869
95 729
580 994
865 972
526 787
881 957
563 640
938 985
407 762
77 968
857 879
850 903
232 990
791 917
578 655
532 591
742 758
526 731
205 302
441 708
370 733
244 380
977 979
837 895
426 708
83 237
251 725
387 969
73 297
853 973
411 431
350 825
376 835
429 675
842 998
950 998
208 901
599 807
504 847
201 929
435 844
988 999
945 960
908 986
520 935
837 871
626 824
484 755
794 810
861 949
975 978
227 601
113 904
425 811
124 352
684 744
92 905
156 298
798 860
127 477
544 787
468 505
132 857
595 783
37 369
574 595
640 814
219 551
246 315
552 944
373 725
746 868
622 879
810 960
778 965
31 460
786 848
281 647
888 911
985 988
27 445
81 370
770 907
757 901
801 915
702 739
24 348
681 877
670 831
722 739
275 969
568 985
847 946
703 744
220 935
292 954
85 507
898 926
470 646
476 930
46 556
534 714
659 673
127 277
274 592
242 331
396 694
786 961
482 738
825 983
426 532
586 626
608 770
588 765
782 942
382 810
748 765
246 955
19 661
150 411
774 879
717 721
552 637
637 814
852 857
171 217
104 487
255 350
681 816
278 495
116 805
561 658
403 469
612 861
907 931
932 943
319 793
878 993
601 729
827 903
618 690
712 955
756 773
452 720
221 408
749 769
405 979
712 767
562 716
742 961
374 544
240 549
996 998
481 931
562 828
368 990
638 647
394 436
732 859
377 464
264 424
793 961
782 914
138 840
829 947
516 867
39 260
584 668
711 977
957 976
71 319
150 454
834 847
879 977
183 335
