3342
954 968
231 362
470 625
705 774
339 507
852 944
292 856
965 995
168 928
192 803
795 872
783 965
678 871
5 596
204 927
346 858
209 919
738 963
462 556
388 407
110 348
353 768
383 802
772 980
23 836
731 749
472 786
280 380
561 614
525 610
768 932
189 927
602 978
393 859
264 561
20 437
613 876
116 844
797 828
32 945
838 847
681 888
414 694
466 994
22 68
770 916
479 579
250 512
746 803
157 432
728 766
12 429
911 947
574 985
843 985
789 827
870 968
960 989
97 304
172 703
318 799
196 691
353 440
577 626
290 886
17 410
778 921
813 957
742 839
649 722
357 445
640 942
889 897
850 861
198 453
386 764
504 803
226 976
286 823
167 987
930 965
663 704
86 275
375 450
404 920
46 202
457 782
532 838
694 890
226 608
176 531
607 805
710 808
22 24
805 885
948 996
457 481
990 998
698 896
319 994
353 414
889 939
455 623
437 472
48 907
948 971
512 809
233 881
217 638
102 876
708 809
301 590
291 345
413 760
53 942
295 463
603 825
2 203
366 523
325 881
660 999
452 914
358 440
719 955
137 900
370 992
836 902
131 305
849 985
132 545
691 792
224 771
460 921
830 971
72 920
836 995
255 727
314 760
883 939
821 829
538 633
641 655
563 799
784 945
234 783
960 998
509 556
528 548
967 987
197 595
850 966
992 1000
811 906
836 967
140 550
761 824
336 402
461 682
664 684
632 679
613 916
679 990
82 486
522 598
849 982
479 839
131 161
125 922
340 583
502 605
518 744
820 844
282 352
953 993
855 914
159 614
126 702
31 385
436 923
241 853
972 987
745 961
19 816
842 989
662 815
979 992
245 667
582 770
645 769
190 274
244 705
219 909
87 570
703 727
828 871
2 412
892 920
686 990
737 865
977 998
390 576
38 206
294 424
331 580
185 429
225 865
904 931
464 916
533 618
870 948
364 957
584 789
992 995
671 1000
313 881
787 859
655 872
598 768
887 936
68 370
846 945
493 740
713 846
807 868
727 876
807 912
405 510
804 963
821 919
510 655
348 569
987 994
447 695
135 650
179 315
151 660
258 383
336 513
206 276
465 830
136 168
332 999
48 165
167 246
881 910
493 743
135 621
341 721
187 254
411 977
685 756
439 766
848 860
446 866
193 228
216 255
164 519
531 932
237 291
917 925
550 777
371 644
912 967
888 916
270 860
631 865
238 768
558 980
891 942
633 924
512 644
83 341
752 969
489 971
70 709
43 296
160 571
890 934
707 827
886 963
438 571
257 547
711 884
819 891
27 103
369 394
658 896
206 397
76 850
207 782
727 885
558 884
950 984
54 762
590 968
13 626
808 864
783 861
20 67
47 196
371 846
490 904
857 925
78 813
624 942
230 740
3 77
598 634
701 897
860 957
949 960
435 783
419 585
216 829
699 761
994 999
125 741
342 828
504 662
955 962
321 996
950 955
276 857
452 545
257 942
986 998
214 470
26 561
177 504
909 972
41 874
119 313
568 683
933 940
843 993
637 914
452 815
361 996
36 785
879 929
743 962
373 555
939 942
596 651
557 783
38 318
515 660
887 992
291 913
406 837
11 685
254 356
965 972
115 928
468 779
975 995
931 943
59 347
592 860
225 802
945 989
876 993
550 603
88 772
454 534
858 897
997 999
139 898
372 842
870 893
941 983
236 933
507 814
965 974
544 942
795 836
897 976
483 948
387 406
505 757
112 456
105 444
720 926
24 739
806 982
856 919
934 995
847 981
562 666
103 977
241 287
254 486
127 425
259 428
299 525
951 990
190 204
170 650
512 744
175 909
776 795
215 337
163 417
715 758
423 561
318 818
745 936
544 992
76 84
730 790
236 472
413 729
97 577
157 399
806 866
557 838
732 949
241 966
393 722
466 881
627 811
651 861
804 871
875 887
385 657
562 693
574 662
593 897
943 948
858 889
396 436
508 586
422 446
320 956
807 955
157 950
754 816
347 738
78 331
628 772
266 273
236 456
722 932
892 965
171 185
348 359
850 975
167 788
889 991
401 666
234 525
611 841
87 879
265 691
261 932
616 821
921 973
10 163
703 903
556 950
511 584
404 476
693 902
529 675
888 953
640 922
659 899
59 548
573 911
718 773
489 497
425 713
663 994
365 458
379 986
754 924
35 636
347 362
792 834
380 489
766 806
894 931
594 678
633 713
526 620
669 710
808 970
430 844
248 585
295 742
241 563
123 478
773 941
868 961
519 801
846 922
12 311
220 826
936 968
164 274
588 709
720 876
138 386
317 910
550 740
733 974
977 994
949 972
578 892
575 632
825 868
924 977
256 418
469 777
844 997
334 541
313 833
180 653
6 255
171 827
660 828
203 961
918 955
421 636
127 366
746 849
309 976
47 55
410 493
684 718
659 930
680 699
715 763
8 524
353 369
4 771
324 412
295 870
709 911
736 869
833 902
952 992
568 760
203 737
146 615
626 735
331 340
55 756
740 937
606 651
944 979
852 950
545 603
338 586
902 935
980 991
399 721
722 796
583 596
258 656
586 709
874 926
821 916
618 852
477 822
982 997
851 969
290 752
851 975
961 985
201 480
442 495
414 681
857 901
900 945
29 715
30 906
913 979
304 980
350 597
847 956
874 933
708 801
737 905
374 616
647 758
37 793
364 368
969 997
914 931
13 676
566 651
519 628
551 562
315 909
264 682
582 960
417 685
673 678
784 947
139 550
573 858
683 991
736 979
375 799
96 245
80 492
700 881
269 307
285 790
175 443
455 943
23 740
687 791
78 716
259 641
50 193
859 956
879 972
732 740
421 715
357 432
419 527
120 307
303 957
952 989
480 658
57 464
942 972
700 867
989 992
471 890
885 906
20 684
437 506
456 539
876 940
671 984
866 874
684 950
108 312
850 924
445 812
689 938
723 831
628 820
138 452
134 180
972 984
663 874
495 502
324 453
329 785
818 871
508 617
575 748
179 775
432 674
636 819
191 589
70 304
292 397
431 641
148 695
113 607
972 989
479 724
817 980
448 519
657 831
715 841
235 603
860 933
356 558
305 998
804 991
761 879
149 359
447 708
603 907
749 828
416 932
284 340
820 930
934 955
967 979
83 678
198 578
828 958
397 838
203 824
596 882
293 453
498 968
642 714
709 760
995 999
560 612
949 989
428 988
137 216
323 875
382 726
999 1000
500 939
420 996
949 971
478 919
616 911
571 620
307 325
627 909
22 922
450 914
602 942
290 974
389 886
290 753
662 667
279 465
794 885
984 990
686 858
543 775
170 438
45 708
13 701
919 932
862 894
750 973
388 884
553 636
873 964
66 448
684 783
729 774
426 862
344 380
695 997
366 652
328 373
736 987
501 769
933 971
32 411
494 852
594 809
839 848
473 551
205 897
686 750
572 948
615 1000
295 690
81 173
904 990
933 967
80 547
912 919
570 685
640 978
459 638
811 874
670 916
157 528
680 831
422 745
475 908
521 736
429 996
436 569
967 993
422 540
114 871
622 984
829 840
637 642
28 606
529 770
575 889
452 596
802 878
848 974
46 349
12 282
667 733
484 632
268 428
899 942
750 911
486 995
621 694
482 700
628 944
945 988
94 405
854 921
919 973
408 552
575 910
961 976
594 698
567 674
322 752
75 241
210 698
471 511
324 845
105 109
350 861
289 998
914 955
826 885
994 998
20 31
697 856
907 974
928 997
11 728
659 692
216 727
981 996
799 823
51 348
266 272
562 942
42 668
773 956
55 692
873 937
906 987
494 753
910 946
283 530
303 438
110 146
291 498
596 683
342 734
430 544
415 885
838 988
837 995
651 897
329 495
241 834
868 950
961 963
882 899
775 786
416 776
20 616
367 962
589 669
879 998
689 822
15 927
993 996
191 556
367 932
686 875
223 854
448 849
34 290
58 900
926 984
706 871
187 908
45 584
508 852
205 753
35 448
407 551
160 485
993 995
102 615
586 694
522 980
382 955
318 892
696 781
75 529
396 449
910 922
292 549
146 405
583 689
562 896
173 612
753 952
488 872
317 500
827 861
943 976
104 532
657 727
846 949
707 905
271 696
386 656
943 947
112 627
211 824
456 999
3 454
989 993
932 933
461 814
147 432
697 870
544 693
686 713
281 757
766 898
89 962
663 824
798 821
848 916
424 561
167 286
145 338
423 455
774 915
922 959
994 1000
163 869
448 548
839 910
381 585
273 346
348 543
739 935
241 480
359 997
920 953
846 992
337 379
971 973
756 845
835 868
518 834
849 885
990 992
550 972
853 900
611 872
831 922
668 714
592 628
416 939
869 977
699 904
306 459
614 862
510 872
508 763
165 534
119 722
964 987
596 794
642 665
535 938
562 953
901 955
436 897
79 271
106 953
159 956
905 938
227 612
791 959
144 556
642 656
60 526
43 739
378 522
139 531
111 272
634 999
751 913
704 868
744 956
802 871
790 917
605 627
735 967
153 318
560 754
69 303
552 653
889 961
332 425
997 999
413 671
20 282
995 997
236 338
417 580
778 972
223 259
828 905
581 838
40 115
132 945
656 781
235 563
156 903
923 935
147 966
208 610
539 902
115 816
179 935
460 874
674 699
792 986
576 649
815 968
27 913
846 863
752 880
232 383
672 782
353 821
677 918
354 630
21 703
43 88
355 394
718 772
137 273
753 939
583 743
109 802
242 543
610 758
471 617
756 926
81 169
505 972
416 842
938 956
904 980
949 984
283 694
742 991
148 731
119 888
11 476
291 564
166 556
906 923
529 992
952 978
391 718
978 997
92 335
187 619
241 384
826 925
587 996
746 825
478 742
761 769
714 961
740 802
745 874
868 939
474 709
955 957
504 814
353 529
790 935
434 915
246 285
191 656
422 779
920 924
256 552
669 741
41 298
575 939
665 827
268 335
964 978
168 207
464 540
110 698
274 976
323 574
89 604
313 921
385 702
406 715
477 503
418 692
161 388
304 380
439 781
28 814
601 657
714 946
574 672
994 995
512 592
944 977
643 790
344 376
84 548
664 952
938 977
225 245
843 848
26 169
730 935
349 422
440 836
360 696
312 469
808 819
366 928
736 941
394 786
783 956
227 363
535 719
710 752
365 983
644 769
284 323
597 996
805 898
752 911
53 724
754 845
361 583
114 957
912 996
919 946
944 997
648 766
137 714
826 909
621 826
690 831
561 803
678 964
767 952
207 978
469 614
602 792
244 829
165 508
123 796
64 191
885 948
988 997
510 970
703 823
882 927
306 452
708 764
300 731
413 981
993 998
193 332
74 677
908 993
238 497
868 954
475 530
522 641
405 469
115 581
434 829
878 989
629 705
974 985
834 924
967 973
710 785
373 546
277 651
316 459
388 478
412 755
825 939
709 804
576 578
222 973
967 980
578 580
80 370
337 514
783 819
474 722
915 969
223 224
32 823
521 998
40 778
947 960
193 799
566 739
203 387
753 975
254 533
495 615
525 813
120 165
770 986
575 836
366 823
736 980
36 665
127 927
114 983
11 591
767 774
487 903
446 817
182 300
825 863
972 991
515 870
99 107
191 814
775 789
689 840
80 710
650 691
839 881
998 999
266 878
48 55
960 994
438 646
499 858
400 549
627 923
611 913
576 760
795 901
373 813
443 837
47 993
892 936
997 999
170 748
678 802
438 811
72 788
371 898
807 830
645 985
262 558
26 959
604 659
436 687
985 997
978 998
92 194
895 976
240 967
633 735
480 956
260 503
354 674
539 852
99 466
459 664
576 998
940 974
958 959
392 846
875 913
781 971
386 872
68 147
689 696
635 714
167 941
403 557
251 988
255 531
139 563
62 683
619 781
949 994
768 915
212 472
47 93
294 297
516 838
345 938
149 519
316 755
300 409
810 903
163 530
437 772
991 994
524 906
859 995
738 783
644 670
154 168
799 936
724 782
90 193
407 502
9 417
800 991
559 791
143 908
306 512
291 712
873 965
361 563
71 465
301 363
933 946
895 981
635 653
967 981
430 548
146 186
159 756
831 981
404 464
223 569
697 764
683 765
838 982
693 917
694 912
878 879
486 898
310 354
663 719
199 246
859 919
960 992
137 227
179 978
377 494
119 547
35 674
600 968
589 868
679 753
52 678
494 911
877 989
127 551
837 965
37 124
681 936
520 871
482 730
962 990
920 961
264 495
760 991
640 644
420 525
594 737
985 998
486 995
422 795
782 838
740 858
482 644
390 425
405 956
359 604
637 730
53 193
428 993
274 463
660 920
45 591
698 803
288 550
807 828
949 981
372 538
532 673
884 982
978 982
844 855
984 999
802 939
297 737
978 991
638 751
404 800
528 825
533 589
215 637
684 918
431 491
601 816
608 715
612 723
573 578
550 784
24 896
372 507
999 1000
722 775
544 936
646 947
867 982
421 896
390 529
665 926
581 819
412 862
490 538
232 858
253 409
407 721
128 699
531 789
858 940
452 925
239 800
315 377
387 749
85 911
656 689
994 996
109 477
260 875
862 883
420 461
722 869
306 398
948 978
151 165
109 435
644 663
191 927
826 844
640 998
352 617
849 899
708 982
784 956
682 740
249 885
426 652
657 922
255 421
6 594
12 528
728 829
525 972
698 958
687 714
551 732
724 802
853 875
365 971
513 649
144 295
813 838
329 569
709 750
960 973
357 595
674 675
231 424
83 408
182 769
519 670
115 687
8 396
769 903
41 224
196 281
978 996
256 870
532 848
152 857
362 817
889 926
383 791
492 995
419 697
512 671
638 665
938 952
906 963
530 968
60 204
618 749
758 834
282 679
504 632
902 956
119 815
915 950
243 406
421 702
668 938
515 554
434 828
559 567
740 969
108 729
867 982
73 115
513 673
344 948
213 848
944 984
572 826
410 860
7 998
721 870
110 898
501 697
365 910
320 357
110 871
394 736
2 849
529 981
445 471
653 940
937 979
897 995
376 557
818 887
376 765
584 998
16 634
214 558
777 800
145 537
116 598
233 712
184 360
72 808
646 943
960 974
120 809
368 759
122 808
65 583
468 573
665 693
334 343
567 708
56 602
781 792
525 874
468 988
734 978
419 686
217 322
594 963
346 714
697 780
623 849
617 789
905 906
566 938
569 917
156 177
725 768
891 922
159 407
486 891
444 808
318 769
645 912
406 651
361 536
544 847
313 903
782 970
520 938
484 630
843 918
650 805
418 474
480 738
14 203
17 432
945 954
759 813
695 802
40 846
34 715
655 668
597 977
156 332
991 993
325 721
649 793
588 598
873 940
965 973
296 603
6 621
517 752
590 827
498 602
409 874
336 515
675 931
502 676
730 838
619 926
513 850
763 799
284 483
87 685
46 306
517 722
388 445
405 962
315 391
615 996
911 989
516 991
394 516
319 528
183 295
225 569
554 791
79 223
800 820
733 767
577 604
637 901
908 915
514 669
134 269
179 582
744 792
948 985
356 767
483 616
8 302
462 724
761 891
800 884
918 950
614 645
662 764
640 660
556 891
248 790
771 900
947 965
336 342
142 938
901 965
416 711
772 815
574 928
919 957
858 954
659 742
1 728
269 645
212 611
149 359
628 866
502 517
37 165
944 971
10 971
558 750
715 937
659 754
786 907
943 987
607 655
387 546
551 902
649 683
858 867
145 354
553 855
214 849
515 692
274 391
606 827
9 756
970 988
457 686
407 745
860 939
676 710
979 997
521 897
626 761
532 662
679 787
72 433
97 388
24 94
363 784
82 257
520 663
426 728
791 938
125 791
118 458
3 5
655 730
500 757
895 978
992 994
68 276
645 717
829 999
115 786
450 802
329 573
250 653
179 781
385 461
960 964
7 965
173 824
834 928
551 907
595 948
165 851
768 907
444 452
90 313
47 716
682 776
34 192
42 176
181 744
931 968
524 868
90 156
356 713
148 417
907 1000
161 780
349 503
384 738
317 907
608 866
798 871
89 502
221 670
764 983
711 716
602 960
917 974
638 821
950 969
308 480
839 910
642 758
731 801
305 711
202 241
8 388
922 948
911 994
559 636
936 948
188 321
693 882
757 814
509 915
328 848
445 701
884 909
214 854
510 955
572 802
428 691
44 304
936 989
804 992
957 969
532 615
893 940
544 827
428 704
539 687
934 995
562 847
568 965
275 377
607 712
117 479
791 887
43 478
38 157
43 640
788 953
474 858
858 932
915 974
181 941
953 992
881 920
687 689
39 247
593 700
161 955
368 584
947 954
175 419
815 898
659 993
463 717
25 683
820 901
129 993
96 121
733 897
903 975
868 929
844 924
144 564
274 878
658 851
552 712
913 929
254 405
317 962
747 961
3 927
607 735
152 891
185 874
257 279
540 709
790 919
469 928
919 970
962 996
875 947
867 902
683 793
927 970
129 795
534 760
503 581
693 758
601 741
737 923
639 803
644 702
548 777
953 959
887 938
823 880
751 852
547 651
801 899
121 215
639 782
28 516
326 478
128 153
653 800
468 915
489 503
384 543
747 760
339 680
253 353
695 882
180 956
626 808
17 270
86 586
875 889
289 770
335 969
523 532
991 994
332 541
108 990
380 825
69 554
549 985
741 772
880 928
213 981
313 505
502 925
435 535
605 795
773 959
631 654
781 907
148 637
290 843
150 846
700 910
909 954
434 766
215 766
934 943
443 642
511 750
172 669
572 858
559 911
555 610
193 588
92 869
220 849
645 761
4 846
533 998
484 724
190 993
841 883
565 840
977 988
243 912
3 605
678 852
809 906
216 335
968 981
827 836
880 964
401 849
664 951
426 817
606 721
737 751
549 940
327 541
198 859
230 455
888 922
839 846
857 935
382 693
12 51
264 275
719 794
837 986
969 972
180 944
500 772
291 565
291 915
166 532
11 353
894 937
19 425
442 1000
62 174
225 267
879 941
88 833
147 505
82 725
134 339
22 812
408 847
90 285
170 727
421 506
823 940
66 175
239 729
542 807
818 992
792 870
82 524
25 764
487 734
779 969
806 965
231 956
722 754
60 924
87 347
836 984
317 864
964 970
51 948
731 873
900 904
438 478
748 915
544 571
726 761
102 842
869 877
409 450
359 611
941 994
809 938
206 604
853 887
828 940
872 916
229 667
910 913
40 381
626 833
404 657
348 879
821 992
991 999
434 506
844 898
791 971
162 590
272 852
183 817
368 419
913 989
765 916
912 985
263 517
669 910
536 568
189 346
116 880
965 992
884 983
596 769
172 507
197 465
348 719
498 613
123 680
821 997
981 990
332 464
834 928
1 452
574 645
374 474
657 901
20 429
702 923
669 881
358 867
337 414
194 850
459 612
125 583
886 943
149 703
189 803
646 779
918 980
646 769
267 835
353 764
818 900
509 809
839 853
72 819
368 661
707 921
658 764
692 968
893 941
472 670
197 394
812 880
495 954
305 511
31 505
159 841
354 445
600 695
754 785
408 747
750 772
896 953
686 847
728 910
599 665
566 573
607 690
386 921
459 927
239 985
420 864
676 695
225 403
814 823
943 953
158 674
949 971
158 275
450 914
654 925
240 295
23 259
532 952
36 67
141 973
895 989
671 980
688 694
68 228
261 771
440 848
323 573
796 983
985 1000
326 909
270 674
184 388
567 774
759 934
629 853
653 945
291 836
513 620
740 995
652 810
949 990
14 613
718 918
989 995
527 816
621 656
752 988
344 789
112 977
731 873
68 992
389 952
98 101
539 898
315 455
604 618
512 903
41 576
571 721
923 936
235 593
639 956
99 701
917 967
360 385
357 682
44 128
34 510
51 168
378 826
968 994
97 494
478 731
924 959
682 689
932 939
727 996
139 184
873 981
602 975
136 168
924 989
576 710
337 474
44 188
350 652
491 558
99 733
547 976
562 884
190 423
969 992
165 815
309 603
379 511
364 849
978 995
744 979
639 856
797 964
47 604
749 929
720 818
84 374
844 910
798 862
844 940
924 970
420 721
244 728
298 849
679 723
818 836
808 986
91 611
691 826
525 769
855 873
681 844
317 352
750 871
845 891
204 1000
908 950
448 660
356 899
660 801
509 721
436 703
390 768
74 293
318 498
857 979
763 919
250 410
892 988
41 1000
770 970
543 986
199 331
564 624
637 981
923 997
638 769
612 980
325 672
294 838
253 715
482 859
442 898
366 672
677 784
509 635
124 275
223 329
266 759
182 728
887 986
997 999
864 955
131 830
383 415
103 818
52 769
74 859
901 913
318 485
132 193
67 416
273 650
937 943
125 877
439 505
649 746
582 944
679 970
651 840
961 985
183 232
710 997
134 870
108 663
666 902
730 787
76 958
591 833
416 464
358 519
285 319
693 968
201 512
932 987
947 975
662 885
14 532
527 976
873 956
806 987
493 767
707 720
488 501
675 933
135 593
511 640
936 993
113 132
858 888
904 936
891 934
302 818
876 992
594 751
448 706
33 417
598 728
631 670
67 155
783 856
278 624
312 553
584 668
84 220
713 800
836 878
947 981
781 914
14 514
489 671
953 985
542 804
761 839
419 567
756 958
754 856
766 944
601 760
828 916
493 665
321 846
785 946
516 753
698 853
787 856
814 998
322 347
943 946
507 790
528 773
259 398
714 838
398 805
250 335
987 992
77 664
296 446
155 216
844 943
531 751
207 691
467 833
895 980
109 361
146 380
760 867
730 774
254 470
443 817
982 1000
915 998
898 977
325 832
42 486
925 999
865 877
850 908
428 906
668 698
817 886
215 659
788 798
779 807
793 956
566 626
158 642
332 753
163 605
859 905
592 955
433 930
129 290
472 665
10 101
82 649
924 970
316 878
123 467
981 996
608 895
545 736
698 872
28 626
33 803
460 576
821 885
60 909
862 958
238 812
658 776
665 746
916 980
452 944
835 951
709 758
476 840
413 908
514 772
998 1000
219 448
650 756
399 407
772 952
687 889
989 994
866 970
29 976
60 867
915 955
864 876
608 648
92 940
408 464
512 828
615 916
956 960
564 948
220 574
525 985
117 179
975 986
293 340
173 851
930 986
392 731
519 633
34 651
113 257
451 636
407 740
790 803
416 558
690 956
428 721
982 987
488 975
891 909
81 197
880 981
355 521
338 759
125 944
11 570
970 994
745 978
562 878
211 912
80 731
817 958
556 792
414 721
644 968
739 933
416 515
929 941
15 755
490 497
985 993
101 844
914 944
532 655
517 561
779 953
31 166
303 350
971 992
708 886
779 807
547 777
226 232
545 557
489 634
345 945
900 915
53 259
360 381
873 951
746 916
914 926
575 976
280 527
33 443
809 878
471 790
195 200
790 952
707 725
635 638
920 931
389 509
289 473
423 786
733 819
920 946
935 958
848 900
537 672
32 749
803 896
938 994
805 902
603 643
26 234
453 937
682 754
759 868
725 899
288 557
8 108
70 292
219 279
972 980
738 772
433 812
401 910
43 692
831 844
645 891
201 941
107 218
265 638
660 821
483 839
636 716
210 496
466 740
669 961
722 873
224 796
272 486
336 774
514 559
278 839
979 997
870 940
427 705
664 736
926 984
939 954
528 990
595 722
207 489
751 757
416 740
471 962
251 391
315 925
769 982
513 877
336 894
472 790
107 383
303 421
129 328
951 999
804 878
901 912
167 785
104 547
897 908
830 909
792 932
668 995
554 779
404 881
648 958
668 972
91 450
380 524
523 583
186 846
947 986
996 997
766 774
802 922
247 879
28 688
926 993
173 697
595 675
580 689
537 903
152 728
489 616
882 967
821 959
524 875
47 365
557 909
308 320
805 942
44 995
289 966
899 910
579 678
149 154
721 980
278 557
627 684
846 913
754 790
326 574
967 977
871 898
694 969
816 915
17 668
833 930
694 701
158 194
530 582
269 599
764 977
192 865
733 849
823 912
86 438
55 901
286 946
964 987
508 944
841 985
704 879
194 532
305 997
33 406
831 916
504 704
444 561
822 858
728 879
462 602
549 593
269 934
992 993
356 933
598 907
447 866
640 782
502 820
507 658
446 824
435 942
543 942
891 939
447 574
334 480
710 745
269 738
942 999
841 855
129 816
860 989
602 807
525 755
82 664
469 968
516 955
678 782
743 937
721 987
377 890
405 497
298 979
734 818
973 981
455 596
85 886
169 392
389 524
802 977
871 910
808 990
187 528
501 719
460 975
498 687
494 834
63 398
947 965
852 896
607 729
526 912
426 660
473 877
763 908
36 846
364 875
677 978
137 951
407 460
652 730
699 833
402 622
240 564
552 644
287 872
509 761
689 909
719 996
92 474
144 647
70 335
910 917
895 994
150 751
492 608
596 849
619 674
926 956
549 847
488 919
422 826
779 997
446 584
564 741
260 524
943 947
275 974
336 604
141 505
673 818
44 843
595 684
789 925
714 983
574 710
52 269
703 949
151 312
23 651
743 920
599 639
376 839
479 970
85 304
378 830
696 798
992 996
244 537
693 966
718 751
509 596
995 997
810 954
535 628
464 573
121 308
253 682
141 694
712 978
993 996
559 724
478 757
892 949
131 424
636 687
613 697
338 668
325 489
406 483
372 840
709 783
800 919
607 704
549 947
409 598
365 710
811 818
280 558
378 737
214 485
646 958
234 521
468 903
239 467
342 454
839 916
183 378
449 746
746 968
678 680
620 772
86 342
49 799
273 490
597 801
192 216
416 791
916 990
352 917
196 447
396 972
116 748
747 796
719 816
486 567
537 692
898 949
274 906
61 791
973 980
5 951
332 394
727 762
145 292
72 960
315 799
906 940
449 901
870 891
62 169
218 311
746 961
474 756
654 866
207 691
59 664
80 345
494 513
524 726
454 670
148 776
986 993
719 947
997 1000
342 724
744 757
361 831
995 997
610 792
923 955
680 691
71 652
825 980
457 826
855 896
639 905
424 943
432 767
944 989
807 972
267 635
356 764
711 825
63 436
313 462
627 974
118 358
952 960
468 762
482 784
805 980
494 790
541 637
948 999
204 591
380 810
189 908
396 439
199 385
997 999
199 737
206 475
839 898
302 692
419 866
144 803
764 835
483 933
49 483
488 588
583 586
408 639
112 960
779 828
489 643
648 855
473 658
837 846
808 894
257 771
552 901
237 561
813 974
378 720
874 967
614 675
820 839
242 876
159 722
302 869
594 983
470 584
764 768
535 829
227 953
202 802
200 709
362 510
582 783
382 778
322 690
304 404
339 384
676 993
883 903
99 779
112 775
70 935
487 756
213 569
976 1000
696 923
819 894
934 942
1 792
95 98
213 858
780 844
331 356
968 990
339 847
311 723
189 227
410 778
548 750
506 752
687 824
88 192
740 813
606 974
124 806
227 398
916 956
941 952
16 204
822 858
178 977
844 937
230 292
266 666
741 803
791 881
100 402
418 874
406 889
114 118
22 398
470 837
233 235
660 951
248 442
679 913
190 530
183 930
382 698
965 975
458 503
101 718
731 918
365 562
380 769
460 878
491 863
247 835
954 972
258 375
347 419
950 976
278 846
849 887
422 834
891 900
166 462
681 805
624 629
97 925
542 965
948 984
871 934
595 736
687 990
127 490
738 756
151 936
438 596
283 483
717 797
395 675
563 883
22 811
190 858
668 887
669 956
783 901
942 980
480 586
2 147
338 561
661 939
504 703
671 871
602 939
834 918
222 385
885 886
999 1000
8 103
9 663
976 993
549 912
607 825
62 341
404 499
193 513
399 529
274 539
399 500
707 956
647 820
608 683
248 837
867 959
776 960
278 944
762 843
952 961
61 487
151 579
896 914
151 350
719 826
818 841
841 844
96 380
845 919
896 962
535 921
583 861
781 863
710 823
801 843
340 897
693 870
344 820
345 983
570 659
653 794
246 575
597 799
156 485
431 993
452 940
474 961
726 985
16 703
854 900
699 841
354 521
286 941
573 945
810 924
981 982
576 680
703 884
721 958
161 415
804 992
507 614
756 859
375 945
898 956
174 855
727 777
168 177
616 762
365 463
867 870
616 700
740 774
777 933
847 997
630 670
248 431
805 806
608 685
296 952
428 1000
39 150
367 773
60 624
519 759
699 955
722 778
325 901
125 218
393 695
326 700
317 585
389 506
207 398
293 726
278 313
165 850
28 32
819 840
517 771
321 985
2 313
854 972
807 895
93 280
916 939
653 696
110 526
304 715
381 698
890 919
754 844
291 471
98 832
568 798
841 905
627 677
737 849
316 767
836 905
119 177
243 423
972 984
455 457
444 817
756 907
553 823
218 461
791 801
928 932
996 1000
84 329
230 702
745 860
726 835
730 809
118 885
498 582
363 505
270 752
861 891
87 899
417 822
401 672
371 791
350 500
238 696
61 347
585 810
283 394
937 987
210 396
136 436
475 691
551 779
424 522
409 855
938 986
105 216
561 950
106 476
617 685
61 446
367 935
647 887
300 948
9 236
950 953
908 993
67 260
46 944
944 970
95 156
405 708
947 970
845 886
297 723
242 602
486 750
984 987
810 882
598 895
207 711
112 951
185 837
78 462
872 886
973 996
61 516
426 524
357 958
852 975
523 687
913 969
740 885
812 953
172 410
731 906
569 938
118 283
260 898
624 902
706 802
574 599
705 955
57 757
193 608
25 605
916 923
263 544
209 314
923 977
764 867
924 926
577 804
224 828
520 869
539 914
768 813
404 470
728 882
190 845
407 541
852 916
874 991
144 697
417 857
983 989
936 979
811 983
261 729
451 872
702 820
766 941
45 210
325 688
98 556
490 908
931 990
456 600
914 980
898 983
219 500
328 755
807 823
130 980
758 987
322 797
872 956
841 916
683 941
200 690
277 377
292 523
360 531
194 764
833 879
882 986
530 623
878 879
17 816
144 281
588 670
33 41
798 808
476 857
543 695
926 932
694 730
797 850
409 488
318 895
787 932
643 679
174 488
440 503
618 751
172 655
85 459
953 986
468 910
934 980
945 999
50 843
738 984
316 814
62 530
824 958
430 601
712 926
232 778
568 700
240 484
715 818
500 704
609 646
152 183
313 701
566 852
292 908
24 597
142 760
922 968
120 408
896 936
196 204
610 995
527 537
159 985
332 577
983 990
522 901
410 467
664 722
502 507
464 564
496 960
826 906
600 833
447 871
712 755
996 997
785 915
283 453
722 861
359 790
