8111
728 823
357 531
353 448
977 992
428 913
178 957
230 821
303 912
659 740
288 897
503 970
828 924
149 706
728 766
274 877
937 962
328 332
882 937
102 380
157 452
327 467
505 653
553 691
440 592
540 655
261 801
33 153
89 421
877 899
91 582
381 441
884 905
757 966
394 930
123 240
196 905
350 507
837 961
523 895
782 928
798 984
234 295
755 848
111 966
992 1000
725 991
506 681
303 502
467 812
44 172
854 975
617 953
839 872
484 926
711 726
808 944
574 794
54 366
527 854
957 973
409 617
842 857
674 699
978 986
519 851
518 627
692 982
743 842
920 927
162 767
611 978
66 730
325 585
891 919
28 596
887 915
801 928
318 507
664 883
899 963
550 917
773 973
983 990
876 877
909 995
157 556
439 894
391 959
452 714
319 863
838 933
942 1000
653 686
79 954
445 962
910 971
842 986
191 194
44 466
477 591
431 434
504 531
888 984
152 875
667 824
336 854
391 632
300 372
251 314
879 889
308 778
626 644
712 783
825 874
834 878
865 883
173 528
105 619
837 997
331 903
419 655
480 601
56 969
155 306
374 838
381 768
507 980
226 544
305 658
261 665
609 896
901 926
731 840
584 893
831 846
626 816
143 555
473 542
819 928
192 686
247 975
521 661
689 805
668 831
752 778
288 292
55 141
935 963
844 905
431 993
126 144
557 954
809 979
297 335
967 985
390 828
784 895
228 681
634 763
21 79
744 763
257 677
736 951
758 787
905 922
527 819
365 870
159 750
768 953
618 952
153 358
369 880
7 678
990 996
619 930
815 978
295 356
978 985
522 890
518 734
923 973
648 732
578 817
226 900
702 890
737 824
678 915
907 940
682 705
186 592
816 929
652 946
704 848
176 673
861 982
30 205
407 948
514 663
708 927
868 888
230 788
295 335
353 764
783 936
512 845
643 902
673 968
601 722
471 890
147 640
292 892
455 689
178 999
571 855
732 747
787 847
769 842
740 756
62 381
857 945
914 979
931 966
448 791
671 816
393 565
264 365
605 825
170 858
872 883
381 575
241 500
447 495
448 653
702 954
670 839
90 864
734 817
502 552
124 898
417 662
482 713
525 917
953 966
645 998
490 785
542 872
519 997
638 662
724 939
820 840
249 827
383 907
46 286
705 888
119 146
180 227
294 515
602 784
202 548
884 931
961 978
617 642
588 666
24 858
885 955
504 803
964 999
797 951
891 943
141 364
987 995
309 694
557 685
599 885
105 778
291 308
542 571
786 894
291 839
516 780
201 952
403 489
452 510
322 732
198 772
417 678
370 857
204 225
632 766
39 257
745 878
651 765
313 638
217 766
933 947
298 989
701 817
133 868
20 209
718 946
780 837
660 782
188 289
773 981
890 901
45 165
941 971
667 770
872 893
163 380
516 904
868 885
646 788
141 315
945 998
862 988
149 584
739 851
505 661
342 647
48 347
631 940
268 736
696 703
423 680
415 824
700 898
879 905
533 820
160 411
664 897
882 958
329 769
213 909
555 973
124 155
362 899
462 852
964 987
566 893
982 985
721 1000
243 447
800 881
136 259
272 557
957 969
905 980
526 850
881 996
12 894
677 836
124 605
186 402
233 470
382 780
199 547
772 811
172 343
556 770
812 912
965 973
292 761
422 837
826 871
294 352
519 775
44 103
339 469
451 872
402 713
132 568
37 511
653 668
508 898
85 344
508 871
592 800
59 285
853 882
318 385
964 972
651 730
500 899
996 999
752 934
356 977
863 901
201 740
877 917
831 974
648 871
930 971
76 376
673 871
878 909
907 988
369 833
700 967
513 793
819 980
509 657
638 689
353 933
487 673
539 819
605 746
736 986
894 909
99 672
288 634
60 178
572 637
908 934
799 887
464 735
730 807
814 961
899 984
465 894
255 825
631 911
476 948
760 814
92 317
378 642
316 411
527 724
388 978
433 921
817 989
460 674
962 982
545 984
676 690
667 739
80 626
905 966
992 1000
989 994
277 412
858 953
33 433
569 946
936 972
877 950
511 611
504 953
765 951
134 448
450 887
771 794
821 852
618 953
145 932
665 993
550 631
82 618
853 890
917 992
38 943
906 978
40 107
193 576
145 863
101 803
708 845
972 979
784 848
315 453
844 906
202 735
117 490
459 634
240 508
608 747
412 468
992 996
74 361
717 888
578 667
513 565
141 512
981 987
111 568
83 399
753 846
485 873
617 903
656 964
610 940
734 780
403 729
253 934
275 333
610 622
258 958
721 779
648 923
115 261
65 99
274 583
607 964
617 701
943 955
156 396
544 942
910 965
849 892
303 927
540 706
873 940
762 953
199 554
300 324
628 662
199 671
179 801
745 762
212 542
194 691
59 215
750 965
9 439
650 999
827 949
958 975
648 770
379 624
535 848
637 767
331 723
372 901
746 982
418 637
335 767
463 748
983 990
728 936
387 994
819 935
592 813
155 638
851 923
750 834
953 996
323 612
905 966
20 150
134 832
20 138
920 980
214 402
245 506
735 799
778 812
888 907
231 739
436 947
292 955
156 747
521 757
368 660
139 875
849 860
90 114
29 622
743 813
282 758
601 764
739 812
126 487
655 702
78 623
790 926
400 520
64 284
578 810
441 630
860 906
523 565
353 615
566 860
413 805
43 216
336 868
927 953
797 828
992 997
322 753
776 986
140 768
76 591
96 710
343 659
128 881
649 691
742 785
660 983
968 991
406 518
656 878
421 775
237 950
125 729
951 958
418 713
566 877
308 543
721 897
857 862
298 692
420 471
592 649
589 702
843 884
572 762
786 822
610 917
936 971
306 947
734 930
687 744
986 987
568 655
64 660
589 848
602 623
469 644
663 859
496 943
279 680
130 766
353 519
168 490
521 904
428 611
763 962
178 338
945 984
751 884
730 762
802 991
682 824
977 984
903 965
809 969
571 917
463 609
492 728
955 965
471 539
645 912
305 771
865 953
122 397
464 524
730 909
120 911
654 849
8 833
254 369
714 805
930 938
566 650
581 651
561 764
470 960
495 759
968 1000
20 559
67 379
625 742
954 983
937 975
471 616
672 676
818 841
39 890
347 673
144 672
895 963
9 104
55 266
279 401
322 705
771 925
425 430
587 913
574 801
145 394
251 364
692 758
996 999
718 802
900 967
378 548
161 400
85 220
392 403
987 995
167 431
353 516
663 756
716 773
102 292
720 753
896 954
281 865
584 692
144 813
625 836
142 932
448 483
320 729
986 989
988 999
704 881
377 627
784 868
149 904
35 755
201 292
440 989
921 981
379 768
430 587
290 871
742 933
664 954
563 717
84 806
837 928
23 428
693 761
739 784
464 751
674 934
398 493
852 929
770 914
323 953
89 245
314 398
66 703
908 968
896 995
758 777
764 946
505 516
827 961
596 882
691 769
805 986
169 426
837 972
214 719
298 509
593 807
464 880
443 949
110 888
383 839
196 979
789 968
776 911
676 981
155 477
758 844
490 797
219 880
166 402
542 959
139 633
92 213
91 826
709 966
724 891
667 763
339 853
687 885
881 988
14 951
853 969
906 950
949 953
116 303
606 764
99 156
767 854
874 927
34 278
583 894
94 756
696 959
935 938
286 778
854 985
979 988
710 826
588 976
268 977
872 997
678 710
642 724
262 903
923 979
935 937
239 952
82 942
742 867
462 647
55 722
17 444
763 957
640 792
61 207
467 727
786 986
887 930
9 436
605 620
464 794
226 840
365 739
243 300
284 982
916 974
277 714
30 544
923 947
814 846
248 613
825 936
601 735
114 246
519 654
415 748
232 302
609 926
243 373
856 978
706 763
682 709
281 761
211 587
392 650
390 848
233 378
556 687
122 807
483 751
364 818
866 885
45 722
629 641
66 363
77 593
120 567
634 692
548 826
109 195
886 946
886 990
806 897
479 496
890 944
914 971
41 309
159 816
25 935
322 630
961 994
823 957
239 990
863 929
519 744
866 876
331 879
383 728
414 984
652 823
672 854
65 658
30 214
434 459
998 999
224 677
375 546
224 444
270 491
303 913
399 662
628 801
223 627
315 488
437 513
732 947
986 998
766 824
295 782
54 429
618 868
240 668
99 260
885 920
989 999
165 217
774 913
814 959
877 933
323 479
320 325
946 987
164 767
956 994
9 281
485 623
169 324
910 971
207 480
178 707
188 556
774 798
558 944
888 916
4 598
259 453
482 595
834 934
461 685
36 855
581 816
887 979
522 644
280 542
92 673
232 858
80 818
403 876
430 511
990 995
155 181
237 613
258 951
246 404
339 708
275 977
953 988
607 704
156 551
318 640
411 733
679 831
227 680
57 785
386 822
973 996
790 888
32 83
549 748
890 954
733 988
748 862
503 566
580 620
93 959
768 803
454 704
409 765
246 837
943 970
840 914
205 756
721 774
353 916
11 727
226 924
596 930
746 962
930 970
363 473
701 993
957 994
590 971
298 385
965 989
745 932
694 914
581 891
573 630
678 833
419 777
865 913
971 991
223 228
10 169
308 549
772 791
621 627
637 670
329 426
643 782
847 971
428 994
652 660
758 795
2 570
520 523
634 754
782 915
704 900
366 463
370 893
122 276
321 678
815 842
499 506
82 613
560 734
19 785
858 879
885 910
358 848
413 977
27 425
955 992
333 821
87 948
786 948
135 718
797 996
298 587
657 968
572 725
863 991
747 891
990 992
953 983
40 739
876 901
976 980
904 955
408 569
947 958
670 727
663 844
227 406
769 920
248 353
351 891
872 917
566 746
935 973
276 337
691 938
836 923
482 643
400 839
365 690
121 525
807 877
832 965
325 971
172 839
308 395
205 546
434 504
613 915
145 385
23 66
265 754
125 499
14 856
930 938
265 854
409 724
648 747
680 687
853 901
662 832
295 742
950 998
955 997
788 901
478 802
241 753
743 765
297 931
5 901
300 621
866 892
368 606
412 914
203 872
210 906
289 696
382 946
597 663
641 848
186 955
588 861
258 781
485 530
654 998
95 666
875 920
974 989
694 992
445 839
361 473
479 689
674 680
329 381
690 861
87 126
806 950
601 955
394 630
626 921
337 680
747 773
777 836
851 855
879 997
348 972
695 953
561 938
996 1000
795 855
174 753
908 955
408 813
673 693
640 769
978 994
269 674
693 902
123 924
500 557
419 535
596 851
968 992
707 752
868 964
886 892
404 731
160 569
535 567
370 746
634 642
727 805
290 758
170 876
336 595
872 987
974 978
240 876
549 672
221 815
569 859
104 638
836 953
261 400
8 296
708 772
131 835
128 965
397 891
330 814
272 673
51 353
395 819
95 786
616 663
284 376
320 864
552 773
132 919
343 372
696 909
291 431
14 283
545 888
423 657
457 898
752 780
801 881
561 627
555 938
992 999
931 981
428 729
306 486
608 788
250 527
876 885
953 956
259 508
557 701
825 925
338 919
441 955
742 822
259 603
157 859
550 663
224 334
762 825
974 993
724 774
828 989
947 977
721 862
63 141
843 915
559 661
594 943
875 905
817 921
595 615
893 971
539 714
256 580
609 867
894 980
178 573
691 801
930 938
923 979
766 929
654 975
756 929
218 298
961 969
38 379
66 134
749 927
394 446
905 974
831 866
441 910
792 997
68 431
783 921
697 928
53 140
223 389
840 847
143 824
860 967
986 999
363 700
973 976
284 545
158 576
691 712
750 818
829 891
412 900
291 909
474 961
814 991
15 307
533 767
222 292
550 721
532 656
901 939
122 464
713 848
850 866
836 930
713 911
469 969
557 906
631 990
916 996
853 934
170 422
954 993
472 867
633 957
554 703
619 988
674 892
578 627
805 908
284 613
641 754
99 479
138 502
268 977
430 528
676 930
670 692
927 953
164 237
339 605
859 921
993 996
582 833
423 690
973 974
254 290
602 674
890 916
817 844
496 520
990 998
207 272
831 963
600 928
260 357
36 984
342 715
757 918
622 817
297 842
293 634
423 537
331 507
181 781
763 770
574 670
285 719
557 689
100 358
477 854
138 354
864 873
666 684
555 883
863 942
154 962
347 385
472 518
883 924
261 604
790 935
607 709
267 682
769 801
760 889
379 428
496 783
867 979
519 878
888 948
47 987
109 672
438 541
271 401
854 953
274 391
985 998
261 639
328 755
943 970
17 687
808 951
887 892
599 638
593 698
349 858
611 728
286 426
913 947
674 928
432 706
190 869
215 577
427 767
294 353
221 517
785 908
261 633
16 580
331 485
479 570
885 938
560 798
951 983
72 858
589 953
147 860
941 983
463 716
480 672
320 370
954 984
934 980
704 978
693 991
742 897
452 514
787 984
349 578
702 785
660 722
255 809
597 778
9 521
780 906
607 725
306 872
609 836
234 544
244 919
128 624
55 838
738 755
638 871
993 1000
204 343
788 818
672 895
287 648
188 945
282 597
524 803
820 966
864 871
989 996
727 811
937 939
885 966
28 427
850 857
843 994
620 724
822 858
340 819
223 806
269 302
54 418
742 868
347 908
192 453
824 961
667 802
680 846
272 463
379 891
721 784
783 975
737 826
693 964
245 969
994 998
318 751
123 320
568 741
760 949
468 685
671 710
733 877
554 954
644 858
398 745
270 533
465 670
327 985
402 647
945 983
105 873
108 544
875 950
288 481
986 991
542 901
185 486
170 598
944 981
878 883
340 892
671 934
541 620
313 780
382 644
704 855
881 945
958 966
692 720
364 618
872 949
576 684
832 849
490 721
154 407
793 947
886 918
431 467
167 356
760 951
400 554
106 687
230 254
805 973
242 527
678 952
325 516
555 950
505 649
499 971
273 787
783 815
787 882
192 441
221 852
73 421
22 84
502 764
191 219
729 884
28 145
80 560
926 992
497 994
404 992
392 762
484 844
809 828
235 647
27 835
392 601
176 180
556 623
727 839
993 998
978 993
472 708
962 984
105 478
323 378
487 840
521 818
622 626
833 906
699 715
239 401
168 634
681 729
166 929
554 831
822 947
477 767
444 840
796 909
182 576
464 682
110 977
676 784
782 832
484 522
290 638
612 684
592 774
201 389
413 709
37 330
420 918
194 401
170 502
663 840
536 654
767 891
145 791
226 784
636 917
221 880
369 686
10 180
176 979
67 300
93 432
151 552
298 625
120 492
48 557
976 990
601 644
275 558
465 519
929 988
815 940
430 966
278 620
832 935
446 998
571 597
896 947
288 821
620 944
732 866
696 916
665 670
241 447
142 955
743 920
118 754
591 930
376 921
409 629
779 842
163 316
486 493
212 778
183 989
926 969
467 806
294 306
479 760
183 754
345 402
876 985
84 767
889 941
731 848
104 289
945 965
785 994
271 729
19 246
898 944
103 210
10 250
235 525
360 888
208 911
336 545
493 561
649 898
905 948
90 320
12 970
276 672
874 970
488 554
59 308
754 756
229 578
689 724
680 847
109 426
280 510
757 896
129 607
558 860
115 271
512 716
246 871
889 924
711 793
402 895
947 969
383 842
271 397
652 707
688 917
838 924
370 751
989 994
327 784
631 890
125 672
466 783
199 938
368 972
467 618
448 727
388 746
766 777
666 884
172 681
524 536
382 389
814 961
804 964
941 949
325 618
696 728
696 736
138 411
192 553
498 515
345 785
49 508
106 900
463 686
434 839
452 710
81 852
120 173
627 845
514 786
72 227
981 994
429 625
464 562
58 601
264 874
710 982
609 740
580 824
715 856
956 970
630 663
461 532
677 765
57 565
667 700
503 513
199 908
20 858
480 844
296 752
322 944
5 873
745 936
182 951
45 909
451 903
101 131
533 992
571 786
445 547
189 944
318 959
480 946
616 823
287 960
587 674
286 710
778 794
806 950
373 857
243 917
75 603
938 960
931 984
247 890
851 923
556 793
486 556
572 746
987 1000
448 853
235 327
143 338
683 821
857 968
187 721
988 997
808 960
620 708
379 750
365 663
173 570
763 779
104 339
369 994
162 614
92 776
978 988
297 753
857 953
986 996
621 676
976 995
181 868
853 937
518 747
595 816
177 361
964 979
254 896
157 325
962 973
595 888
462 783
496 978
780 950
795 942
722 728
799 838
758 986
10 219
954 982
453 872
729 979
615 732
674 960
760 940
710 990
521 721
628 986
927 992
981 987
223 435
187 581
584 766
962 980
925 951
917 973
835 900
238 281
581 990
750 824
361 1000
884 900
551 817
945 957
505 678
591 876
228 721
283 637
234 380
975 980
785 900
848 990
93 110
556 740
362 739
265 819
346 718
464 864
55 206
658 861
388 496
567 664
141 183
36 253
436 590
311 904
663 833
708 832
722 728
117 656
269 800
416 594
479 564
507 871
388 732
630 840
703 744
398 662
34 862
658 886
967 989
227 523
434 513
696 830
103 902
60 665
554 733
658 737
924 945
233 747
5 728
421 531
8 314
18 199
690 813
83 578
662 947
737 744
734 973
564 584
914 978
469 515
255 568
161 359
479 605
898 902
156 563
983 988
148 539
512 960
985 995
654 872
245 686
381 593
983 985
763 826
834 917
471 514
26 983
565 995
765 803
15 973
755 855
459 637
708 969
161 336
575 606
279 933
95 872
134 494
46 363
77 214
562 588
82 645
597 763
627 698
542 779
649 832
506 612
212 959
315 723
241 981
409 798
588 639
695 889
58 397
545 743
256 653
783 816
99 520
14 519
478 660
675 987
377 531
426 642
198 802
56 321
501 676
267 331
84 428
73 840
378 805
75 318
992 993
52 971
912 952
687 797
531 557
395 966
498 565
174 436
849 978
735 1000
724 761
188 354
406 823
453 768
514 739
200 362
210 297
382 942
460 699
64 680
641 896
167 169
532 700
118 450
222 228
973 979
449 981
824 967
520 873
534 812
150 177
908 990
396 480
368 726
81 976
479 650
335 863
391 855
96 258
720 842
723 977
442 462
969 979
47 875
733 870
636 718
414 969
296 754
808 817
244 543
878 930
614 892
463 650
948 983
335 430
304 568
458 578
840 980
204 905
194 410
905 924
255 311
335 533
86 507
872 879
5 957
38 186
399 435
8 764
785 903
943 982
463 931
134 152
378 802
907 972
63 460
852 870
708 994
128 648
764 821
854 947
177 337
591 911
418 728
613 997
213 258
488 661
518 973
216 248
846 956
422 916
106 793
718 817
152 163
616 827
90 917
683 777
621 626
409 563
185 480
552 984
829 915
60 367
658 777
597 809
818 913
221 776
780 939
283 302
914 951
890 944
823 997
377 670
741 929
423 991
267 296
777 782
557 986
270 558
7 749
984 997
801 964
7 323
716 963
640 755
91 635
750 980
306 740
210 829
806 900
628 931
107 552
510 541
105 451
772 819
142 919
343 746
997 1000
708 776
26 445
82 134
906 913
328 821
813 996
705 810
899 960
459 973
577 887
955 987
132 831
667 822
948 991
688 822
591 627
172 763
814 975
873 929
70 179
64 677
598 600
981 995
174 641
211 783
558 686
874 931
501 854
999 1000
797 861
474 594
926 940
548 663
476 570
256 723
308 707
180 296
219 539
93 166
828 985
899 975
311 523
49 490
274 300
366 884
741 786
20 761
334 352
22 334
283 773
272 913
837 920
817 910
760 873
991 993
987 991
372 636
23 888
353 786
45 106
96 909
292 549
272 538
834 884
587 896
644 965
979 986
528 857
692 922
556 958
514 522
662 872
244 938
912 928
43 509
626 858
498 948
473 831
815 822
76 292
593 666
246 542
743 769
541 659
58 564
937 974
492 606
75 597
553 716
143 584
615 934
177 621
568 718
39 430
523 592
46 694
965 984
495 983
813 939
515 963
84 446
75 384
898 934
721 930
174 955
85 837
294 951
433 552
771 930
529 923
407 938
378 785
747 814
934 977
492 577
234 886
47 249
570 862
431 681
145 312
719 941
394 965
587 993
305 554
957 980
682 888
560 763
185 888
366 583
607 663
756 926
1 869
796 874
386 901
288 596
362 768
383 484
195 282
211 249
702 984
651 885
981 997
348 983
866 893
136 792
305 719
344 519
999 1000
378 421
656 694
177 306
924 990
1 57
230 321
933 938
971 988
660 868
28 446
989 992
119 576
950 978
340 498
239 418
788 944
603 788
339 420
868 985
103 257
752 791
708 958
523 720
524 713
889 996
372 570
505 896
521 842
709 954
371 498
217 566
996 999
531 913
438 487
98 207
22 67
488 738
348 518
225 884
687 968
859 961
398 613
69 511
765 833
283 600
768 791
242 448
592 777
432 500
194 274
61 526
784 822
526 900
503 826
720 776
348 451
898 900
343 604
700 889
365 913
873 997
382 775
218 710
926 962
226 762
957 990
552 768
388 508
183 412
411 543
436 487
564 980
834 870
554 612
474 501
427 941
746 875
142 856
746 914
730 814
781 790
270 943
753 869
559 641
505 634
817 861
388 651
806 965
427 648
684 969
243 672
699 929
912 964
421 777
256 740
698 887
698 900
129 389
307 711
751 905
775 961
814 928
373 640
633 953
31 451
51 241
300 537
227 658
123 697
125 982
161 383
629 646
375 913
433 701
348 485
115 139
69 311
577 866
448 970
676 878
49 483
974 992
521 695
332 848
628 956
741 937
814 888
191 813
939 950
17 785
429 453
177 914
296 768
545 784
806 937
433 976
890 949
336 764
836 960
676 707
526 858
642 833
886 932
692 783
112 749
144 666
12 699
57 805
761 916
694 949
466 490
396 567
894 912
76 361
444 450
180 836
334 468
424 818
147 949
81 392
952 1000
559 623
407 699
122 502
578 583
707 992
835 907
188 846
478 721
710 870
427 514
65 376
814 911
258 973
300 633
929 954
593 857
999 1000
890 948
13 511
604 782
68 367
180 453
333 556
438 609
253 375
922 989
413 884
606 871
212 271
885 973
797 859
7 385
943 993
700 926
693 738
144 665
100 760
177 439
347 876
415 817
381 502
986 987
94 505
847 849
42 714
215 231
397 415
960 973
508 982
108 497
388 845
198 876
382 664
597 648
989 1000
414 450
180 513
80 667
577 775
667 865
25 843
204 556
413 475
485 742
665 989
540 617
583 633
122 973
392 854
600 882
795 969
198 934
758 949
417 445
699 893
366 567
237 674
86 540
307 689
983 994
146 445
267 572
422 765
599 634
937 984
909 957
926 937
428 947
892 989
247 919
875 929
262 541
605 946
932 976
699 872
202 781
198 714
474 612
164 952
609 927
942 972
413 715
22 227
674 801
981 991
667 828
402 857
484 826
907 995
678 980
69 954
95 986
35 954
123 758
367 970
380 530
142 331
64 299
930 977
237 514
451 838
465 864
290 855
964 998
333 778
500 725
677 864
954 957
498 743
733 744
996 999
856 928
418 554
117 482
73 702
30 1000
965 978
391 880
90 883
855 857
504 533
969 973
751 913
532 915
871 915
675 938
392 855
677 686
800 955
201 670
897 901
73 461
922 926
580 618
98 619
224 895
401 638
173 864
146 308
744 783
288 966
823 881
999 1000
135 446
614 681
708 955
185 316
317 825
872 879
113 668
108 273
688 769
351 756
829 979
608 918
800 961
979 987
425 497
598 812
869 954
532 589
82 290
746 987
931 942
246 707
519 746
940 983
336 551
759 786
818 842
284 893
284 421
628 630
367 991
777 854
353 630
11 358
821 951
31 306
349 588
844 898
567 685
715 865
6 377
607 810
592 735
894 909
585 956
539 940
265 793
694 719
834 995
888 937
395 882
711 1000
857 932
198 227
303 514
852 974
296 897
628 738
583 724
415 645
957 979
226 710
92 974
905 939
868 920
184 574
808 818
50 711
174 306
394 895
283 762
921 963
681 947
130 765
727 866
888 967
804 952
987 995
20 1000
381 615
922 926
513 947
693 703
911 916
112 464
566 912
408 472
884 885
463 671
461 477
695 800
667 957
484 750
199 814
308 687
799 820
932 951
515 723
127 503
349 607
255 906
320 421
459 868
239 977
301 829
400 673
598 740
225 366
506 609
439 463
104 875
854 859
891 940
910 951
810 962
906 933
254 909
407 479
691 796
286 720
718 928
432 758
432 441
899 992
698 973
741 798
770 1000
364 430
867 895
144 431
482 501
196 424
60 703
690 728
862 973
786 885
60 626
186 742
55 591
533 781
59 892
681 867
263 466
954 976
217 412
54 573
520 951
612 879
703 857
465 597
276 794
765 812
648 999
633 772
736 816
961 962
992 999
766 918
358 675
456 485
912 935
143 502
716 785
852 919
101 734
686 869
170 257
860 998
935 993
550 978
134 255
493 896
200 363
278 814
576 976
679 703
825 970
692 716
235 811
370 955
457 813
22 271
12 475
798 890
5 230
422 705
199 217
836 992
888 930
48 498
884 968
121 666
237 728
60 843
489 538
390 993
148 619
787 788
779 976
860 873
914 929
852 1000
283 710
426 503
5 677
380 945
613 888
200 384
766 792
816 932
581 981
255 930
619 856
114 600
516 910
644 877
961 1000
130 311
93 377
523 675
507 559
825 958
677 824
102 412
764 786
233 892
398 863
391 407
722 874
365 890
541 895
438 635
983 1000
855 861
183 947
52 174
225 989
776 988
319 598
57 240
321 937
761 924
635 836
600 649
642 850
794 853
344 907
916 1000
53 534
11 184
294 342
782 881
57 824
109 638
891 977
683 768
631 798
431 499
780 892
612 999
28 454
71 548
865 893
724 776
173 393
323 393
431 992
710 833
529 630
189 468
791 937
691 978
236 797
43 143
934 953
860 914
554 681
333 622
614 640
494 856
998 1000
469 644
151 750
351 928
988 990
166 232
785 909
879 1000
777 796
309 436
965 989
700 764
804 875
955 978
435 616
375 844
35 516
161 775
727 848
534 970
871 924
384 759
61 764
449 870
448 669
425 720
264 412
930 949
907 938
938 998
286 900
977 988
634 786
263 850
648 963
774 980
19 297
889 985
106 218
518 952
549 994
704 708
648 970
66 191
85 135
74 220
360 941
190 437
329 429
358 572
168 602
654 872
597 734
151 932
833 863
367 880
442 775
457 736
816 913
971 978
869 968
922 954
339 932
613 779
625 762
365 903
501 756
423 590
732 807
394 637
222 630
649 717
614 797
718 907
184 760
179 524
297 875
408 687
464 754
703 811
532 940
679 691
564 601
675 906
606 810
414 847
139 231
354 988
956 989
560 825
430 771
785 824
63 290
675 724
462 983
791 797
910 948
56 872
739 931
495 581
846 923
188 622
349 757
15 754
589 880
278 669
182 292
611 613
378 625
221 742
352 435
23 971
207 334
363 602
882 888
329 517
166 683
528 698
774 816
753 821
858 992
470 661
776 970
313 954
162 264
984 989
87 618
660 727
976 984
226 935
5 586
563 810
844 865
755 959
470 951
837 895
716 930
341 855
646 935
377 730
235 335
969 981
571 839
671 961
20 441
305 327
460 670
309 629
367 754
913 922
393 814
17 630
114 916
978 995
708 837
795 898
144 687
741 999
281 667
264 883
740 914
689 948
823 959
460 537
325 659
141 488
823 990
309 789
911 932
109 561
315 873
422 499
592 600
232 470
193 556
793 866
887 982
113 671
276 478
279 834
653 942
269 947
104 891
604 818
471 898
859 963
333 678
934 986
245 377
254 937
186 651
142 400
195 406
839 985
462 725
395 577
75 513
563 642
352 655
819 861
545 985
446 834
954 979
990 999
357 594
103 538
422 622
228 616
88 433
782 970
511 736
654 727
787 807
228 538
94 380
235 625
935 944
20 197
776 878
992 999
947 979
570 607
378 380
653 929
873 962
679 767
857 900
913 965
613 614
122 200
613 968
350 387
632 717
260 343
50 109
441 931
173 771
966 972
741 856
481 889
466 480
164 980
42 950
820 861
560 788
468 471
105 920
775 840
498 935
912 932
289 620
340 460
617 865
556 664
957 963
820 891
305 936
886 915
271 579
735 790
135 573
245 641
646 650
971 981
842 910
863 915
222 565
936 970
706 940
405 730
922 984
393 503
43 560
757 874
992 993
284 310
738 993
677 787
720 804
950 977
74 703
997 999
102 637
588 766
908 978
446 826
102 606
837 876
127 857
176 249
334 791
699 786
885 924
65 232
923 941
119 653
501 963
468 773
142 555
177 930
862 872
221 572
85 648
937 945
333 654
884 987
787 887
587 950
742 926
915 924
814 945
940 964
880 891
52 117
900 954
62 603
398 729
306 432
463 807
264 413
60 467
52 387
795 964
852 992
803 865
881 920
897 919
706 934
170 987
666 695
784 972
298 334
441 783
470 749
673 945
451 998
721 999
667 870
689 798
843 983
287 391
943 982
121 736
775 859
335 747
675 736
524 906
64 824
758 842
496 987
565 940
718 909
379 477
45 210
607 613
591 948
940 943
785 858
835 951
373 683
928 957
10 274
830 953
202 823
424 625
631 823
485 757
19 982
596 806
925 955
971 993
462 521
206 701
619 948
110 935
104 237
606 702
22 117
491 772
536 767
263 802
114 140
773 990
341 792
369 401
728 815
955 964
713 758
138 594
862 925
434 943
330 712
315 897
623 692
437 439
528 589
261 538
862 912
738 868
270 949
684 693
369 471
436 890
901 994
272 503
893 908
319 544
741 782
518 652
652 656
656 810
817 980
382 692
660 831
782 896
480 692
451 859
514 699
873 990
591 944
111 305
439 823
379 832
746 809
478 884
401 570
654 817
773 826
793 923
644 851
390 757
568 682
224 647
88 425
644 806
778 995
604 898
494 907
657 741
343 571
888 906
188 517
644 740
54 184
590 981
946 984
272 700
750 927
810 924
178 548
790 938
709 967
423 620
727 812
406 567
145 684
903 912
116 620
892 895
438 895
684 872
166 248
72 406
955 988
862 964
272 465
319 375
782 786
765 943
883 934
966 998
385 747
328 647
610 965
453 911
74 532
459 465
191 319
634 731
609 972
516 614
525 690
676 958
430 925
237 852
658 739
746 971
755 767
983 993
582 649
839 993
904 948
703 969
134 843
297 722
709 809
781 791
804 995
732 877
726 769
445 995
747 812
759 998
596 826
310 901
992 996
907 909
19 912
498 662
69 501
242 842
696 831
974 996
176 633
741 856
889 904
931 945
476 578
308 340
489 559
791 995
814 829
933 951
591 976
40 342
787 935
891 974
175 631
165 661
447 692
305 872
751 899
465 603
493 730
676 685
440 663
768 985
580 754
589 708
16 250
617 863
625 991
637 940
26 246
468 484
875 966
194 199
697 861
620 710
511 762
355 755
334 867
663 962
814 966
728 991
679 951
976 988
877 995
322 687
426 481
427 794
731 857
114 314
62 431
414 465
322 965
109 897
69 961
196 601
325 429
582 727
272 992
867 983
898 944
152 522
711 731
378 951
658 848
723 840
382 718
442 495
190 495
258 993
733 854
131 839
300 999
652 995
453 920
867 880
647 918
153 385
832 921
894 926
71 539
47 640
428 808
514 947
477 820
396 859
767 876
235 896
370 690
977 998
871 881
724 779
350 698
950 982
129 411
838 921
944 950
316 791
614 924
889 977
123 413
437 950
559 796
754 846
918 982
230 332
764 867
217 527
463 683
230 232
486 680
617 727
812 856
54 357
442 880
193 653
844 941
680 705
314 401
536 702
214 690
189 991
202 641
693 789
846 983
382 657
396 746
117 368
696 753
713 716
258 647
29 259
107 322
910 969
209 826
698 885
552 978
145 623
688 800
952 981
925 996
225 643
72 121
803 971
636 846
289 345
180 347
329 510
660 951
819 946
301 350
238 534
386 811
654 743
370 640
672 881
690 823
200 212
45 629
641 918
897 970
835 940
902 909
471 883
420 797
146 297
641 788
502 591
34 746
157 383
390 895
176 434
793 903
958 988
192 440
363 481
356 791
984 986
874 876
887 893
681 763
510 989
863 995
13 825
426 725
250 923
694 752
161 176
413 505
748 835
557 719
743 968
436 596
410 659
368 719
48 947
19 65
519 905
821 889
832 939
326 892
634 783
725 832
318 658
729 961
73 612
320 987
1 183
206 490
495 605
896 978
351 812
534 641
445 706
683 704
445 509
920 962
675 691
272 513
726 839
1 24
282 985
982 994
567 623
923 931
464 841
702 779
714 963
639 869
593 735
565 727
13 588
805 895
11 717
844 911
674 970
945 971
678 907
612 744
251 484
925 945
118 484
549 696
67 597
814 841
270 905
923 941
458 516
937 939
354 850
824 852
543 872
618 634
645 813
255 506
800 865
723 845
660 853
652 737
371 759
705 851
630 701
164 614
251 415
523 554
622 986
540 633
612 675
126 637
477 912
837 984
940 984
17 875
602 849
731 818
48 709
602 795
494 922
743 897
841 943
690 954
623 625
306 899
42 718
921 943
663 870
531 676
66 153
20 197
501 541
262 450
921 940
238 817
436 678
824 921
172 284
733 765
429 715
878 983
892 980
623 917
687 774
556 680
868 953
459 713
805 819
261 602
53 930
531 564
717 771
920 966
779 970
792 930
491 577
220 723
150 316
110 598
58 881
313 466
188 590
969 990
234 241
256 927
82 901
82 895
797 828
365 580
554 749
410 661
553 572
5 35
860 902
720 904
166 213
6 575
208 474
879 948
65 474
591 954
763 911
368 379
604 634
14 515
50 438
518 923
654 914
813 861
674 855
855 966
512 995
703 793
447 765
569 688
866 892
128 850
984 1000
346 677
313 715
233 606
943 979
758 994
779 905
445 476
400 608
680 966
603 779
882 988
703 810
100 978
742 899
446 667
989 990
987 991
62 185
105 636
307 392
33 685
881 994
752 846
62 573
940 959
879 916
68 596
591 817
551 756
511 934
313 370
390 865
189 460
664 781
933 991
52 430
244 611
912 913
5 943
562 567
144 540
289 780
119 357
950 979
632 734
155 309
429 452
995 1000
166 617
158 953
344 345
188 750
318 712
716 789
381 738
715 848
13 763
36 88
428 942
554 697
908 986
651 845
918 998
635 846
489 567
127 668
930 978
826 883
964 982
55 579
191 365
28 519
853 882
273 338
868 909
997 1000
107 984
619 681
865 875
863 987
525 637
497 608
545 582
481 903
549 790
252 804
389 637
622 838
972 989
447 584
38 153
149 527
271 958
212 646
933 989
758 768
457 825
781 865
570 826
651 703
272 920
143 268
314 848
673 975
316 875
153 180
589 740
987 999
688 769
545 615
771 986
412 985
807 998
619 675
417 520
193 896
281 425
491 805
743 883
557 792
827 915
459 499
511 655
777 995
908 951
535 947
332 551
614 751
361 745
256 969
606 996
831 900
926 984
165 667
854 892
960 990
339 791
721 970
26 824
266 862
152 193
51 97
832 869
336 562
518 914
589 620
316 924
464 880
623 990
499 750
832 987
212 650
372 837
112 851
484 906
360 397
649 857
463 908
517 575
36 613
747 899
416 632
972 988
188 712
949 983
681 965
887 996
543 798
476 537
347 905
274 856
566 788
691 697
663 707
147 679
878 997
586 621
919 958
888 956
556 895
138 634
794 841
946 949
297 753
677 781
327 508
745 881
27 370
665 892
722 758
2 104
103 447
98 819
334 542
122 353
69 520
12 687
379 762
741 927
517 546
86 678
142 832
48 328
157 469
495 595
672 877
177 340
317 623
60 65
664 675
210 676
2 322
149 748
253 807
911 965
451 593
40 205
862 926
19 555
108 961
550 708
100 218
757 894
998 999
44 558
862 953
512 644
119 205
903 925
761 840
153 215
135 763
856 954
894 984
897 911
951 972
191 294
383 765
540 654
18 726
587 737
412 897
423 534
459 897
661 997
58 448
278 457
884 892
939 984
139 572
811 893
963 971
301 657
138 377
468 704
805 856
89 789
725 860
417 589
743 906
207 325
586 783
711 905
57 844
686 859
98 751
116 748
791 881
756 956
172 531
457 667
612 710
245 548
505 656
123 437
478 837
594 649
730 989
185 221
933 979
894 897
546 935
536 704
464 649
490 557
740 853
476 681
734 899
347 977
107 801
492 691
160 721
761 967
335 908
622 740
163 227
555 727
81 393
298 549
345 800
660 839
712 859
462 891
70 606
801 891
567 792
963 994
285 719
339 986
350 621
640 896
59 840
451 680
809 909
378 538
445 677
780 924
637 732
674 681
514 552
901 980
86 115
611 776
609 952
150 983
791 858
535 694
402 458
188 522
290 917
864 929
414 514
472 499
277 978
52 282
25 591
894 975
271 733
532 910
463 892
713 840
892 980
388 891
102 278
425 450
744 841
147 798
120 592
349 845
60 264
95 452
827 830
43 643
283 539
123 449
528 716
785 961
666 843
141 819
636 756
908 945
729 815
718 855
635 799
895 947
784 996
585 700
33 575
716 743
70 493
63 910
746 790
544 935
929 967
763 822
165 898
777 793
949 996
754 758
801 955
674 799
885 900
62 693
334 394
583 943
814 866
57 514
65 723
18 513
21 284
408 599
906 915
498 839
16 626
332 410
65 520
368 814
884 954
763 827
700 747
507 550
548 785
875 942
565 590
509 956
85 264
111 672
958 984
222 806
630 846
173 210
156 259
242 881
340 966
165 451
268 544
477 821
270 901
48 884
411 712
558 826
353 949
56 493
449 707
43 58
616 763
406 649
471 835
798 813
811 969
362 617
7 102
432 680
758 951
859 937
754 997
570 882
453 481
275 686
26 476
127 709
636 956
503 752
466 890
933 1000
938 970
320 708
445 970
98 220
158 638
416 743
383 875
993 1000
150 161
178 722
754 945
476 897
784 890
401 507
558 770
395 741
664 688
977 995
491 928
595 914
73 936
772 975
734 976
595 827
293 864
901 987
920 922
226 877
176 354
47 977
999 1000
950 980
783 811
452 474
90 439
921 955
63 857
874 925
273 825
146 980
180 526
888 909
353 828
814 914
507 815
956 997
156 597
814 825
117 748
955 986
116 645
972 987
195 368
88 212
292 582
762 875
912 942
682 806
774 867
429 579
280 742
618 949
323 778
52 542
213 530
633 719
449 881
707 996
909 985
704 775
418 486
607 753
334 388
739 796
394 745
345 895
998 1000
818 927
889 974
409 448
240 557
77 677
506 562
257 647
258 364
848 973
779 968
221 921
568 665
441 787
359 874
386 409
378 998
45 217
990 992
726 852
371 868
627 989
573 650
685 787
123 714
308 498
970 992
247 875
215 909
308 687
270 564
700 906
392 524
247 443
203 996
700 770
601 779
94 718
841 968
983 995
413 594
822 874
469 475
601 667
888 949
954 972
383 481
396 948
473 478
410 555
208 950
489 622
189 748
77 879
198 677
220 898
545 889
113 762
688 747
756 758
557 906
877 978
647 654
840 976
986 999
58 688
960 996
385 954
529 959
735 766
857 886
605 646
563 601
772 829
667 946
711 804
678 861
65 958
626 881
739 992
414 791
838 840
949 972
672 704
629 930
17 403
644 762
414 674
154 834
975 999
948 957
540 797
292 314
301 341
680 786
403 550
891 954
707 844
435 792
145 601
954 974
806 902
922 929
659 969
484 522
48 67
724 1000
374 609
996 998
109 901
361 706
864 879
51 875
805 890
936 962
164 354
747 786
957 999
299 779
906 980
955 987
744 776
642 887
722 978
998 1000
568 814
679 938
806 854
609 651
446 863
927 996
906 929
372 538
560 826
435 751
950 975
621 949
104 852
236 350
513 785
46 708
819 875
521 952
318 647
348 829
747 847
345 470
494 812
179 777
381 537
323 735
264 845
568 729
227 873
556 928
404 555
205 653
630 993
845 861
539 797
755 860
288 476
379 832
527 922
447 639
815 824
914 965
799 827
376 663
253 905
47 701
661 671
423 882
130 521
526 945
660 798
866 962
785 806
782 808
495 607
741 906
459 836
91 979
687 831
196 415
667 881
678 945
36 900
692 735
886 927
180 882
527 824
447 772
806 828
678 961
930 983
200 449
778 855
767 995
611 866
383 762
687 819
367 492
118 450
747 793
12 63
986 994
687 803
745 772
574 862
694 726
88 820
972 989
843 890
312 965
403 751
705 800
387 665
303 988
258 869
121 265
566 755
109 882
767 822
578 670
290 636
47 556
626 828
654 723
539 589
157 215
111 287
756 840
100 262
254 989
217 384
606 954
3 132
281 742
633 812
156 613
731 991
403 437
38 456
604 821
40 62
247 603
655 984
218 397
471 680
623 779
273 560
308 743
620 740
784 908
856 957
379 721
988 989
343 482
159 521
854 920
186 901
896 965
560 747
55 409
339 390
752 993
673 931
250 331
286 290
929 976
242 954
687 730
778 943
397 564
60 987
316 985
284 367
645 980
925 988
119 531
544 810
168 252
591 726
314 877
884 932
275 682
537 861
478 816
945 956
197 671
21 880
566 903
237 393
246 619
447 916
597 778
734 780
780 832
418 788
635 796
426 979
633 891
154 255
585 860
156 658
410 980
755 762
9 256
433 784
453 693
433 674
453 957
600 883
484 782
682 850
82 838
203 711
540 927
293 583
120 569
429 489
379 452
303 907
660 950
361 789
20 384
662 665
509 523
599 819
627 854
360 705
55 224
157 519
698 846
249 962
770 850
344 639
888 918
967 997
966 994
503 670
386 791
660 890
775 850
557 927
693 954
481 858
622 636
617 725
153 319
207 971
250 742
388 982
25 973
375 952
850 968
273 877
224 800
437 795
42 310
857 893
50 95
920 989
337 620
424 543
555 618
106 895
302 591
434 998
527 810
365 864
565 784
329 500
716 953
581 793
156 352
673 831
394 432
975 996
708 863
703 911
202 607
888 946
911 916
304 883
725 760
616 992
601 968
898 988
684 981
554 876
422 874
204 618
534 664
596 771
646 680
445 832
838 985
445 907
904 958
363 810
139 516
672 718
866 974
513 538
720 784
182 511
218 756
833 875
837 953
732 914
712 769
731 946
168 827
581 920
475 618
730 998
937 978
869 929
643 715
575 650
565 779
529 826
103 446
643 667
276 815
757 837
243 968
73 591
632 975
251 611
537 651
582 693
867 915
268 582
926 988
683 834
329 925
624 851
402 560
897 998
321 502
657 871
427 580
990 995
187 399
235 364
180 877
526 711
335 590
113 602
878 995
950 984
688 697
62 298
220 345
277 678
611 775
508 633
298 839
514 534
653 973
424 524
80 559
79 766
192 772
611 740
635 999
28 775
838 915
10 263
399 870
928 951
803 935
879 885
623 750
713 981
552 886
30 410
872 919
927 949
596 679
521 551
740 769
939 950
98 292
225 345
734 990
785 964
803 940
605 909
523 886
859 996
918 957
633 871
903 996
290 736
78 258
636 976
800 980
480 574
187 261
775 977
88 657
661 716
734 787
333 815
700 706
185 913
628 934
358 410
366 596
119 756
631 761
637 753
862 867
654 842
417 570
221 884
852 969
197 933
162 517
671 982
447 892
712 714
561 602
100 728
84 117
460 530
63 300
741 783
388 763
545 771
214 454
202 764
654 997
578 793
670 974
214 995
490 769
689 897
240 246
13 717
433 957
708 749
966 994
566 754
958 967
61 998
766 866
34 233
799 830
430 941
77 207
897 987
271 411
275 292
197 688
208 373
767 994
242 360
704 962
885 958
749 750
505 858
776 901
109 940
339 404
19 871
592 730
35 366
972 993
278 509
40 922
998 999
701 924
556 821
801 940
643 806
33 679
707 923
523 988
954 991
960 964
235 426
587 753
617 976
722 918
96 949
705 873
68 832
60 584
370 506
866 912
129 237
852 901
937 977
270 995
551 799
84 787
206 382
833 975
640 946
948 965
584 730
203 916
771 776
867 889
980 982
743 973
542 738
238 723
716 748
789 937
424 966
843 864
718 766
830 975
261 691
463 739
31 784
206 990
45 851
385 972
644 893
401 650
99 503
153 546
820 874
430 722
289 372
29 642
116 493
265 872
377 629
844 857
352 506
900 997
352 907
707 888
720 971
414 654
20 647
171 219
52 723
900 947
883 967
942 949
156 877
191 991
884 932
960 974
644 890
760 880
604 754
990 1000
317 995
781 943
422 654
226 993
553 786
929 948
912 913
78 260
380 646
194 565
61 767
812 1000
165 175
987 993
281 429
321 871
452 751
105 477
93 472
817 921
392 973
941 994
687 803
494 912
322 860
199 856
287 883
819 882
129 205
514 991
170 445
580 677
420 670
376 389
193 868
554 661
146 364
339 688
309 401
55 298
117 536
762 934
216 971
733 918
830 844
679 899
908 956
455 769
480 817
591 980
376 587
131 497
151 679
781 810
579 789
390 864
577 893
961 993
962 986
195 759
930 979
427 709
397 554
905 911
886 929
663 857
952 991
83 340
2 433
398 760
635 981
839 846
145 719
687 799
646 729
340 505
910 964
992 994
648 926
978 999
784 832
629 731
951 981
483 886
953 990
176 796
593 936
551 742
195 367
260 767
455 954
977 991
922 946
355 435
36 412
446 974
673 804
745 868
753 902
484 836
262 907
824 928
645 890
948 984
568 899
137 942
393 522
104 419
735 852
974 988
683 836
219 965
295 744
693 918
345 885
702 744
873 974
815 931
318 502
624 635
352 680
265 675
954 998
90 401
545 932
258 761
515 544
984 985
584 761
954 969
794 858
815 827
380 733
253 416
651 992
249 737
472 855
263 952
60 87
307 582
607 914
341 604
809 969
135 558
619 965
415 437
844 971
418 589
277 299
756 875
683 788
208 472
468 703
822 966
659 776
347 388
835 877
238 892
478 964
165 968
634 675
983 998
530 712
654 776
472 812
122 278
539 661
115 924
522 691
306 958
952 996
613 687
174 538
609 694
736 983
677 970
121 837
528 936
9 657
394 918
469 980
338 748
264 375
850 958
770 967
604 842
840 945
107 784
922 962
60 716
851 883
660 690
122 887
570 619
208 936
45 84
746 804
827 872
823 951
893 968
478 841
418 941
177 463
87 503
689 856
547 919
769 967
735 899
88 633
716 910
943 986
802 840
163 566
290 328
682 783
279 925
678 955
365 918
809 934
201 237
930 976
942 993
761 773
268 650
201 454
304 710
749 800
622 958
141 753
650 833
74 241
457 696
180 567
537 957
690 829
671 690
67 202
379 936
459 595
853 928
781 795
883 1000
783 791
160 719
688 859
767 1000
944 961
597 726
644 863
710 995
397 450
416 848
654 734
597 947
625 933
677 785
171 751
793 814
119 124
376 802
347 400
325 761
68 122
626 696
879 908
537 609
901 951
87 882
800 833
451 632
503 786
736 882
946 971
337 394
412 843
156 710
13 392
972 992
606 668
233 657
122 896
94 126
929 930
57 494
395 848
291 378
161 435
74 698
751 818
796 800
99 447
183 828
322 967
464 477
167 958
852 986
732 969
621 766
581 815
130 534
356 437
695 786
302 322
936 982
86 443
404 601
798 915
495 796
964 985
460 754
830 939
833 970
69 371
98 187
743 957
372 709
764 805
810 918
543 830
26 358
179 381
500 599
140 409
73 425
849 857
263 290
345 580
806 884
971 997
585 985
837 984
17 915
697 982
633 670
244 780
950 969
723 893
315 407
155 239
340 803
244 627
247 923
663 922
563 699
204 483
167 576
769 927
439 507
28 273
381 468
226 959
520 858
175 691
63 259
963 969
736 993
264 874
252 422
624 932
446 866
66 701
24 161
574 839
990 993
905 989
385 618
633 942
865 999
410 720
538 901
694 973
665 823
16 668
75 902
600 626
616 892
634 917
759 832
136 711
567 872
308 491
813 932
150 614
717 809
397 692
493 776
851 966
471 924
425 465
79 992
447 493
756 771
212 226
997 999
354 816
330 508
487 607
248 971
863 888
345 954
201 808
281 292
392 754
790 971
830 853
629 918
370 441
360 693
11 299
90 261
693 812
581 720
391 567
533 552
510 636
483 676
758 916
924 940
54 210
247 269
114 191
179 384
370 463
745 760
11 495
453 749
167 751
122 500
454 855
985 990
183 553
582 830
74 299
799 887
467 673
890 922
134 392
671 965
5 144
821 950
699 905
415 578
690 944
253 694
171 831
64 321
717 925
189 500
537 610
343 749
745 898
528 595
616 659
193 1000
154 608
724 767
80 896
296 421
335 829
413 481
436 586
830 927
877 999
821 856
494 536
881 961
775 986
665 860
159 198
779 996
792 869
436 901
168 777
126 971
806 962
115 371
13 55
805 993
270 461
27 999
311 449
581 968
518 603
997 999
290 677
824 903
738 824
939 981
381 403
406 903
354 633
343 365
151 871
315 820
261 925
281 916
987 999
615 732
865 997
495 587
627 967
237 891
912 998
92 130
642 687
852 914
806 926
666 789
985 987
4 189
936 951
619 873
148 536
48 76
216 603
127 615
45 425
449 544
442 455
677 991
7 517
506 584
413 627
867 893
359 850
450 826
953 961
591 952
537 885
872 901
746 795
166 209
660 934
679 853
427 496
334 956
562 727
698 927
157 917
411 426
857 917
318 456
630 687
45 631
59 580
526 722
717 912
679 849
917 971
929 959
940 979
230 575
905 962
831 833
623 763
308 661
230 479
541 707
2 747
176 670
500 861
178 702
580 857
605 903
863 895
40 924
538 911
64 284
867 893
721 747
142 325
108 861
310 358
940 978
128 920
875 989
896 935
641 701
45 841
63 194
456 461
817 888
887 974
905 938
506 982
988 995
339 458
824 848
260 552
535 600
310 743
244 289
866 953
816 972
808 908
145 562
574 784
257 566
357 738
153 301
265 386
987 988
461 891
42 218
326 907
424 754
433 741
65 684
781 946
935 963
462 553
208 441
195 283
576 639
117 527
361 824
426 837
334 869
219 810
216 377
805 888
65 852
519 815
315 812
163 551
973 994
156 672
580 778
540 901
599 902
943 989
459 556
65 980
590 887
161 425
440 451
884 911
285 634
557 578
273 386
692 858
756 895
465 895
994 999
216 641
15 735
416 726
767 896
134 980
765 837
730 982
661 837
430 823
801 838
91 839
82 447
566 907
865 980
372 767
896 907
147 870
73 513
183 401
255 448
945 956
347 717
795 829
378 445
382 552
755 758
273 715
318 851
617 726
627 719
839 958
628 693
598 795
876 988
238 729
817 874
564 828
912 915
447 527
200 382
566 815
113 810
628 682
144 629
624 689
721 959
471 536
209 625
886 912
90 699
296 820
930 958
111 219
669 973
360 842
621 835
392 912
185 835
624 758
214 340
810 985
673 966
897 962
384 650
502 554
225 354
664 879
191 568
904 929
187 798
698 758
213 586
27 327
131 239
380 761
942 996
251 367
490 935
571 603
59 980
583 921
541 825
908 976
758 899
178 477
879 979
266 494
487 528
371 802
556 649
484 920
288 797
164 520
160 936
929 972
405 886
509 580
138 810
946 969
448 655
563 707
191 254
719 948
453 534
995 996
830 896
630 825
868 935
341 456
194 703
695 912
141 248
442 817
676 853
824 893
297 955
557 840
954 989
125 556
496 962
299 920
950 955
474 594
276 380
430 831
748 912
199 719
22 984
590 772
659 753
161 493
236 642
881 955
839 990
860 889
133 231
303 328
846 994
66 537
994 1000
477 684
366 910
376 606
423 863
804 956
101 999
593 991
373 689
237 607
318 373
725 989
34 852
13 973
283 332
505 660
243 580
928 970
632 828
837 998
12 490
954 985
658 759
892 953
170 269
222 901
176 237
82 869
982 992
596 824
593 713
286 770
4 104
215 602
906 959
690 813
618 757
991 997
784 800
29 846
158 412
223 668
297 915
821 851
715 732
435 529
235 312
990 991
693 858
539 925
917 930
40 817
515 892
131 513
576 954
84 408
224 886
785 837
595 924
380 546
685 935
401 702
354 536
307 924
629 1000
950 960
924 996
367 464
819 917
430 703
767 940
461 651
544 619
821 859
216 786
458 515
26 809
443 704
199 557
574 758
160 178
954 973
871 910
415 493
941 972
817 891
43 887
385 415
953 964
836 915
432 962
524 651
855 923
790 825
127 723
457 562
618 640
68 309
425 572
182 312
302 771
529 624
190 773
616 628
964 970
180 817
608 952
150 753
523 981
669 995
935 940
791 861
149 250
184 614
113 857
814 953
545 758
865 870
633 883
625 902
430 543
634 888
360 588
380 969
622 922
234 756
174 463
101 600
910 973
281 611
347 545
71 942
898 978
377 479
44 925
386 926
343 637
505 515
212 534
666 853
677 905
135 741
222 578
875 967
239 361
484 695
31 413
781 931
836 842
738 817
275 609
288 745
789 965
720 997
289 611
671 761
482 896
273 961
274 455
945 977
195 240
32 900
915 992
61 614
516 924
649 998
35 632
114 179
943 968
891 955
324 658
698 805
486 491
756 759
916 958
446 702
890 920
915 928
294 499
77 201
99 624
346 449
632 675
37 336
791 914
534 666
17 205
523 868
552 713
626 722
513 800
773 941
376 442
994 997
758 962
247 720
202 429
198 945
633 865
116 541
178 459
416 764
650 968
218 842
850 908
91 635
782 822
954 980
830 840
923 950
852 988
171 551
462 766
598 693
694 765
396 719
702 910
85 524
716 985
447 933
249 820
440 808
919 994
851 973
141 874
963 971
912 979
459 947
691 764
530 747
860 938
272 625
969 988
665 711
495 542
784 909
133 331
143 710
172 680
143 847
648 980
451 713
173 690
111 378
375 962
588 916
639 759
987 998
832 935
298 539
473 837
140 979
432 661
813 955
402 819
611 826
130 384
116 418
531 990
164 550
721 917
884 962
680 872
740 777
980 989
389 800
383 729
772 834
36 828
531 711
383 773
506 751
748 763
682 778
854 900
684 993
282 487
376 956
731 890
72 270
39 606
974 984
907 910
190 831
522 792
248 393
429 567
693 815
849 850
946 1000
641 995
688 789
631 816
728 762
658 914
248 977
82 128
197 891
748 880
216 304
773 979
419 773
219 313
653 682
237 315
970 983
914 985
997 1000
713 754
245 618
601 932
769 921
227 376
462 556
432 675
659 816
170 661
409 885
149 513
165 475
839 896
266 853
932 942
971 975
997 999
265 669
83 804
31 330
540 921
675 793
615 919
492 714
34 56
787 819
208 775
122 295
696 997
928 953
855 966
46 454
541 921
357 688
456 582
363 562
363 503
973 978
749 875
635 774
361 548
426 681
505 672
895 949
785 889
68 188
132 294
355 396
333 928
995 997
239 783
454 676
247 278
832 893
598 875
450 809
854 999
75 829
243 408
334 953
148 907
550 927
120 453
441 744
41 372
243 772
224 493
157 948
513 969
570 599
727 745
979 983
269 729
427 787
942 962
5 269
882 932
221 743
526 645
599 830
885 904
449 584
978 996
199 264
161 932
409 564
332 633
404 591
615 975
471 848
763 821
42 455
839 965
408 827
463 939
944 995
209 996
546 548
40 761
54 671
598 615
236 326
809 970
560 765
715 925
538 850
855 892
18 226
815 869
223 943
42 850
266 594
24 248
655 712
981 995
449 695
467 689
922 941
298 503
654 936
156 439
998 999
665 672
625 752
91 320
132 188
69 164
883 987
698 755
812 988
368 764
151 673
837 979
904 949
726 877
991 992
36 490
133 635
979 1000
409 559
726 873
302 319
966 991
328 740
778 952
135 764
723 898
142 208
731 876
113 456
166 948
558 664
136 405
714 820
277 669
624 762
78 742
297 987
550 677
265 981
238 271
679 743
842 857
359 708
435 886
305 730
867 876
905 997
491 604
861 877
690 812
920 988
221 236
255 775
156 406
824 911
16 150
146 547
319 726
214 290
650 716
495 944
654 973
273 742
310 443
703 729
872 988
255 260
580 640
202 802
77 969
185 353
363 921
736 928
288 620
515 588
895 975
442 716
887 895
624 851
835 884
876 954
795 921
513 934
318 671
476 529
467 563
422 891
423 904
263 990
272 403
586 845
981 982
136 899
122 144
796 1000
791 900
243 683
237 272
996 999
780 869
559 693
321 989
780 946
234 315
565 944
995 997
816 824
14 461
55 752
414 562
848 955
55 796
250 534
703 726
158 912
798 884
901 946
862 885
991 1000
917 922
848 861
93 138
601 656
339 885
298 506
165 313
139 304
687 879
210 708
91 415
89 942
77 520
881 965
83 742
271 803
281 753
282 498
258 754
506 660
661 787
352 581
316 675
191 641
810 827
246 519
792 852
520 656
195 699
519 572
145 342
655 744
268 612
740 923
627 961
950 997
996 998
783 828
245 895
239 393
213 419
542 902
419 799
764 941
833 976
995 996
650 752
564 898
669 930
403 930
932 994
612 966
54 496
326 912
959 974
995 997
317 725
440 990
164 375
915 923
785 912
986 997
330 614
508 797
297 636
497 557
782 887
704 772
172 294
434 648
191 893
115 172
65 277
330 937
470 577
144 654
376 684
658 699
551 647
139 614
932 937
868 877
448 765
507 587
561 904
879 958
488 784
154 758
732 742
522 845
832 939
53 272
191 923
64 706
152 692
590 822
125 784
844 868
163 476
462 469
147 792
532 896
22 442
957 960
883 938
692 713
531 941
861 952
737 749
482 564
529 627
508 612
394 820
836 933
623 769
448 499
486 736
283 956
433 567
697 991
80 603
179 522
585 742
858 905
187 941
374 648
365 482
611 840
485 725
11 464
308 697
869 963
897 956
267 269
963 986
458 829
886 970
279 953
124 379
471 552
70 976
743 818
617 622
907 980
446 565
375 772
81 784
159 983
929 993
832 851
23 344
456 598
664 916
87 142
732 965
571 711
539 687
660 978
461 942
731 744
88 825
55 398
627 967
552 878
517 881
201 949
381 454
789 886
99 268
67 116
239 874
975 989
677 781
765 904
766 793
891 977
459 784
13 879
171 322
995 996
995 996
430 682
123 821
235 318
619 692
220 644
599 720
639 641
773 935
593 948
218 470
651 660
439 579
791 911
714 808
704 832
121 499
173 624
626 758
47 346
101 364
749 959
431 619
576 738
848 987
909 941
719 807
592 911
966 980
661 970
992 994
500 766
874 951
110 937
12 545
416 916
592 984
293 949
98 744
251 561
907 980
209 827
938 966
714 814
785 982
946 977
638 922
233 650
117 827
713 943
531 966
95 360
31 212
450 869
758 992
748 856
535 877
460 510
448 761
57 866
451 779
388 397
982 995
251 870
349 936
430 762
291 817
764 1000
227 485
120 262
290 811
660 666
30 272
5 408
832 943
945 989
245 417
914 986
241 529
339 659
560 808
359 521
268 807
827 957
932 977
161 894
244 995
435 952
81 434
43 946
308 926
714 970
594 928
853 854
825 875
666 753
857 998
379 495
281 592
824 882
181 394
411 486
752 939
189 732
237 911
398 844
731 975
805 809
720 919
276 332
758 873
858 932
946 976
735 950
445 738
690 937
72 955
384 805
178 414
215 912
856 956
554 943
342 908
89 651
537 573
289 728
118 713
735 896
997 1000
603 988
609 793
643 695
295 504
114 443
496 657
437 483
919 948
621 863
733 803
205 897
955 992
93 535
364 829
39 912
911 999
177 187
506 841
229 992
878 919
967 986
712 755
959 966
499 919
14 884
420 695
460 849
708 915
304 356
22 927
579 733
400 693
612 725
318 844
777 877
688 878
451 941
663 795
745 991
983 993
527 803
934 969
507 691
577 721
567 749
573 812
952 980
797 819
26 651
135 463
702 714
39 88
522 637
577 860
331 971
200 640
975 981
892 939
99 935
818 873
100 331
272 280
823 977
965 984
554 821
863 930
149 422
772 780
523 841
63 873
193 964
215 250
178 774
61 222
349 486
20 221
60 841
349 380
7 550
521 770
854 994
397 423
889 969
859 982
807 845
502 648
651 927
645 865
986 991
551 974
503 823
238 284
403 471
327 843
179 325
46 610
943 960
681 996
927 967
175 725
27 639
713 979
490 986
145 592
670 687
718 898
308 680
135 312
803 852
682 747
976 987
577 770
806 908
669 717
824 844
326 877
632 839
39 537
375 442
663 988
411 934
714 867
518 948
710 837
730 875
475 716
687 807
813 822
334 632
460 759
713 733
673 784
223 896
416 964
590 649
240 657
303 403
220 824
576 678
950 996
80 341
501 781
84 883
309 398
251 410
478 954
611 871
395 762
550 579
933 963
942 955
143 798
438 840
203 685
339 418
880 912
30 859
814 939
240 801
130 700
309 825
20 722
476 848
469 568
971 990
668 823
699 961
65 756
913 948
577 936
662 822
398 843
852 914
923 978
459 766
341 913
842 888
451 916
613 896
765 794
642 903
986 993
757 906
284 518
979 986
68 752
57 289
689 997
243 809
350 418
599 718
405 498
680 925
278 505
867 995
279 753
122 998
281 992
397 530
348 929
539 947
36 253
451 615
238 419
147 742
243 546
466 929
437 467
419 581
52 104
818 923
938 940
685 836
432 643
628 932
455 902
257 512
902 988
378 589
740 838
921 936
248 504
70 650
43 561
767 996
991 998
294 904
429 957
711 993
765 988
26 50
946 996
547 944
640 881
303 409
704 881
799 932
52 733
779 900
257 382
782 893
832 866
660 701
225 714
816 993
588 726
486 545
501 991
286 457
36 145
555 677
405 993
208 724
985 993
280 300
352 643
167 970
832 899
223 383
955 967
435 881
637 677
169 301
780 924
650 774
943 978
82 277
48 957
11 517
745 895
210 838
602 871
991 998
693 733
471 592
559 772
231 930
611 902
929 1000
865 941
783 975
51 883
183 623
524 859
486 613
192 730
961 996
352 537
486 511
644 681
85 430
706 765
477 825
244 562
664 787
443 575
830 1000
994 996
585 915
261 905
689 818
681 839
315 450
561 573
903 958
262 474
788 934
377 641
336 554
221 403
532 848
572 765
606 687
898 994
886 920
308 602
794 879
929 969
167 493
873 997
89 187
40 67
267 393
665 709
58 749
935 938
173 194
982 984
521 998
338 421
290 454
431 607
260 613
792 919
531 668
555 647
472 777
913 981
313 716
596 999
832 981
781 841
836 982
902 977
390 754
11 652
459 569
83 87
395 828
805 884
645 656
117 951
905 938
243 326
907 963
118 959
591 620
312 982
719 989
151 984
422 466
80 523
62 141
920 929
925 956
234 833
717 812
84 259
256 602
164 624
619 834
788 905
808 881
326 478
852 923
460 944
649 979
795 858
270 866
22 117
154 419
841 958
768 781
972 996
496 989
114 382
702 886
563 830
799 833
242 958
588 934
374 691
148 761
516 793
853 884
564 725
899 923
383 495
392 582
148 700
16 204
64 563
398 431
541 956
773 951
117 923
4 840
606 654
49 880
430 561
826 880
485 487
851 945
159 292
833 991
251 812
338 610
57 813
938 950
127 395
113 128
408 527
335 378
90 989
45 945
310 899
24 882
332 683
151 565
591 628
981 993
781 878
47 225
96 112
499 780
348 860
657 696
652 876
556 738
238 823
26 566
171 971
436 692
356 416
704 722
506 558
201 411
339 801
414 779
129 550
280 530
268 842
412 758
470 864
306 503
692 712
55 202
644 706
643 699
921 988
853 884
933 951
906 996
999 1000
525 569
760 943
102 184
940 946
809 876
546 763
438 779
674 719
882 922
79 801
664 698
154 628
927 993
15 580
986 1000
421 690
286 361
571 832
951 964
917 951
263 397
201 690
234 945
64 84
458 661
315 607
82 875
815 997
293 994
145 240
755 780
794 943
753 812
139 153
104 828
902 979
94 974
403 580
369 518
573 920
144 291
485 642
267 556
526 627
402 639
326 887
109 903
685 842
291 959
243 751
932 949
775 891
937 945
394 799
439 501
210 530
939 957
112 913
527 892
72 866
815 829
384 467
528 541
877 944
167 496
71 243
959 987
756 961
809 869
80 137
115 930
370 754
460 465
860 954
24 718
983 997
120 294
9 491
416 876
475 814
618 743
576 933
8 891
685 879
767 918
749 959
740 824
469 611
384 967
961 969
162 540
127 191
718 942
823 849
495 578
990 999
378 497
136 657
338 911
757 872
202 505
8 798
421 677
2 343
199 251
725 885
62 135
649 839
926 932
15 772
929 964
552 744
857 944
882 987
252 315
884 908
46 481
766 921
13 345
19 668
393 684
962 972
570 792
672 756
423 919
218 460
756 972
40 590
352 491
599 906
531 935
637 821
248 725
810 965
189 717
916 955
718 836
523 973
841 986
794 983
88 830
452 517
272 519
642 940
898 955
209 887
975 989
425 475
933 971
46 325
309 526
154 971
867 983
841 894
780 988
708 921
545 870
228 791
682 975
954 981
186 439
928 984
822 930
391 530
889 922
392 393
299 813
483 863
47 506
646 921
843 967
217 546
699 740
517 862
152 622
687 711
354 421
955 967
491 902
254 809
45 426
506 543
215 729
471 837
496 945
818 992
335 851
915 955
15 507
619 647
817 892
404 882
68 468
470 613
375 522
944 945
673 961
332 711
479 816
210 642
709 730
381 987
689 950
208 568
72 438
675 809
561 845
799 859
257 326
809 820
800 897
146 761
351 680
398 963
744 903
745 851
141 363
366 412
797 993
379 622
257 322
605 896
498 972
181 294
510 567
624 940
747 819
900 905
947 957
972 974
571 700
668 882
144 993
410 736
785 973
863 918
444 765
264 754
745 949
858 902
343 953
103 143
55 238
15 149
151 437
771 785
427 934
467 893
280 381
559 833
753 887
438 949
746 960
776 878
960 961
284 537
541 593
624 717
811 962
262 481
815 999
130 672
837 946
204 510
294 467
413 734
717 816
453 515
464 507
186 511
433 614
179 826
372 653
666 697
316 423
638 898
168 849
857 955
622 650
608 863
595 662
360 603
662 863
634 749
306 987
945 969
273 998
52 966
634 872
887 996
537 712
158 625
369 562
183 310
656 759
42 329
585 988
403 969
830 876
134 451
248 842
849 925
738 784
881 938
889 934
421 461
565 961
248 638
247 620
391 539
585 704
32 756
163 814
409 487
105 901
819 965
487 906
358 409
835 858
183 403
519 912
291 529
242 397
665 827
256 367
398 644
61 122
789 958
635 759
3 817
951 953
617 730
583 717
196 707
236 938
874 889
607 792
307 539
22 869
76 849
417 449
319 732
278 512
163 297
914 984
827 985
347 594
725 1000
908 911
84 966
703 829
543 958
707 841
694 908
838 915
9 985
265 704
217 843
449 545
632 887
57 987
943 957
992 998
362 574
820 843
292 852
866 883
589 887
584 828
540 654
311 384
707 811
338 732
897 949
455 955
311 778
990 998
854 946
13 918
97 465
674 791
988 991
462 707
879 907
52 381
946 960
465 739
365 724
325 606
771 969
270 873
835 965
808 865
81 860
301 440
215 935
612 967
840 876
386 655
7 782
630 805
864 901
264 690
959 996
265 291
336 772
716 728
509 903
38 762
803 970
731 900
293 849
673 812
881 965
455 929
566 667
764 807
782 884
899 903
742 894
210 804
62 225
38 731
634 991
204 858
551 990
867 886
181 273
274 411
270 528
220 640
417 981
585 863
224 872
574 904
808 1000
359 670
178 568
77 523
165 387
860 979
475 606
39 230
89 228
608 754
834 927
900 971
360 629
205 982
367 779
910 984
825 962
210 952
306 359
770 872
75 949
613 693
956 984
745 998
385 709
633 643
113 633
531 749
428 616
839 893
767 872
323 456
532 805
706 996
318 969
613 845
429 842
745 877
981 991
48 251
781 869
889 920
458 758
414 892
262 528
676 781
375 578
539 705
323 514
986 987
299 414
96 773
465 741
237 776
675 893
195 839
279 824
852 885
828 969
643 887
913 996
92 649
742 832
592 803
423 929
269 426
796 949
579 913
989 992
807 930
208 828
313 733
982 1000
487 944
286 459
509 624
353 360
549 956
172 472
978 987
24 139
751 832
985 986
245 269
603 876
404 736
907 981
893 900
266 944
230 442
826 827
184 622
375 539
412 925
510 574
799 949
544 766
174 644
214 441
718 821
306 759
791 912
141 178
834 991
944 998
664 969
313 911
440 503
278 577
190 751
813 868
879 936
332 716
731 825
146 587
385 980
260 973
733 782
679 958
213 796
237 358
270 581
227 499
649 884
538 637
149 345
473 799
859 907
621 709
359 948
106 215
292 684
299 508
53 736
938 950
156 362
715 899
418 580
658 741
44 750
926 938
487 804
159 743
949 980
436 516
136 287
358 640
500 956
891 903
435 838
829 835
652 788
812 926
914 959
637 724
507 627
649 679
299 959
202 546
829 917
284 362
627 977
528 762
65 317
875 974
676 783
587 601
663 996
964 977
979 997
65 600
500 602
858 977
408 429
962 977
333 880
845 961
209 886
675 808
460 863
142 488
715 919
636 784
546 595
151 408
503 842
647 751
21 296
580 965
514 680
709 888
758 765
374 471
323 655
970 982
912 916
641 967
727 849
375 945
532 685
758 977
465 755
590 890
135 385
637 662
817 843
24 511
512 712
619 639
877 911
764 999
127 892
4 933
844 939
995 999
88 950
979 983
889 910
469 887
708 748
9 787
724 911
735 814
470 498
17 886
220 813
417 722
245 340
70 346
472 728
703 931
790 956
927 987
827 848
506 524
100 797
777 801
244 799
38 692
372 866
185 897
456 876
708 949
617 716
760 792
700 775
255 334
909 958
847 970
570 642
393 422
449 532
664 800
191 638
914 970
923 982
987 999
19 450
556 890
815 985
556 841
716 923
53 239
467 526
23 895
172 532
951 963
472 775
474 661
65 502
338 450
575 689
212 580
396 986
798 883
50 183
192 632
520 720
163 618
604 909
908 931
26 298
109 880
912 933
402 764
312 837
964 995
381 834
232 671
649 830
567 758
271 937
12 833
911 957
795 828
708 873
732 904
686 836
604 994
275 796
835 852
421 773
73 315
767 793
28 385
403 679
848 917
147 411
668 745
34 583
105 315
574 703
993 994
448 493
698 792
741 963
281 485
459 812
73 242
515 566
489 868
923 984
564 748
128 689
600 642
539 888
135 352
560 849
411 467
714 903
691 947
375 842
183 541
796 931
970 976
77 260
796 843
169 310
954 992
34 286
10 951
111 753
556 960
883 985
334 923
14 67
544 955
578 844
769 789
996 998
340 569
976 993
32 963
636 923
730 900
666 927
136 717
943 960
919 956
859 996
413 822
369 794
157 302
254 914
256 962
784 929
587 963
50 939
910 991
714 910
212 811
184 268
598 681
318 794
793 878
275 422
185 510
395 514
283 983
439 492
338 700
561 958
651 891
47 91
873 978
833 891
821 870
740 800
186 843
703 839
500 874
442 649
832 986
82 233
312 438
174 415
885 951
594 891
446 977
398 978
682 892
885 895
567 985
494 795
524 536
189 211
612 806
799 847
666 836
502 855
863 945
246 739
580 692
185 797
312 643
965 989
139 434
738 930
478 645
373 923
306 683
332 956
510 884
676 836
651 1000
396 906
311 507
799 804
776 920
865 945
77 957
964 982
723 796
61 327
187 815
327 751
343 525
165 339
728 795
317 872
595 809
59 642
928 997
66 731
767 872
594 676
473 478
562 897
834 845
157 169
439 788
356 529
446 880
795 871
949 971
55 668
382 794
995 1000
805 963
805 828
175 221
664 699
402 946
408 451
773 902
336 724
897 969
713 918
271 504
458 934
877 963
72 689
13 410
296 847
853 974
968 998
755 779
292 896
94 293
880 979
690 813
789 863
241 614
369 953
860 913
949 988
95 406
793 937
984 985
361 635
391 545
89 265
556 679
800 822
896 930
516 821
730 814
258 456
604 953
939 976
760 965
105 702
132 613
637 966
255 451
231 300
435 850
862 935
632 938
876 991
150 332
948 989
306 463
869 985
539 763
193 416
336 352
464 545
969 989
286 297
917 994
773 820
678 1000
462 648
590 688
428 727
823 849
592 861
909 944
864 933
15 666
17 307
988 992
541 543
592 733
449 773
390 624
515 783
647 841
783 814
938 972
774 861
27 1000
951 971
39 827
249 252
779 803
56 733
861 975
540 815
238 945
137 949
683 812
332 950
504 701
481 932
576 995
42 876
140 888
62 406
49 503
416 455
561 791
351 810
219 981
93 460
365 735
323 484
667 948
552 887
649 991
306 451
87 817
369 891
589 998
459 484
656 861
171 751
269 532
502 978
847 856
325 517
725 999
832 941
134 318
75 79
385 479
867 952
875 933
153 250
78 275
28 469
242 889
619 638
656 841
961 972
737 907
798 954
257 906
872 986
619 714
566 665
28 574
896 911
448 751
361 647
22 897
915 919
749 833
354 446
93 427
605 643
257 768
278 398
324 952
77 496
815 860
790 915
664 920
43 990
377 510
673 901
617 695
107 375
582 723
954 969
114 869
187 867
258 983
488 812
512 776
688 888
323 691
138 590
869 878
540 773
509 640
840 958
384 826
22 992
735 905
649 696
134 698
700 750
342 707
433 565
684 948
601 881
524 819
458 898
959 967
711 810
656 898
370 841
59 815
390 602
71 625
156 314
317 373
473 942
717 902
653 829
19 76
183 666
466 954
208 938
261 747
839 898
275 805
221 916
91 834
267 604
252 828
336 839
958 1000
368 620
493 832
302 929
916 952
933 955
743 763
988 996
914 929
487 746
456 823
672 826
640 813
796 951
423 725
113 690
639 996
700 990
113 669
61 289
274 444
209 421
527 534
432 760
954 976
605 881
661 963
485 568
695 783
