33 17 27
30 47 36 39 26 57 28 7 41 93 55 11 92 72 81 40 86 22 51 87 4 45 82 21 6 49 71 94 89 13 8 19 1 
14 30 57 22 41 26 8 81 45 19 7 55 36 49 86 
2 7 47 
25 11 39 41 1 40 93 92 55 47 8 51 6 71 57 30 21 28 49 87 81 7 86 19 22 94 
3 57 72 7 
2 49 72 
13 13 47 39 55 40 41 86 4 45 30 21 93 57 
7 41 72 19 81 55 39 30 
6 7 57 47 72 49 8 
7 36 7 94 28 72 47 19 
24 13 36 47 82 11 26 39 81 93 28 41 49 1 22 21 19 94 87 51 30 55 86 7 72 
27 8 45 40 13 72 28 57 47 30 21 87 92 41 49 11 81 36 93 71 86 19 4 51 6 7 22 89 
1 51 
18 1 26 11 81 93 21 51 49 8 47 6 82 71 19 57 40 45 28 
18 13 4 45 71 47 39 55 57 87 22 21 94 41 86 26 89 92 81 
28 57 4 94 47 28 72 11 8 36 6 13 55 93 71 87 30 82 19 26 86 49 51 22 40 81 7 41 1 
0 
9 6 36 72 89 57 93 49 4 22 
