50 20 37
18 83 86 74 98 39 63 100 94 91 64 11 93 9 34 31 35 21 71 78 60 81 26 48 19 87 88 14 10 3 69 16 65 84 79 1 8 82 67 22 33 4 99 37 25 17 80 57 53 28 
10 63 83 26 78 67 94 53 60 22 31 
8 4 83 91 18 39 31 71 60 
38 71 33 11 48 31 4 53 88 83 57 79 19 84 9 87 18 37 69 91 86 10 14 35 64 28 82 80 60 22 17 67 39 98 26 8 100 99 63 
7 39 60 4 91 57 87 34 
2 39 91 
33 94 8 74 4 81 79 63 26 34 53 48 57 69 22 99 1 35 98 84 25 93 16 60 82 80 9 14 67 87 100 17 86 28 
48 18 4 67 9 84 39 48 71 79 64 87 82 31 8 65 33 14 16 94 60 78 34 1 17 86 25 99 53 83 22 35 80 93 63 88 81 19 11 69 28 26 100 37 21 98 3 10 74 
27 31 93 78 17 86 100 18 74 48 83 80 94 98 3 81 63 39 91 14 99 4 25 11 65 19 21 79 
24 39 69 91 99 10 84 100 78 80 37 34 53 86 33 94 74 57 87 60 31 17 88 3 11 
15 28 21 88 19 35 84 64 9 22 91 31 71 11 80 93 
26 64 21 91 48 67 3 14 63 98 4 34 17 71 82 65 37 28 78 26 19 100 1 10 79 9 94 
2 19 65 
11 100 82 16 87 80 69 18 98 9 28 53 
39 8 34 94 100 1 19 4 63 9 39 11 18 48 14 82 26 86 10 71 74 28 80 67 22 81 21 57 98 87 37 60 99 79 17 16 84 25 31 3 
35 65 22 63 78 34 60 11 82 84 17 57 4 91 99 18 87 79 31 80 33 28 10 16 19 74 8 35 37 71 83 86 93 26 100 1 
23 67 69 4 48 3 25 91 31 79 26 14 80 9 19 22 64 10 74 60 71 98 81 63 
13 80 67 16 18 11 14 48 79 9 8 37 82 33 
9 87 4 35 39 18 71 57 83 31 
28 1 18 67 8 81 60 86 33 63 16 84 35 53 25 17 9 10 94 65 88 19 48 34 82 39 99 31 93 
42 14 81 64 94 31 22 33 10 37 16 67 83 69 11 88 18 35 28 3 21 60 26 17 1 100 93 74 4 9 63 39 91 86 25 82 99 79 84 34 57 53 98 
