47 19 29
86 60 6 65 22 70 74 34 51 45 61 11 14 21 56 29 2 17 69 88 9 54 89 49 36 99 58 79 76 38 3 87 73 97 26 90 25 75 92 66 62 27 32 57 16 13 35 
1 60 
7 73 6 26 2 3 75 69 
23 87 89 73 38 34 13 54 56 21 70 62 66 76 3 2 58 65 97 51 79 90 32 14 
13 17 27 36 89 3 51 21 73 2 6 58 34 32 
17 2 54 73 3 6 51 89 27 34 69 32 26 36 21 75 65 17 
30 29 69 21 73 27 89 32 66 88 26 75 9 76 6 51 16 54 61 35 90 14 62 97 36 2 87 13 65 70 74 
45 75 11 62 89 32 60 92 21 29 9 99 74 34 45 17 88 58 57 90 79 3 49 69 87 16 73 65 2 38 27 51 26 13 36 70 14 22 35 56 54 76 25 66 61 97 
2 70 9 
38 38 74 61 16 70 60 89 87 27 99 3 32 35 9 13 25 97 14 69 36 76 86 51 73 58 26 2 21 29 57 66 90 22 11 88 92 75 34 
3 26 27 60 
37 70 86 90 36 73 35 22 9 11 65 6 66 54 26 3 69 74 56 88 76 58 97 87 32 2 34 38 62 75 14 60 27 25 29 51 89 45 
5 73 9 62 89 56 
29 90 54 35 32 2 76 87 88 22 27 26 9 61 25 58 66 65 60 13 73 29 14 51 89 21 97 57 70 38 
0 
19 92 86 27 6 99 62 87 76 89 56 2 61 11 66 79 58 57 17 36 
6 6 51 36 35 66 34 
44 51 92 90 97 29 13 58 32 38 87 27 76 62 11 65 14 35 49 6 21 99 74 26 89 60 70 34 73 2 16 9 88 61 57 86 56 36 3 75 25 22 66 54 17 
15 14 17 21 61 92 45 3 75 58 2 90 79 57 13 26 
47 17 22 45 76 90 2 13 34 70 56 3 62 49 92 25 87 74 11 16 54 79 58 99 60 6 27 9 32 97 89 86 21 36 73 66 35 65 61 69 75 26 51 29 14 38 57 88 
