43 20 36
20 32 84 1 30 21 89 63 7 36 82 90 67 19 69 57 35 27 18 72 26 49 96 16 92 44 47 55 85 39 59 42 6 12 34 95 14 5 15 29 56 10 52 
3 55 5 32 
7 5 55 32 26 36 30 72 
1 72 
1 30 
6 30 72 36 32 26 55 
6 26 30 55 5 72 32 
7 36 72 55 30 26 32 5 
28 69 55 14 1 32 59 63 47 82 26 20 10 42 21 92 89 15 95 39 27 72 52 5 96 84 56 16 18 
2 5 26 
4 36 26 5 72 
34 27 19 96 52 49 5 84 7 44 56 15 39 32 26 92 85 10 89 16 63 67 30 20 59 29 12 35 90 42 95 57 1 72 69 
5 72 30 5 32 55 
7 36 72 5 55 30 26 32 
2 30 5 
7 72 30 55 32 5 26 36 
0 
7 30 32 5 72 55 36 26 
0 
1 5 
6 5 30 72 55 26 36 
