49 19 36
83 26 71 34 12 93 74 69 59 41 91 4 8 92 42 23 61 7 10 94 73 81 67 2 86 40 64 79 89 37 20 96 44 77 28 16 52 72 76 51 3 54 63 88 30 14 47 62 21 
48 2 59 51 79 44 64 3 28 47 89 12 23 4 88 62 16 7 91 83 81 34 30 72 96 93 42 40 94 8 41 21 73 63 77 20 67 74 37 10 61 71 26 92 52 76 14 86 69 
6 64 54 62 20 34 71 
11 23 52 8 40 77 54 10 51 3 37 7 
4 4 86 88 93 
5 54 23 20 62 4 
36 8 93 59 76 7 63 72 26 79 94 42 61 96 14 21 74 10 67 12 34 62 81 30 89 2 86 23 41 92 44 28 47 83 73 54 40 
32 86 40 23 14 93 4 62 74 41 8 67 59 3 64 96 71 77 16 10 44 61 20 2 89 51 91 47 88 54 79 81 21 
20 74 52 37 54 71 86 16 79 4 89 14 93 67 88 92 2 3 72 94 30 
10 62 93 20 86 23 64 2 34 88 71 
49 54 12 96 61 79 62 88 51 4 72 8 71 28 42 40 89 10 74 94 16 83 86 30 91 2 64 14 67 77 81 93 41 52 44 26 59 47 7 76 3 73 63 21 34 92 69 37 20 23 
4 62 67 74 96 
2 4 20 
5 7 92 42 71 10 
17 69 40 8 64 21 88 37 4 59 2 12 86 16 94 20 34 76 
32 88 76 23 47 28 51 79 93 8 4 83 64 54 94 62 86 61 16 30 12 2 92 40 34 59 52 41 63 69 7 74 81 
20 54 7 74 34 42 86 96 2 21 8 63 51 26 12 79 3 91 47 77 94 
13 93 71 86 20 54 88 64 2 34 4 62 96 23 
0 
42 3 91 51 16 26 10 47 52 44 79 72 7 89 34 40 83 59 21 71 81 61 41 73 37 88 42 54 69 62 14 93 74 96 20 76 92 30 86 67 64 94 8 
