18 16 9
50 21 16 98 80 99 66 61 93 52 76 46 51 67 82 38 17 63 
18 17 46 93 63 52 50 67 66 99 38 51 61 16 76 21 98 82 80 
1 50 
8 98 16 63 80 67 50 17 82 
18 66 51 38 52 61 67 82 98 46 16 93 63 21 50 76 80 99 17 
1 76 
18 52 98 51 16 21 46 61 50 38 66 76 93 63 67 82 99 80 17 
2 61 51 
13 51 21 61 67 63 76 98 46 93 99 52 66 80 
2 46 93 
9 93 98 51 38 66 52 50 82 21 
9 67 63 46 21 52 16 93 38 82 
11 61 66 46 99 52 50 21 63 93 17 67 
18 80 21 63 66 38 82 98 52 99 61 93 16 17 51 46 76 50 67 
3 63 46 51 
17 63 67 76 99 16 51 82 17 93 38 50 52 80 66 21 46 98 
6 67 82 16 46 17 51 
