20 20 8
27 30 45 39 81 87 70 61 25 66 38 24 15 46 48 78 31 68 85 82 
11 38 81 24 87 85 30 66 25 61 15 39 
8 78 85 68 25 81 61 82 70 
18 48 66 30 39 85 61 78 68 24 27 31 45 38 81 46 70 25 87 
6 68 15 31 82 85 81 
11 85 61 87 15 45 81 70 25 82 31 78 
6 30 31 70 25 85 38 
17 78 27 45 70 87 15 82 39 68 38 48 81 24 66 31 25 85 
3 38 68 31 
11 61 31 81 15 68 82 78 85 70 45 25 
3 85 81 38 
18 68 78 25 70 15 87 24 82 81 31 85 27 45 30 46 39 61 38 
19 46 15 61 30 45 24 87 38 27 85 81 70 68 25 39 82 66 78 31 
14 66 45 82 81 25 24 70 68 48 46 31 39 27 85 
15 31 66 70 15 87 25 78 27 81 39 30 48 45 24 85 
20 25 45 61 24 38 15 82 46 66 30 85 39 48 31 78 70 68 27 87 81 
4 46 78 30 85 
17 27 61 78 82 46 87 38 25 85 81 39 48 70 15 31 66 24 
6 87 31 70 45 25 61 
9 78 31 45 48 66 81 46 25 85 
15 39 87 66 15 82 45 30 48 24 78 68 61 46 70 25 
