100
61 19 12 81 39 20 67 11 68 10 25 12 63 45 5 37 98 81 54 40 13 46 21 32 30 9 100 67 10 59 61 95 44 11 93 44 63 22 98 45 33 30 70 80 54 72 94 59 14 99 86 35 91 94 68 39 81 57 74 79 91 36 23 88 73 94 79 43 45 73 92 77 78 58 19 81 9 76 99 42 94 75 2 97 45 83 6 72 68 5 38 87 43 23 95 82 95 53 67 7 
100
93
38
93
60
33
8
17
96
29
94
15
63
93
11
32
3
25
4
93
34
18
82
98
27
60
25
41
99
88
22
67
63
73
57
52
42
25
4
93
81
88
73
83
98
87
76
83
13
17
78
16
53
54
4
34
14
15
31
81
75
38
42
92
65
4
1
78
87
39
12
29
75
81
48
31
25
28
72
96
1
98
100
49
45
2
26
31
16
4
3
97
41
53
63
80
70
37
60
28
56
