348 7671
81244 58664
51875 50380
30384 56052
38610 50215
96893 36311
83376 11871
86067 58678
44075 45276
62798 17049
89740 11207
50146 1432
43423 99362
71904 22581
29329 63144
93350 64104
73300 1219
32083 69618
2045 83522
82959 70616
50918 62692
77867 4493
11386 58044
63756 88956
82914 18511
55014 59215
9700 18300
67613 1892
10245 27026
86182 17587
90539 58990
77326 36515
45935 67000
32824 55986
78140 33215
26119 6013
1318 91166
20441 41052
93351 37403
73478 59000
25026 39184
88869 15007
58996 1661
18323 77440
63928 84097
63357 38902
641 31250
51872 51988
32747 2617
11728 25420
13152 28938
53079 93223
82226 8235
25899 9087
15645 91177
51466 82721
33338 23206
81537 2471
26665 42101
54698 82248
4830 80523
75989 7860
92540 58755
80222 50315
44346 19210
42689 98576
4296 2246
50658 59321
87459 86907
89894 47780
23029 13476
22012 53747
97131 65330
73493 39896
50501 42602
9338 66685
24238 72541
1542 33967
37698 13128
52539 37246
60186 82497
49309 39668
28843 6894
25003 58150
42276 14655
95106 79707
13329 70254
61673 67922
29058 25171
40888 36955
17837 24292
88667 16222
92479 62296
77393 58022
38455 12514
16183 90307
7359 43601
15570 90243
58812 67553
77322 70470
36846 58560
89010 64126
89343 66548
73170 3814
78081 56748
49356 37791
54614 93972
97047 65724
49795 54892
70728 97924
30506 59443
78076 97484
14255 44248
45545 57281
34803 32039
7440 93670
97209 61047
35087 61213
52296 64133
63263 73329
24008 3180
87181 13314
88114 14233
96013 42633
35372 97625
99742 90386
17260 86603
35871 58964
73068 3144
16694 85905
73342 50867
81915 35401
79531 58948
26348 14765
93626 31570
9111 81005
34346 44864
20011 24872
62855 59362
47372 53242
20612 48606
10182 55999
48234 32706
63838 12280
74597 63452
64095 36044
26432 96649
21242 64347
75961 64067
65167 41036
87050 57044
94289 9511
83569 71264
23841 715
50534 17367
74803 15059
31365 44849
99600 22795
10085 2117
83281 38142
87857 71222
63346 79777
93087 73742
90685 12864
87248 94908
41159 8613
5654 33991
99299 99343
25182 9306
20429 53024
14485 36852
1522 48306
16723 20294
85411 94316
42709 42007
76240 39381
13568 44373
70814 43703
19031 47471
1831 88592
37755 62935
24471 67588
70040 93090
64967 31414
69810 78171
10695 6144
86227 62191
46448 88521
39229 42612
39820 56732
53531 29580
6767 65236
20794 96552
72814 94221
16449 7615
91793 79526
71970 27134
40101 49547
27990 5780
22242 95672
88630 2023
4729 9776
61062 61952
69558 22644
43459 39716
8723 58821
35942 43486
17846 82138
40323 30436
59986 37450
21605 499
80324 98
15285 87930
72044 42013
99240 2152
73357 42636
398 54171
15028 25194
58115 29324
6268 68667
15204 70097
81979 68683
58002 98827
77945 30962
14613 73778
31009 36277
3800 27871
84338 62124
86261 45354
85536 33773
11041 8046
16916 64377
22861 47413
93801 67724
63956 22759
77998 45764
45104 27684
3264 49616
20329 44471
4746 90807
32575 51180
2850 79245
64399 48147
68230 50107
16964 58340
48798 16687
41803 31345
18346 68255
46783 70802
55024 21775
30313 95001
43509 95214
41538 64410
85287 61733
77542 23268
64189 28346
41556 13485
57322 86014
23917 44979
8907 43316
46889 43315
64558 96166
24823 43891
55888 13336
40708 51402
18433 42151
29442 10138
531 27700
97650 94836
91662 14897
38048 1848
73257 55146
86035 1880
10106 7310
3298 53202
47549 80862
58921 72778
67812 49367
56995 90745
79907 73646
31012 42629
46452 34777
23896 80494
78588 52635
63558 19752
96359 96958
55732 67099
89597 81741
3994 28547
59818 18398
44679 75772
19602 97292
21994 38323
38786 84179
18528 30596
36420 19324
39200 16474
72848 13602
78118 74829
64115 9777
35167 12137
41786 3116
81315 72878
4662 54338
12813 20194
74015 38308
12509 33260
23538 23332
1262 5206
15743 90620
72396 88335
15472 11116
47067 23569
79172 65889
34700 10103
3023 68633
50785 34098
89112 88215
79682 79661
69387 94593
95419 73983
20201 73640
54372 25057
32570 85607
75068 13810
85096 55580
4958 48549
86280 79475
41226 22514
12977 8648
2463 20834
88274 60017
54356 59153
51807 49923
1157 54764
10973 627
61454 49470
85191 63986
17410 31226
78210 334
44033 23465
87019 7063
88873 37078
10096 21100
50155 11863
21753 91923
74130 4800
64642 58016
26651 96382
