978 4718
22973 6150
15612 77296
84553 55692
11012 59179
74288 90696
95204 46047
47990 51613
39629 91486
67893 80377
961 62825
80836 34175
14682 75574
33305 76928
90640 44849
79600 17028
20099 7562
67539 78374
80147 11383
91855 54958
49721 44620
89999 1129
76544 92844
3701 63588
51544 24720
92477 78839
83552 20387
74904 29846
7815 9750
64693 32198
52124 35359
28368 1409
6545 31726
55531 14742
23150 38896
48048 32451
66421 47280
99067 50012
35084 95542
5790 20727
17848 82107
40417 1537
3324 74644
90553 24768
13132 64473
25017 16038
37637 95758
49906 8996
12632 40494
31102 2702
17344 12339
93453 27252
22245 69804
97967 90015
74637 74211
58480 10838
52044 95256
26278 10414
48447 5481
93274 83433
5307 47848
7506 13223
57160 8885
86178 92571
7606 38324
51640 58728
58928 33339
4718 22246
93770 65194
76342 31251
9276 82973
46743 87493
84049 32773
15687 30249
1612 27295
37009 14775
98161 54260
33512 26172
23475 76691
49291 82805
84361 19167
13942 37142
78760 9272
36224 39107
77486 83372
15651 82596
49857 97936
38275 91760
69419 9910
76561 61963
83416 96256
14068 85931
78690 32061
61047 81253
39200 85147
67756 45157
60806 2712
78059 15216
22066 14840
88639 15836
83304 19073
1489 51995
6844 88910
2520 30383
33807 25198
63006 53527
23660 58823
38294 69543
32898 54831
19199 50660
28055 18408
5220 72011
51630 88419
86631 36515
50891 33264
28682 93076
75375 62182
62726 63694
76563 57421
46980 54843
60776 88773
25473 52072
26801 85909
72761 28802
72413 56245
58902 84930
21253 5701
24729 48438
62813 88100
11993 35186
84374 92880
79708 901
46256 23201
59360 32368
82681 76011
65283 33378
51068 5184
5531 99624
26034 34173
445 42630
67571 43184
24800 78999
57690 7594
96720 25162
83254 69212
90205 56038
53869 12054
47652 64387
11912 40949
14015 27246
20913 711
47199 28253
95915 54741
65428 62452
85735 89326
56458 83007
60761 92960
94606 13743
63721 20733
82882 29958
31146 52937
89248 95341
55308 43818
28649 49097
90074 60947
34535 40025
48951 92396
73368 68887
66993 93170
74054 92696
73822 82253
81738 41630
79224 21414
50008 59632
58640 44362
17174 45605
19077 45449
39480 68855
79167 20868
13028 20423
62007 58193
46345 25793
82955 14336
7294 80386
24195 54968
64089 8597
66606 53490
24697 40507
20572 32838
79413 11830
68533 74829
13226 22193
66868 12333
28378 2347
80902 40925
82485 25872
17508 55908
92669 35501
17188 45123
51927 17859
2458 57782
58288 85847
39261 99575
35011 44457
78019 89453
59348 4904
1099 3340
5113 38110
6710 52074
60987 67493
2250 1208
23990 93364
11276 12645
70778 32058
68899 19919
18656 53875
47934 39356
13632 81666
97064 62604
58956 64801
83146 40730
72808 34013
17078 85773
28189 19767
36208 39652
93128 30761
60142 92227
36394 37030
65058 18674
34741 31493
33425 62899
94890 86695
22785 85698
99374 79381
52484 97089
64505 81172
82107 84463
27423 77924
61951 89549
21939 5316
62495 28749
55859 30482
24467 39773
62697 69388
17723 79903
19581 58673
7023 80052
4607 44058
54239 79188
9404 45861
95130 22490
2373 43077
70014 31634
26259 95094
52903 77155
42844 67603
99651 17627
29704 25877
59371 86714
22223 87071
54243 46252
88447 53114
77814 96918
13085 54507
20351 7700
4629 338
52953 64559
2262 32157
48653 31299
50124 49991
94815 86874
9552 32351
65107 93067
36148 19124
26306 51550
7429 56518
33348 28214
15801 57110
20480 21653
13854 43826
56274 4243
12590 45369
55191 77717
95338 96148
46164 10247
11727 99694
15698 75683
26079 844
71094 15303
35080 32814
87812 98885
11139 16653
51386 30234
95095 16008
85792 39500
9432 70782
64428 53540
15027 53039
59108 4419
89737 47798
90035 13564
29766 80886
14477 6257
93819 71607
16416 49258
62965 66410
43998 82671
68878 80055
59017 97175
67122 77888
79463 14634
88104 96734
25655 21476
4147 12124
36100 38580
71696 33160
84967 61507
63140 349
2239 99848
99003 46304
58331 74738
94472 96680
46755 71523
25286 89394
53645 34452
81117 57595
1976 23927
46108 1135
42129 20286
23019 7348
61640 92331
54826 95123
14219 18493
89427 83367
29441 1390
98222 2672
21629 42183
3786 92451
13343 36957
21682 17373
12404 98465
50679 1465
33789 51215
20195 17949
20453 2609
44558 27754
40766 30169
16057 87000
9873 68768
6112 78045
46137 24748
71505 42121
72080 38460
99738 26235
62849 83838
56267 7965
45779 12011
47761 3098
78276 59186
99037 58068
87147 83647
61719 43268
31084 79879
78493 13497
42387 58519
8290 85643
72973 84982
9163 59108
16988 35360
85452 30337
38251 61528
18517 45409
63540 52195
7551 46341
89345 25862
33794 75118
43439 11233
28533 47522
26905 38504
94511 67348
98700 95217
35373 97224
8699 90390
37256 75056
99873 93773
97035 19239
83616 4998
14791 82095
87261 29094
33286 30343
6985 37508
94986 76474
79294 1028
24480 42256
25494 43224
42457 74454
34676 67207
99309 16902
18804 57813
85709 63189
46445 93728
45493 38602
92821 94515
25044 79372
94982 90844
57608 61065
79781 72259
90961 98462
41454 33251
58918 1764
31402 51826
60581 17629
85799 89241
84266 33317
89593 11415
12475 91168
99289 7868
31497 50575
55006 33679
47998 86055
43520 1244
32245 27458
40141 9496
50101 84806
61463 42081
18587 42450
25495 31952
60360 67978
17428 82776
93460 74083
27540 30241
90674 2949
29836 35960
36193 66237
57878 64795
31767 13657
44616 47073
2781 17413
96256 93690
38074 86394
47721 73060
76669 3987
87632 84755
94758 99821
58690 38012
45460 24863
18655 51108
59395 36365
12455 94485
93783 70710
81306 85471
83509 89310
64511 85927
49783 25525
67156 71929
71678 7994
19589 45214
54661 1262
45066 19753
25432 88801
258 56148
67930 38316
19566 8040
14945 12903
79238 28580
16739 94655
18266 75044
33701 32552
15199 44447
28452 26827
92214 96850
19675 64271
3629 74052
28652 84435
79854 12247
52404 95050
30936 47665
80682 63368
96433 84744
19471 1431
62248 51633
25935 71809
11278 76411
76870 58986
12536 25879
47100 14905
49891 61883
55346 22172
99019 21789
80049 98657
89342 57348
22776 16644
86152 99769
10572 41738
78225 15293
52899 44340
94358 77327
63493 23645
26914 615
12723 61380
29926 19828
80972 26265
87767 18447
68775 22150
19557 99496
70242 23546
53422 54032
24221 71801
67570 85316
29208 34841
96304 20085
21035 55337
83893 86240
97994 45463
76529 95068
22482 78066
72395 83746
5723 56310
78814 47513
33514 771
94519 75348
92245 52420
77305 89398
87393 33522
78103 70621
82755 91056
89707 58065
85718 90002
61584 71743
63611 9120
40153 93480
11900 69999
36942 88251
77308 72799
47429 61886
58891 98984
89251 80530
80745 61499
69358 98691
74941 37837
87660 43254
54752 20283
71738 6221
5143 90178
53250 67012
72499 16791
55350 59463
62220 84845
5903 54933
2639 49198
5242 55722
64235 94827
4298 68247
80371 96138
76578 44343
3742 22229
6408 13226
1322 99099
77575 20233
10194 65076
3475 80159
88611 95311
57095 85900
61443 31437
21112 64541
27610 50396
79193 65400
55445 42477
58276 14517
53297 97807
56837 65944
82722 30637
30444 89166
60561 83812
78494 78300
35195 34894
41142 16911
57572 47639
93435 76104
72937 28130
81225 64595
1382 5948
43065 55979
32624 38970
20414 12463
37605 67459
40001 69231
446 21624
40346 19994
45102 48599
60240 24140
18939 22991
87530 89383
31380 33831
30226 88340
11760 1548
59495 65869
68627 91869
68341 32324
54512 33779
30889 7748
8915 10770
23641 10302
74387 15467
24087 81546
20441 85779
12099 14321
40169 71093
46988 62505
97960 99961
86440 40767
22730 28595
99951 7236
61107 80981
39447 37138
38175 90658
47803 54643
79182 15070
83484 24430
29635 31366
13946 50957
77761 31878
12812 55584
33249 68766
57528 44583
51721 36076
43933 44219
83120 37130
70834 26581
58828 71209
89389 35410
21262 24637
90102 73928
92184 10399
70482 71016
68203 95938
86670 3656
44395 90333
34603 4667
983 8379
70437 24433
21128 36745
52029 21630
77120 71258
91489 98012
56016 559
41974 30460
64861 85002
42358 80067
27009 80437
3372 31564
15074 65791
79425 13151
15115 60850
80768 72971
50926 59205
24448 85785
94039 16422
56469 20870
11828 49799
13887 53853
21908 82134
34928 2719
38815 80242
8625 36233
37204 51859
95530 47375
5865 29923
87920 70542
11949 69482
26288 44331
82114 88380
93325 95111
68210 25301
46248 27415
76325 58622
48635 51618
6975 87722
48651 90124
46501 9323
9699 96992
33268 18914
37154 76551
66975 9983
6734 15350
47516 65955
12639 8443
32468 34411
3177 46635
56210 68923
20428 93924
9880 809
27326 55406
3856 21448
22236 35548
50218 8854
63889 19163
5997 2985
3545 59296
87647 57288
44303 15312
42658 37745
91626 26697
60280 99019
42456 5645
50958 95825
78047 79568
93889 85834
75380 61029
57898 76991
30445 55198
3738 16765
45605 36109
3878 98285
33236 17113
88163 33887
10910 87761
1498 75999
22009 48493
53840 52708
55686 5329
10329 73287
97031 34883
86220 60204
5706 89094
41112 32485
23846 94206
75269 47327
33211 53101
33035 44818
67673 35590
62687 29820
26565 2185
65551 43845
80357 39263
57695 41855
9203 31531
3766 97155
51459 29116
19580 64832
59939 74288
44739 16963
78226 53012
31382 53133
49723 29346
66240 28544
99404 65330
24397 69080
10862 80422
45636 71961
73755 97873
69462 55552
78429 71749
70570 43423
13431 87119
63290 9328
24934 28673
13577 43356
89491 87196
93210 20863
2040 9886
18052 77857
3438 47961
48566 53844
39802 94646
89315 61413
13057 17952
23663 3811
99967 68340
6317 52689
28241 46742
15036 62232
79762 45223
36573 98775
10817 79213
63197 56418
36081 53427
38777 26553
78719 12679
51110 57473
53259 40950
50533 79537
52302 57548
52108 76248
54126 89585
84132 34991
5464 7583
74224 26936
35209 41619
8683 25944
72718 37123
23498 3670
44587 98689
42296 27944
58187 90251
41834 41561
51885 77929
63452 28202
99761 66723
62056 78093
54610 12572
84422 17131
314 96517
23483 89541
97192 52753
79178 65185
23205 93533
30112 40588
20473 66688
69574 437
97657 42512
51882 43542
28314 59512
19235 526
46791 50737
13159 1322
86157 39048
22273 19564
70847 9546
23036 40969
27687 36393
14282 16670
75888 32013
72221 88632
9347 34340
55731 26658
71445 81594
53648 28871
26820 80038
91537 29188
11284 25378
19812 91454
12754 79348
12597 93724
37909 8072
20270 32311
27652 58424
77808 76826
52412 67705
86117 20152
72654 68069
6184 47937
74489 49400
93070 54667
60004 76355
82654 83964
47154 31555
64897 14271
65062 55117
52731 18250
48040 92697
44563 70730
60766 17210
52110 45435
29948 85642
58454 91357
22040 34539
88979 8293
60248 4365
73947 69478
71014 76592
34923 25800
95829 76035
91444 53432
60799 75063
21084 45906
73009 5601
81096 78012
42272 90429
39784 7456
48397 24775
72650 47620
51848 26822
44057 30451
66485 96015
4571 96937
54888 8737
19175 70882
20910 35314
87503 33777
88140 99960
90980 12358
75474 71628
58261 28440
4102 41403
77282 46724
95855 12622
10644 86316
17797 81031
44476 64341
24843 88407
72637 55970
91438 7234
36063 25109
79894 61179
8269 34440
6271 3120
91961 45218
47832 5780
81121 2399
51591 33548
4974 88747
19848 96073
59172 12563
15164 35389
70913 46557
31173 62859
44276 65577
51961 81731
10916 89483
67437 76230
50180 82031
83486 8754
89891 91925
82982 37124
47500 40824
28890 53567
48436 61891
10640 36340
61554 33937
32981 93345
15093 87158
69142 64949
65040 94041
14777 56930
49934 90998
91615 78694
52720 75543
50856 52245
7110 9338
38641 86948
95084 90825
15525 76016
92125 59176
66366 22091
90900 34946
57416 55678
39600 18624
94047 26834
99969 939
89166 14413
32066 88985
4836 89387
5754 66706
8818 45788
30713 11119
87667 80485
74496 75317
67894 27513
88093 58443
60453 56001
71462 13948
30135 14850
93997 81678
63200 49943
77785 81505
82229 15890
77660 13372
26173 73385
43967 83335
31468 52099
30881 88371
47437 78019
59649 49044
92719 51758
47230 89565
51352 34162
98473 95917
13658 34527
24500 56093
79829 51195
5505 78725
70836 52888
61338 1626
66968 49667
10912 21788
24512 70614
11486 8038
36064 28748
