887 8330
60607 19536
97370 88528
60975 72226
44730 59657
67833 29152
52368 4865
72252 31843
81257 39661
10395 9515
70208 44227
56906 48944
35116 46678
89463 22076
74448 41494
3319 92210
51364 7898
95518 62182
96591 54711
91666 6060
34957 66119
254 13771
42111 40228
58996 37750
8217 65697
96926 77564
97479 1970
33874 56057
73898 17003
68328 33743
13751 62099
23474 41247
29602 44317
78345 98993
99562 90333
95740 83465
31689 58089
24975 5743
46264 61670
8670 29427
11267 48933
15716 44458
82532 9912
37946 43610
30899 58959
50804 8156
15257 62862
10860 88256
42633 85637
94695 76081
25877 44195
79871 8559
5340 76079
79273 20543
4547 24914
13137 92966
89730 92521
39636 26729
9827 60457
91200 97594
63331 77190
54117 50663
10358 70674
38311 15690
83632 38111
28822 64505
99639 33348
35571 34020
12285 9123
56299 21319
30602 42508
97624 5670
23334 40675
79392 36589
85387 93794
63858 52428
87181 94708
93025 58767
84385 58747
87529 34668
2509 53760
3113 86055
99959 23897
10258 84554
9504 56651
42300 3341
53905 93619
39367 95940
208 53551
68399 97870
36154 79513
51740 14363
80675 36714
36201 37092
29758 96145
47281 41694
83526 27628
35174 56310
61139 66150
29526 85945
67523 20403
18770 16031
4153 75604
84527 65481
44637 79540
28377 77181
7902 26927
50714 10633
29874 90931
47144 37459
23538 98691
41963 60160
1595 12491
88278 70648
70550 99870
61488 87089
88412 87912
74926 96109
17186 75229
94775 14147
23746 26220
33171 70858
56153 2390
46652 59273
38852 83422
16080 95829
83473 59757
61500 84539
54233 69224
14211 4119
60749 79520
41669 10527
65412 32949
97644 59740
31791 93402
72529 72864
55800 22971
29947 6738
79359 6435
99713 11091
32222 42810
57909 90281
36940 29049
28477 79406
19377 39724
13339 23535
85366 45521
53881 77006
46662 22111
20817 14685
43996 82830
64058 99278
50006 289
76884 68650
11975 75963
95215 48602
64301 23586
70299 75674
89434 26877
51761 17132
47565 71290
40317 17508
97434 97009
62030 34684
63503 58404
40833 76047
23402 15339
34501 90798
83288 11390
43784 22036
53245 36591
29712 38297
1942 76125
63273 67289
55197 68059
64741 96984
42329 21021
97808 50
66656 99020
28011 90700
93704 33554
27884 52584
2554 63661
24271 29186
2479 38858
8278 1125
63397 27296
88152 24562
71220 83196
86747 80242
29966 91406
2897 4484
40430 9526
32884 65016
43130 75299
6069 74061
12797 23967
54615 65380
96626 90320
84477 13824
24947 80257
53724 30167
1551 66213
83060 33508
58506 29367
15272 44426
90855 28247
67297 58793
77865 95294
11051 46539
66123 30040
47596 89227
11537 44070
19748 92255
81701 85409
16723 5984
63546 87043
17036 96463
44041 22437
18143 1985
16332 82910
16377 34270
26496 75707
76849 6910
75564 30824
39864 90822
51724 24873
5322 20768
5646 74115
85907 82081
22035 49006
42252 57540
4519 58708
27473 54159
43975 99809
95141 81637
8887 61052
93520 68883
46819 19163
43707 3788
84561 32422
44910 65709
64860 87963
87486 26690
58555 41180
88115 63045
22363 68231
53276 72525
77014 85563
4550 22346
25971 3184
28031 57852
46353 68509
88489 95939
6842 86189
93543 52883
25715 6861
86783 95526
16402 59320
93186 31382
49532 25248
50080 28793
64019 65412
3440 55893
35809 74596
54374 89108
54963 60778
56900 65767
73252 33726
12381 32137
64550 93977
27867 98048
28192 16996
65394 9375
89181 23364
11068 33178
69691 44435
47280 83587
3066 94936
87155 37682
45451 8348
6920 83945
54866 61212
87900 51782
31104 64449
33542 31620
6833 15955
99307 52297
42840 32083
27310 66418
15752 42126
62496 88991
35615 19895
71420 57671
21347 75117
55790 45752
52083 16766
30539 631
39451 2495
73636 77414
38330 98494
60459 69383
36259 21120
42225 56838
56834 12556
41170 23063
16101 25810
8225 77937
7901 24346
96414 89497
81691 28508
26132 69670
59693 35356
29440 63286
49180 89070
48162 27113
47722 69387
36144 61794
40856 36198
14626 64838
62244 11796
36372 97920
67060 81924
55426 88050
44356 60410
62808 22678
86706 1411
58227 30025
33638 93184
91146 13653
12752 3430
53374 8416
36750 83
60769 89798
90308 47599
82761 21497
8895 99482
57810 9027
30418 9847
74150 34213
56985 68815
52667 91564
7867 81291
87443 33335
66771 84096
88014 84386
31282 77865
33778 46329
25173 52049
80727 82513
4448 43065
55604 83502
71889 59654
76395 73529
16761 52958
11746 21595
59591 63986
65635 53044
11985 30118
62255 29560
31136 17199
41844 72570
6057 95949
94427 28616
77229 80546
94474 67354
646 49271
80288 65953
5020 35719
44942 74874
9232 20728
59412 23414
59466 62686
6867 10796
24600 50538
45211 18161
66824 44452
60386 686
40782 67861
63101 22709
25860 40890
30886 18713
37515 74163
60776 82519
27372 48998
87165 11557
4340 53031
53325 21306
30437 49689
3953 70078
35827 87163
89173 47917
91917 14000
17681 55665
44110 13417
96171 68228
63992 36374
51305 83697
98492 51680
33244 3867
33360 14214
96078 37088
94662 79400
9786 26395
13297 62545
16474 92056
70134 78149
80910 19995
63322 75670
13441 66784
16604 56335
14003 74985
5629 78560
10638 45304
70736 28045
1450 54029
24409 29072
10145 93732
10372 82177
69879 25046
85630 92812
91745 35855
37738 62933
7591 42837
96395 39934
96428 39108
94124 51676
50345 10171
60318 24629
17519 58861
35647 45312
62616 22780
88933 90447
70040 11461
8690 68263
20145 95226
94725 68948
80581 18850
14224 29932
82446 76333
31680 74164
88073 15897
57800 91402
1198 10006
42434 40859
47218 56059
87884 66565
22066 59036
21467 99066
32914 84625
8123 70122
8901 22563
20114 78898
82434 18742
52374 48670
76772 51488
18512 97541
81795 77050
30777 97612
9647 23824
33629 94157
49081 14427
32098 78637
73904 77347
77515 45724
59399 87848
67974 83000
24732 27356
43607 46842
4662 76498
35713 94254
55968 40086
2934 64288
69467 33133
2019 72222
92279 43591
92850 30116
41579 20708
95250 4078
65496 63470
18882 66296
79778 73617
81347 87756
7980 48295
96383 57141
94633 7655
68895 36003
84259 59742
25559 47294
156 98391
84556 85036
46072 52176
7117 33807
29172 20270
18848 76364
7709 33758
53651 10175
47691 86065
93167 9491
39281 47257
98474 3308
30615 21836
86753 75363
84520 62423
786 17498
89841 76422
42000 86022
96423 26612
24518 91042
89159 4550
37381 50506
29962 11775
51508 80114
70117 40869
49233 75143
61976 60876
17774 26615
31687 31347
95654 3085
54545 93100
18325 70421
66091 37541
90732 26394
23260 73477
3923 53785
85504 7173
97883 97072
92044 621
99269 24871
38549 901
36269 99103
66843 87253
64102 4394
42440 54494
20458 32107
69289 21165
38568 74044
57103 70591
21237 11265
31020 7292
44118 95806
77319 23667
85562 9767
2146 27611
81423 21424
58470 47500
32489 11594
5037 89851
14262 96074
70674 32710
87742 34099
446 31835
3107 72944
69169 30880
23343 28253
9256 83789
8340 47451
22394 7519
25576 32791
7502 4074
94179 11828
79436 55004
89227 77799
9749 81753
39601 66075
30016 80815
28268 39499
72688 44091
53075 59872
87146 43569
76366 9326
93964 72048
16253 34394
26401 85917
63241 44438
1608 99573
28432 3272
85775 4055
32671 40420
96244 86236
17906 46193
94858 73889
97686 1784
32071 61816
77813 63569
2540 18183
50303 85670
33116 51270
99686 33800
31776 63170
9023 96452
44746 22632
48369 4570
47203 71224
36367 93268
17037 12427
18973 64091
96365 25801
54154 38211
45559 79425
60742 8047
35886 7704
80170 91999
7070 56875
6491 54244
24771 50269
33382 9078
12689 64220
58797 51602
12180 28705
17438 57738
81208 5784
907 26330
36888 85562
20308 3790
22851 70171
24062 15113
2387 83145
64818 97189
36388 4368
2489 67822
49998 74113
19373 55860
13081 82790
35374 39662
1767 97352
33562 22979
34925 80805
63202 12324
33977 7780
11052 40681
73818 24480
49759 96022
26057 28396
16678 25424
43814 20423
27226 40059
44495 89671
21135 56689
1924 70681
36200 80821
60510 99395
43810 57275
52764 88124
14571 91892
54302 22046
80372 44313
84037 32305
9071 18196
4210 22436
19074 99679
24903 63306
31352 36840
75606 41428
84480 28781
39825 36918
37449 20958
59248 51933
20367 53478
40776 86842
48845 22610
43645 61617
1219 55770
93780 90922
26486 7677
76994 788
63373 24258
97864 58241
52213 82082
92114 15281
90435 50756
15951 86382
48157 60041
7121 55870
5312 27876
75914 12059
34215 32511
24363 39071
99769 22004
13898 34417
44473 1223
36454 67421
14246 94349
41003 25425
57568 69810
13538 42288
21108 21425
32795 23541
63142 7141
84268 60534
74022 65522
63920 61823
12981 41667
99439 29352
82288 54579
70291 17390
11782 72637
5127 90686
62006 88899
7267 74570
81555 26431
15970 46709
91463 72813
3847 54140
44841 95562
46020 91595
21871 88088
86505 94638
98184 86800
6708 60619
33218 24657
8687 15527
15110 82988
80439 49994
6773 93284
6158 12514
3395 31736
48400 23466
68027 92462
67696 26059
75446 81616
27080 43622
40857 64401
74201 72205
60789 58581
27074 66826
15647 71391
71895 98344
62091 25489
37033 66054
2935 38948
28357 36044
91403 39475
8024 41456
57520 34065
15573 97215
14956 28387
6304 75203
19454 89413
63566 48171
87020 97346
82835 99405
97839 57440
34616 64271
10283 10789
41487 17691
6037 18036
21468 7131
64797 17688
73337 31671
33614 43087
37316 14723
67409 78348
66164 71485
16323 17355
17750 96814
44517 72613
90701 1313
55433 86392
26553 66061
72122 26573
5159 24840
89484 11880
52743 1509
75594 20655
59947 97036
55581 15772
12301 69344
20262 66970
33722 44556
79037 81925
77298 10238
52093 2365
50049 6734
63630 43288
308 3479
851 15456
93542 39834
24228 5928
16544 39511
67389 28341
18852 33232
10911 37958
64193 71537
47131 22857
98268 22753
87406 92953
173 94426
84760 23693
76043 45589
72734 23898
95025 37162
27282 70631
14062 97996
27309 27470
53183 80366
55924 11028
43945 85604
37176 32688
3214 42132
62902 9248
90536 25083
59080 1960
86852 53858
19938 82413
90833 17603
13045 7271
85856 35902
4986 29702
30621 29023
56989 92030
5684 1738
51475 75545
9891 20041
17957 33391
87037 5253
37902 4311
46019 3299
85963 39020
6357 85988
91302 4772
41808 77901
77236 12278
70126 87428
99709 99403
58167 52573
97755 60560
82639 59026
85031 92058
9598 62758
25698 49664
41780 63374
44247 63354
31704 86264
5013 8217
65749 52448
36526 27621
63088 9997
72008 47553
87659 58591
99125 82069
78869 8791
41476 22847
55233 15106
86268 97642
78701 10
73787 57422
88646 22534
21491 45323
61572 14195
38760 98926
45490 23921
3734 65
31648 39816
36667 79317
1209 8205
10941 18180
59102 54532
40679 369
62292 41182
8478 22088
9951 45219
54055 89392
26148 49958
17127 15857
98422 12765
27346 5389
74418 17975
91836 49491
20527 58737
36365 88337
47724 17013
11930 82492
84079 57099
60417 18771
96399 89726
11885 53166
47732 4970
45292 67524
92165 39276
79337 52431
91531 9783
23822 10354
5266 66752
67929 79026
73056 49182
32279 82578
94311 91127
