447 8853
58827 95342
44534 18813
14622 1249
66955 59669
82382 33123
40161 24361
89332 83717
34318 17549
65616 96743
24009 16518
1040 44011
46845 98489
13628 49674
72127 63766
39325 87
59487 70667
26467 44996
15891 18661
19746 62890
26477 10930
51414 26770
84587 43272
68603 55345
8863 53467
98829 78797
84759 37346
95470 46752
31248 57957
71544 14690
87617 8607
33228 19247
31794 58648
69984 2145
28209 32667
21480 25366
17467 9060
33799 6361
43238 57597
15487 23026
96187 43966
57753 15251
35918 67902
61760 88020
3195 33031
47730 55584
70696 90767
69397 57618
20061 17460
91023 9207
56408 45342
73423 25549
79756 46156
95439 10413
31691 47438
35428 22380
33256 11732
86178 73273
72652 32769
2327 17105
22652 66033
91239 89385
47741 30533
59213 18321
7105 65455
21724 75895
10234 80825
92054 14360
68411 16201
6489 54154
24936 97914
88099 89744
94641 69566
43036 27534
17388 23216
34467 43236
10244 19281
50173 98787
64614 877
93542 81551
28772 33516
78519 76333
83230 9810
50930 66838
70159 47024
69564 83163
42143 43708
63997 43536
92802 49090
94006 66246
59488 4588
88689 44791
77171 12348
18057 24136
51354 51697
23144 58016
24525 52929
80727 55003
3196 76075
2993 1867
58885 73078
27299 22673
78658 15280
5744 90508
6335 34151
29102 3540
96664 91986
63345 90812
50058 87986
92684 51793
56723 14962
90534 601
48380 54359
25339 77202
16071 12890
45988 88875
29516 5120
75866 76907
15443 73287
53163 14828
21316 16103
87118 15735
4916 60824
57872 76002
43840 97081
73258 68987
51934 91748
68506 34600
12897 73154
83101 6493
41583 46388
98324 65876
5497 15751
86990 62371
87121 76863
27526 30221
40839 39462
46191 99589
68235 19666
66703 79897
43209 49807
72295 67911
42892 91596
79653 49095
30375 15330
28580 75940
26488 72056
78261 34979
14791 62378
891 49104
74714 9688
12485 63711
81578 27319
29657 18653
88592 32488
92273 10794
78037 20139
96098 852
86831 73470
48661 74536
81551 10851
10919 83851
56475 4317
66677 75298
60892 96908
65163 41889
23908 18957
90771 14383
65328 51305
64698 88793
9117 87547
30366 16956
13548 92432
81952 6594
38751 94511
23309 12769
32464 33572
80281 23197
7479 17935
5441 61619
21689 16422
49551 32291
90552 94124
48061 64506
3478 63945
90051 88168
81262 58916
69322 62436
56657 47303
390 82975
27459 87294
35697 45156
42820 77679
33360 69490
80322 86898
53714 83075
76485 81000
70329 267
51203 65070
66967 76254
35772 33245
63828 36468
96974 36649
84190 97163
19100 42896
84687 25304
23870 90750
21136 21959
68203 98392
38458 95842
87906 72066
14688 61622
27015 45512
94428 78886
131 31953
49494 1539
26947 87631
9891 751
68797 41883
58551 41079
58314 52542
78447 67623
7793 72771
93450 48543
81686 33241
44450 95466
64819 65739
40368 89377
60854 71451
10288 9311
52517 83262
70463 63571
31689 46263
82160 62884
54746 28607
26515 47292
61684 53418
77282 69169
83371 82539
23597 34429
78745 83200
3131 97218
85300 39044
70418 76081
54966 31961
68785 5321
79924 57833
40357 78729
70342 68264
14233 98605
6496 51209
17494 57441
35740 85559
53284 7947
14905 15135
19805 83999
49140 43883
23291 44614
41563 99649
313 23098
98109 74292
54369 37538
73938 61623
74400 68584
63719 72108
47300 26760
1294 31783
13288 51197
1556 87280
77325 17079
43551 5949
27508 97187
33337 30998
89877 73002
94594 77334
41090 81772
25251 67355
75093 18498
68212 29958
84606 9932
45650 95456
59510 26531
66859 36334
50835 21831
60463 74062
70250 38318
18090 94426
19420 53808
12078 16154
63980 82551
72632 20037
39698 54016
76477 18364
25684 95381
21307 41642
20577 33345
46154 4195
30566 98741
80033 25126
49256 49237
14687 40881
82639 75322
51253 83679
61466 8597
4633 65098
92359 86384
29854 41689
17536 73386
80517 72923
77290 73527
47197 43058
57920 10749
38384 74948
73112 93532
19038 87035
50388 26225
41412 19929
66972 98406
33018 9503
62211 38826
8539 49070
9097 25255
8006 78460
30038 20657
9273 46944
62714 51059
79430 90278
31090 28307
48308 80738
91769 93579
49600 89335
8028 37719
23134 85672
51824 12536
1696 16840
8998 52969
41265 33994
59349 70872
76602 66515
84593 22294
85471 51717
83625 3842
70152 68998
76422 35408
29331 49602
46977 17288
2083 3260
70897 44360
120 52006
69145 19307
64346 80028
90749 91887
19343 24311
62357 3067
86068 28426
39630 7089
65032 24023
45406 10356
36744 47486
11613 9449
34694 55761
85340 79638
81190 74605
45944 31375
58305 36190
28078 74590
14691 79637
56857 26193
32484 52527
925 61152
55920 77125
45886 63430
90282 30512
37050 14547
48238 57010
79888 21902
56113 77661
34542 31561
22812 80093
41356 59088
20094 58188
55396 11033
61598 57518
63193 38908
60394 47422
22917 72229
1058 30302
45274 4953
24178 64374
60568 93092
10150 50959
24170 91290
82330 86097
68983 97369
41799 89538
65017 83404
46315 44373
55243 51936
4280 84995
49509 23225
21477 39861
2042 4958
31326 12285
67012 53624
8940 57569
98443 97254
3373 99141
41771 70878
82539 16415
85124 79476
77684 10185
72153 17080
95455 22540
65946 58251
58471 31041
10615 82150
56957 44777
91067 69692
3230 74312
88673 16038
60507 19793
37484 10295
17693 22604
36464 87811
72857 89600
49962 14475
36126 769
31278 13284
6723 35432
35374 26087
20589 35118
57567 43939
79660 23555
61900 64189
66258 40080
19856 14206
36570 29954
27540 46163
89893 99353
93961 96332
83918 66325
66835 86429
74415 96409
23781 78031
85234 80690
74 11428
87246 60541
55720 22712
