559 8318
81969 47394
72428 87256
1358 31148
95701 20085
94897 98325
15049 56700
64645 89242
41396 97835
6327 41238
70807 33964
82833 50141
45663 7253
85078 86740
49869 87391
80632 97256
48483 52618
31827 27630
78240 27676
74810 91108
7449 53063
96935 78401
24169 70757
51092 34568
80720 98844
27615 65884
37058 76171
91395 6634
26453 32852
25358 67573
15710 97107
61419 53779
1030 89607
42397 25693
54530 22759
64397 44193
26456 49525
3983 60540
83986 21022
32897 28779
92205 9796
10021 73751
29821 93180
12096 23077
74582 21238
71943 25590
35968 74921
7052 38946
33019 99207
91279 84933
464 40194
36720 8576
44605 23510
95278 79601
40231 87977
28315 94529
40980 88579
98562 64140
72862 28280
22348 59180
41387 83259
6434 40506
36478 44602
29675 97457
34144 73342
93451 38413
74816 86735
41110 31335
23820 63320
55072 94322
58573 85943
48628 95995
80183 38464
23972 8294
74967 11274
61382 93646
89376 25394
26194 86777
1588 15255
70782 88801
64345 52483
41020 63743
70970 37929
44266 62350
94814 10971
50754 47046
70637 51344
26787 79516
73605 43902
26175 94958
10213 28159
17963 37704
20847 10545
43572 14025
37178 30843
70319 82647
51000 92909
92393 41299
12012 8142
32208 82380
33032 62629
27098 91258
30326 59918
2721 17627
46163 18167
13243 12096
83870 54885
66234 8265
88529 22574
39547 23310
55131 28123
77529 8137
91604 45949
93163 96355
65646 55074
92634 84831
70863 24452
45107 43464
95271 13571
22461 22976
36153 22860
93273 15005
99013 79308
73010 22453
83107 84179
9387 54737
82602 84200
66590 67940
32824 2525
5979 95185
85592 89610
16913 87689
94357 81415
69206 41088
89230 90552
31275 63011
58873 95843
69566 49111
18425 52748
63348 763
50909 45484
50616 83548
81270 51040
6872 84446
12928 33030
78321 93310
18439 33822
84437 26747
93356 69145
43698 28695
22709 52713
75793 88771
2495 6895
71680 48705
73804 82782
82495 10563
82419 79806
64934 60514
35625 98538
8206 2556
94997 47101
76867 58242
4549 25524
49685 35192
99185 68820
88850 80088
7718 10240
43053 80988
80247 91376
10196 29333
18348 59362
40353 11189
90558 3681
21389 68001
68085 94750
23772 52328
2189 75130
2840 11526
40146 85172
95817 67543
44608 7985
9982 9531
99437 78723
38988 68477
68655 20905
11729 25103
18291 92299
73526 80801
83189 76262
48289 62539
35435 65506
20441 28482
67792 44022
74032 71801
28543 30718
3443 38078
57141 87652
21314 6518
80200 53310
62153 50843
90131 44367
99497 98236
41816 10179
33404 38452
28728 77514
45974 77856
54383 32297
70918 66350
33883 2397
50428 85641
854 41767
88340 2342
95637 9811
36962 67732
37975 6336
34557 30570
59786 29214
50708 29293
23484 59165
89727 30244
64335 43310
73220 74707
35071 8623
43865 74415
53830 57226
75437 15707
39858 95914
81343 94481
50012 21984
25680 52589
39758 93436
29356 48911
94797 26707
57235 392
13186 93191
18952 91110
78033 83412
67917 18075
65988 78814
5130 32165
42006 86093
370 32546
26123 21988
71749 27492
40157 70071
43827 37113
88836 12417
46092 81927
23416 33216
12471 49283
41722 50532
80 31812
9117 89051
72977 46112
28225 15569
129 71143
61840 28414
65551 32810
58831 30724
33453 82527
5935 9539
81561 77433
6885 18655
52255 67164
15760 2363
95491 60820
13408 29695
49284 69139
42680 58376
38637 53842
37764 92844
53453 14795
84612 66348
37709 60476
43842 6591
62564 7005
18040 74068
81858 33262
10757 65607
1367 94749
17584 23147
1370 33725
93711 25746
40086 46590
94168 81339
58038 21661
62317 74774
96975 24064
2930 35214
60284 1083
11422 34379
60423 2082
92415 70770
14366 2425
24837 19840
94082 17238
36987 34599
28628 63245
10750 7342
53518 66553
25606 3696
47011 24
66111 81984
98701 49346
95364 60499
4437 97498
95964 84477
43680 15935
15196 39541
93902 32945
1141 77395
18453 2468
48579 88306
68037 84212
93907 78408
66358 27979
52770 52567
28402 5720
10397 35193
26368 33740
38788 74713
24939 20533
65276 36428
27879 71540
66898 14509
28500 7116
83280 20458
57394 81664
56947 5669
81162 83236
69600 52139
25517 14907
35900 11722
93801 42560
83385 91065
32303 322
35149 57468
27171 33306
1148 13104
61045 30877
12047 68829
6539 36493
23355 66062
34724 81267
72783 78826
4131 15755
66572 86887
83474 26241
61537 2365
10955 47023
82147 26125
50782 83036
69636 37600
72134 58433
36842 74344
95351 46790
99205 71949
94593 54547
35740 69531
55283 94406
70596 51568
68100 36479
55205 14375
91409 30772
10463 12157
2965 46793
11109 5700
68199 76413
42894 97088
87678 63069
13459 47785
70238 16976
56218 68439
85585 83471
80289 94075
93085 48429
89081 53548
66341 54972
97779 16935
80095 69008
99648 30420
86228 41111
85403 93663
66441 31454
466 72371
23665 41785
53468 9528
52586 80889
9016 84531
14464 12316
38652 27055
48832 75776
32166 46220
69328 86519
50135 61074
22085 72336
10434 69225
85297 15979
51937 77374
1025 27914
21803 64277
50288 66515
16896 40116
34873 7760
10777 51992
89171 47810
72956 13774
90379 93827
10704 37039
96971 42886
4628 554
85328 33154
348 19389
47327 74023
73340 18088
34399 5036
88010 63686
31553 10340
98163 93199
11976 6281
43627 68767
92116 18850
87699 74482
77636 14736
46552 58660
22057 99142
16285 3368
53954 19284
95030 19560
83732 80060
34979 87946
44144 4322
35321 57372
33641 37163
13008 37289
7688 67266
7679 71838
61505 53083
78846 90035
1064 19655
20975 84029
24018 32823
91434 58766
44164 17745
2182 50014
57445 27791
2966 13996
96527 38023
68397 22292
50067 51916
87230 92503
37569 35741
59606 91498
91191 33919
30355 68264
96047 58771
79363 58604
70898 55965
36675 59441
63919 71700
92926 6733
69821 50284
48996 86964
23582 59590
69052 83005
34878 72764
8858 46717
50621 10933
97047 81779
19905 80643
79875 71889
31297 70538
48440 74537
77197 83007
84035 96690
65364 87322
87324 80814
67658 26192
46971 87746
91909 22155
16282 62661
39129 82045
30812 70325
17980 62100
37403 30174
85285 66249
42132 73811
82988 69901
64530 22498
32753 16586
18408 6437
39306 61502
2610 73673
73372 48192
53829 99651
50674 72678
88636 32028
12352 60394
93275 49535
84603 50822
69241 67302
23845 98222
61981 91296
23430 15076
88562 36774
1855 11403
37366 73958
5839 6989
11435 20706
59475 39001
83075 98223
25274 60894
52752 28714
89461 55860
87551 33409
10084 76762
8198 29102
55039 28401
21249 54190
71973 10568
68852 82333
61059 93519
95401 81910
14274 48525
20587 62112
12796 45338
43805 40641
6454 96751
986 54639
92544 20398
2272 43365
71588 71534
50162 6653
44526 84960
98778 14494
62068 87102
40543 25619
21310 5416
20402 80146
33248 27673
10961 98772
15011 8102
51411 90696
85555 15275
20967 77005
30557 1179
20443 53107
92097 96350
74199 98027
64591 97430
55802 364
65548 80862
51042 85369
44237 64555
69606 90481
82585 94290
17129 78714
67528 69239
51882 74714
54016 79480
