679 7455
90689 15804
37944 64163
27817 81804
44841 23139
72199 34542
57530 14096
5262 30217
61297 53925
9113 99609
94943 71183
36752 13438
14035 27569
95480 90149
9927 82769
67036 67261
82625 25688
91271 89963
89329 32155
48392 80642
73634 2804
7836 93415
97610 19386
73234 57023
13800 9038
13448 400
8824 37611
47499 27503
91197 302
21989 50729
28972 88280
29614 32396
53459 96495
51387 65391
92812 30571
14123 43732
92805 9913
8081 64174
56373 83824
14898 45771
93656 30660
72048 83759
70614 13078
88932 87787
21297 73277
99451 18655
25748 54926
37769 1536
95953 94023
83106 71958
71625 52346
45230 36891
23181 79260
58573 74453
58545 80459
38497 88676
45395 94740
26425 84135
55159 4495
97561 60768
58335 65631
16395 72611
73610 257
11132 48489
16321 93997
57475 39400
34392 44683
33046 73030
18299 99373
35713 73504
23484 50607
3810 57290
13698 3758
50650 61668
68023 48369
6519 45439
33765 94049
73349 98547
68336 15104
12073 30684
19283 53716
6063 11369
60738 92916
61800 65060
51270 72050
19442 35915
32625 73847
25852 47029
32776 11740
27837 62334
11205 36461
58095 24215
38873 27414
94324 62701
68935 45371
60231 58704
25224 54834
28154 74476
84142 33762
47308 61498
76424 42512
16289 43405
71411 78606
94533 81470
24749 35296
82881 55396
93114 384
68521 34671
28542 65124
17112 60108
65060 21253
5860 82687
89746 95879
70776 45792
42655 62274
12558 59081
28782 82613
48475 85553
3206 82819
30420 67118
49176 50967
4246 50908
93993 30769
16526 27095
68185 94195
89960 35821
65546 20154
22879 3445
75875 82835
97482 6352
26933 60648
59799 43381
52536 35092
3991 86861
87842 9123
66148 77700
90881 23783
90261 78206
96579 55239
52361 34467
55514 44884
33913 10954
33132 37910
31889 62482
1418 34911
14072 66430
88351 52585
94040 1372
12141 54655
68166 47654
3153 80967
70035 9376
8704 12048
11249 34870
52289 84520
73964 36630
68886 64812
59714 38984
10019 80806
51861 13163
83710 17071
25058 20923
99425 84858
97664 84230
78634 54049
99642 36907
3328 49463
61389 17156
25185 56640
20732 54789
17378 90076
840 62326
42025 955
11079 94432
9818 65457
93653 46040
73286 90033
68534 63580
47152 25000
69295 33163
80525 18846
53178 78401
56796 64464
73936 45541
77642 26950
15538 91219
15054 19336
83929 75603
98352 40792
54560 8914
99222 11543
33312 69932
7446 36154
53512 30247
86623 7316
91045 4329
50360 82296
81310 89616
31374 44178
58600 38553
51081 59675
1538 66168
25589 57850
10308 99480
85525 5905
43131 37673
65794 65495
5192 44290
81930 96395
15083 186
13284 99789
17292 99291
31366 12095
91498 94512
58797 48253
84015 56571
41312 73125
82136 65935
16918 5357
40044 37657
99620 46138
63998 29378
56451 92242
61469 12865
48750 76523
96418 18711
15878 60633
47767 26861
95891 10387
84982 46960
50859 19594
73553 9472
54957 36428
36988 28882
82234 59887
17571 3923
74216 57812
12722 54025
11678 10591
94873 82820
22515 92434
41286 97839
47160 26130
52958 73090
35582 85712
30599 82755
3526 63036
85783 55111
41317 96493
23094 21912
87417 18765
97170 54273
55436 79643
22630 3632
37911 27468
59990 34584
88371 1542
11745 25558
87532 71688
14195 10745
19056 61173
30047 18274
17745 39964
90109 75989
91404 79456
30671 42601
25420 89684
2651 66775
25627 91049
89330 18611
81364 90866
82731 77971
80745 19923
65535 22331
497 98602
81017 68113
58444 39739
24769 69125
85137 21589
25564 69512
7850 59074
28800 74687
21350 69893
71917 88290
41865 79298
55549 87804
31727 25313
72893 29143
95746 46378
23335 56727
74393 7579
7793 40713
38276 68348
47838 2223
46444 25899
43991 98697
80576 63125
48674 75816
26193 31571
6928 21193
7372 94886
21561 12889
44662 21324
22488 30852
53977 47350
24122 46581
85777 72332
81736 79074
5983 54549
93039 50401
55293 42677
66780 16527
17346 87040
68356 88727
89867 47635
52940 73023
24486 74769
24972 59284
55457 48740
74041 46873
17871 49476
79945 97850
36438 25885
32385 34973
43125 4337
63122 65598
16773 26008
16741 42912
96542 51106
44973 55303
67856 3518
46623 26385
137 23174
89413 45950
94157 78903
82755 79224
12783 85117
97975 25134
48048 56480
83821 10169
37015 35945
72147 50963
28518 10670
68906 95467
37072 1955
67899 27244
23802 4363
35826 97667
44004 98608
18407 14649
6094 63060
82244 930
96950 94242
96736 53408
24872 38274
65918 85990
73902 57423
62587 73206
96636 79154
67357 66819
71553 38267
60417 42972
36325 90501
11518 80043
68626 72794
74469 73903
57605 8855
74650 93360
41550 51198
69052 85914
35893 7862
14159 2762
69806 95818
51916 50002
81678 53896
36142 61363
2547 15403
50347 63596
47371 20852
26576 44830
94443 64181
13433 71777
24708 3977
20172 34229
16304 16514
73117 46104
56920 57835
36985 50978
60955 39236
92151 88236
10294 37377
29108 39307
92919 88474
23166 48770
43200 15346
40865 51216
62692 29384
99027 97883
56669 90756
76642 91871
14200 61531
58024 74920
22244 27849
93741 39599
99771 56798
30709 27313
66139 6099
47211 90705
33262 63663
32137 1225
33494 25716
97624 88690
58177 50915
97509 527
56533 30010
30926 33059
70716 31382
83627 31961
69781 7541
95939 55580
94553 39228
52203 3136
29414 11962
78788 37799
33808 12754
25245 95772
79068 60138
6420 30991
29004 1824
72289 56059
89553 93665
87627 98393
39288 91575
97357 39822
37617 28125
43236 33097
56538 10959
46497 35232
7950 83270
44845 95217
78425 40148
88364 75929
24491 45211
92659 60703
32988 8176
43342 52399
64376 38454
50379 80640
1179 80350
51596 63607
64480 4318
37789 11503
88772 62039
83212 41309
47836 92338
65631 6238
13140 47400
74630 19555
27749 63572
19866 24229
15158 24241
26698 17589
31789 9131
53767 86757
69485 31936
17956 75237
56780 72203
48236 87902
86661 12365
89591 85830
12802 68819
10701 14283
29727 18567
82034 47584
16163 25996
78233 81495
57570 37588
48415 38930
76123 74166
14163 50582
15144 87065
87297 50010
19197 93983
14364 37541
82862 9976
30688 59855
60227 14643
30660 59572
75443 53132
6053 18752
61181 83747
3137 64815
86523 27742
3371 33868
64159 53548
34694 58666
74023 83061
89273 31719
199 58553
11474 62613
61616 76894
38020 24046
90436 49359
9825 1193
39852 1267
48434 21911
2663 71884
8106 82316
73198 69635
78474 27096
36076 66223
86020 88666
26054 13785
49249 39266
85437 56948
73835 45517
74674 76660
24764 7751
88173 27292
2970 75324
35042 67976
96247 78472
21378 60330
15751 2266
2802 41123
4733 39072
37751 83691
99176 30031
92410 53394
71016 87629
49977 44571
12277 50829
30491 32763
29301 81474
5232 83068
90450 22033
11489 98749
68565 94744
25653 49855
31504 26165
86679 10719
53006 60119
14111 67913
28070 98010
94340 42753
86359 57859
26808 19118
68669 22147
95600 90913
62719 29215
80870 45087
96826 90581
53145 39703
11447 66419
93113 82616
45210 70072
33211 17451
87509 78841
33716 74354
71861 94535
87802 98900
24011 38581
46135 12906
47770 1140
49359 29446
16096 75582
93801 38556
73045 1472
43095 6241
76905 11345
23548 68835
68705 37455
37227 78585
9585 37258
16142 45271
59257 67715
61013 62038
66331 2632
77085 4077
83272 99905
36025 377
67709 80506
70136 26821
42095 92809
10238 35816
92071 85864
62245 69711
1820 42111
63120 37715
49515 28191
47718 25240
8114 32448
68841 9427
99474 56115
85912 94853
33184 76475
28257 72312
13296 21963
20024 1371
6873 63945
55715 4266
97351 46513
82400 11522
81105 5079
45107 29079
50052 46050
54471 63122
4680 39368
58403 20731
26392 73009
29230 70751
97773 83885
75040 99980
85594 16246
91627 50256
13417 72109
66014 96258
96459 14775
25408 52008
87634 88793
74247 19190
5967 50853
86803 8505
61743 66475
60815 66354
31108 71185
51581 9081
3858 57565
66055 37807
80616 83253
21827 28619
12615 58430
10445 33224
40743 52207
23675 66090
88365 88239
98661 5983
7185 37651
70496 13946
13900 50211
24752 40787
84154 66880
70369 70599
56254 13390
89308 86746
85167 47390
22158 19802
85310 12468
27387 20177
84851 10978
72690 78135
69267 95586
42852 60758
76315 18975
12480 57413
39975 17355
17475 96990
69878 39978
30667 79011
24275 43158
59073 23799
92706 82764
81638 1394
4993 40234
74513 73697
66135 69663
62760 8544
24797 22588
33365 85748
93733 66278
85051 77536
65070 86052
91629 6920
14146 93349
20351 13707
18846 14770
12248 99730
21646 22218
30934 99744
60712 75211
