414 516
60151 95149
75229 10952
30158 84411
31503 8517
34733 56160
48332 25142
57242 69741
27879 7951
43433 34789
51929 49244
12725 11476
78630 69751
4992 11277
37725 41886
45081 13837
26521 95828
16345 6143
45791 72128
99898 61057
98174 72303
21609 2546
95937 59091
67034 66688
91751 4
55393 35545
15170 75066
63761 41889
604 45169
82884 29037
16535 56927
64843 10004
65492 9396
23924 14044
50851 84067
84523 9773
92882 11302
16101 14196
24793 90203
249 50956
89870 20702
84244 32317
69342 25992
37944 91962
72005 2076
78742 81932
28996 77306
6461 58521
82616 44893
33440 8917
25592 51112
439 70606
19783 33919
26756 20373
34433 23322
5302 9710
23191 86042
27533 96911
71959 9624
14557 45059
60208 50218
49226 78365
90462 80562
80950 10094
46023 56519
94592 88658
65793 18252
9925 86226
22872 78548
50732 73098
47909 21513
39295 18444
99525 85081
64788 15336
79128 74301
27947 84859
44238 54303
13559 17653
10565 94373
89415 3387
8250 32451
36265 6596
51320 9310
90471 74565
19344 31426
6251 72249
42648 18998
68054 67659
70868 332
14142 56261
38715 75388
20661 41557
40989 56868
45803 16636
13611 60986
2635 34764
73702 85925
6034 48884
86316 13225
20546 53698
68985 40209
6883 94420
73463 59824
91017 9733
31537 49205
5292 97616
84793 48984
62647 42516
11647 90736
48565 36000
25751 31729
94117 68570
91689 30209
57104 93956
19463 96724
48254 76633
58776 21312
77237 23227
49735 48653
30355 2892
35744 83117
27331 48042
95104 58548
25788 49608
75199 4525
82284 47731
24038 32265
42635 76267
42605 36481
81751 84932
55250 37212
6061 42261
24057 69043
23842 25330
82917 69422
36678 51113
56406 17624
47948 8055
90025 12819
75174 77661
85835 44825
14098 71421
65800 26057
57473 46748
76189 12924
17547 77165
34765 4334
35604 1114
17070 5748
16469 68834
14502 86359
63847 959
98166 94857
96272 38021
67223 60193
86027 77266
71908 2774
78207 20470
49713 15800
5850 67891
18057 24250
6156 40965
95717 76663
47144 21166
76128 14072
38733 78417
76254 75197
79705 38673
99320 20703
11278 14519
93734 36454
12969 461
53969 51644
2928 17463
80209 72464
50249 96479
22301 55210
336 76238
14703 59008
53205 62460
99264 86611
53073 89219
25958 58200
51357 14807
79933 61943
7085 54810
80565 8996
73014 59850
83313 7118
52770 50261
77687 34434
13462 74959
18232 77149
64110 95872
44725 2580
69715 23781
72825 79954
70552 9983
75496 20215
97818 14897
26697 25709
90685 66456
97148 87404
68357 58556
26969 63681
35304 43314
49086 34729
19341 86329
47496 52331
93933 53508
75609 95735
70109 55341
33540 37096
93396 67529
42813 13643
42002 11343
99896 15436
78178 58982
15147 12044
97931 34821
12171 30212
95596 80604
7951 22381
13920 71119
40347 50681
66836 25681
63991 66232
92284 92555
92858 80975
9887 41941
27024 79373
29224 58490
54927 44562
22353 98799
64233 42538
48510 38494
76950 46968
30699 20499
13764 98911
83668 15396
5024 21179
16372 78277
38766 50787
72615 90572
42788 52760
7909 52069
42995 30111
46038 12380
23224 76631
5963 4202
13912 65827
75686 75390
8304 64553
59980 5979
11539 30293
37080 49094
58893 50619
89538 92650
95106 39442
51705 50224
66474 9538
6004 86639
6204 36845
95962 2209
72138 30184
53634 36508
61047 61465
25118 78037
6230 12875
25020 97113
4779 71658
47121 18417
26351 46191
47841 78715
70737 99436
70016 81974
67871 78335
59258 85910
97463 19960
71570 53150
68641 86525
53964 54468
19444 27072
11127 80017
22836 6728
40666 93954
88423 11539
4324 19562
8704 33875
72487 1456
39069 97287
2381 70647
64631 50461
93488 62283
28114 13071
26509 21133
14952 90731
13027 65214
48442 4974
62681 41879
91811 21344
77282 52457
5713 25774
43614 33871
77876 209
14523 16686
70472 88145
24242 65427
65520 75749
61818 3275
59701 86758
29413 23526
2014 46843
26208 32888
27337 4030
11689 10632
6898 77647
38758 69539
12621 63705
43526 63390
57353 6803
62568 94578
99196 49733
74590 53173
10084 80912
94123 86822
46343 6910
44211 30679
37430 92370
76492 46091
40700 76662
34910 91677
57199 27254
74054 79889
53844 52651
80675 16913
42454 29423
82435 11767
55363 15224
83906 16180
51609 55444
24795 23228
82133 84953
5646 39385
24089 53156
10387 29625
41165 29348
7244 30467
72990 45421
8609 49883
73949 22013
51918 53696
481 59729
50467 26225
5345 63655
25288 52967
93206 10846
82275 81172
72266 64294
22530 37537
96328 9836
6879 88719
68341 16449
90797 484
10079 45271
65310 62884
63185 24914
39753 71379
758 87233
9134 91821
85779 92533
37985 20137
51023 37913
27319 79972
46398 74064
65317 63972
4240 51021
29897 77560
74600 52808
87217 72598
53471 5755
93808 57843
62410 34134
69531 51082
16963 55496
98050 54917
27277 21777
27354 64364
61461 59399
90627 22402
28293 61227
56997 98787
7340 4200
26300 11875
39579 75448
90682 95942
12055 75031
81785 89688
39171 78600
43542 23612
27392 96758
92793 68983
92321 39934
92403 39464
30890 37956
1961 29604
86130 99817
48079 50709
15398 42257
71899 85052
94279 11246
85224 51356
53907 15351
1885 38522
21954 78478
