995 5906
25652 95327
53343 86682
87004 39074
70261 63014
15779 32009
76171 77227
20071 80779
78697 66485
52703 54645
39245 5918
57555 57011
12242 45789
9696 99774
30897 99966
61835 37299
40848 50546
41200 34970
42889 52287
90369 58467
91094 47303
19998 21192
95584 3033
26687 21092
70703 64756
50025 48770
47902 66886
73693 25197
27761 33564
66886 82341
75518 71401
89347 65342
27732 33301
82164 69299
94329 76341
72345 14091
17667 72681
62158 64282
58299 66342
48399 52447
21256 17567
22137 25303
39908 35836
51191 32586
38239 13028
96317 19183
31988 11558
62925 26633
79416 58419
85445 51781
28745 28340
5392 39068
2928 23776
49681 87791
85652 69791
23392 63728
4673 52581
2780 16428
12159 98250
21952 96712
51807 40477
48239 2855
71658 9273
62932 52274
3016 91364
56179 23052
32547 35962
6341 69136
7824 15568
86146 97447
73565 36617
98142 13386
86730 50485
59388 22654
28373 66238
81485 4537
1118 20352
26501 83536
5767 76724
96733 14607
42548 24586
32902 71882
86659 95970
68886 37282
22408 35538
47433 24575
78412 91306
63013 91264
53762 46462
95956 47819
59234 8400
20196 14926
25194 76642
16982 57132
38759 64567
23077 41410
73478 85214
74330 21923
71342 32137
70356 56774
17453 49727
48960 97922
789 25295
35102 58620
69752 96620
14596 33834
66911 99866
92822 29397
49313 53288
48507 45773
27355 94139
401 35369
49600 42128
53745 79976
83046 28812
5669 37337
30249 21113
60253 5658
74288 16756
70287 58750
47322 3788
7424 6060
49663 57014
90027 54713
42900 61525
81380 80410
64838 534
4701 22684
24698 62978
87041 41264
95243 14142
84845 1515
3316 77504
27872 94291
71212 96070
81273 52033
35527 92752
73486 15278
28923 59099
22203 47238
88951 42229
56721 27809
49100 70112
78489 91625
40013 74270
45970 58534
93735 9898
67496 83255
46118 38147
94542 58633
45105 50023
62363 37900
65831 93906
71091 3153
40758 26432
87164 44380
55535 95577
85329 75837
74663 97017
1291 59132
24831 43603
20097 39970
72677 58051
29575 85842
45821 86882
61418 10158
18567 46775
93619 83606
56475 14205
45958 78594
96055 65065
46416 29774
24963 71092
95148 82560
66824 77756
46596 34690
65163 42723
28196 58595
581 88169
21547 23902
36927 45276
5475 45771
26264 29871
79928 52857
55078 52718
64836 49929
70910 19918
77948 66063
17684 72532
74190 55326
30462 855
32644 64392
18978 17454
51251 93453
67021 92408
50138 61069
64804 33435
1856 71991
353 84888
35549 78208
65095 21000
39657 89041
44387 58586
51634 30840
28150 63139
83404 56035
84812 49071
46372 97944
51040 21080
89161 61043
7438 27108
80318 96008
7322 1581
50035 76304
13173 87349
70688 72966
15830 9625
14931 79693
61360 14966
61173 10566
39273 17659
51947 93863
47105 16483
79673 77487
30258 13103
25329 86294
61411 25549
12892 55212
50705 54108
92710 79638
75158 81550
42718 36312
54093 46007
81797 43953
65290 64809
75320 50501
81898 64013
1589 83608
67183 78839
33158 76874
59298 28676
61091 3309
36794 41971
77022 66414
76682 59349
66838 46873
7748 35512
30394 25481
71141 82607
37073 31358
46893 11648
7096 90289
10439 55817
2483 94088
68982 77825
70032 51391
38710 28135
27344 11008
14830 42581
56870 43141
14409 98966
92092 35137
81540 97419
47667 44094
56144 47007
21351 32298
94229 8026
56665 74855
59340 90444
1677 77810
61311 13130
13798 84387
40639 25282
56642 58536
44861 79199
4229 24107
73992 76131
19232 23840
88434 1609
13066 46568
65496 84833
2947 69149
63896 98241
76881 94655
13327 7673
49498 48656
27378 17992
99215 75723
6194 92142
85301 29758
79070 24199
2635 84474
24253 72741
77278 97373
12342 33232
80810 21433
45948 89519
73907 28662
3646 90433
72189 20107
60370 31555
24211 16124
50229 51071
15133 79100
36054 1204
96334 53297
48526 19705
91085 53758
68566 84484
95929 14368
67455 46217
37113 97195
65005 29725
35196 75215
86943 41214
51133 84676
93239 28799
41147 99440
25275 58211
13262 23002
16648 59665
20527 64622
87967 45399
3836 13061
20422 53092
47383 66667
5263 60372
20832 25820
10256 17389
64331 84943
34594 34540
30086 29053
96889 51849
53046 83875
21274 52475
66831 37053
14977 45336
53543 5597
6215 34335
68797 18160
80179 30829
95938 83831
23046 72237
80867 97107
407 45781
64324 98673
41896 36683
926 47783
43642 9049
36489 85208
64501 78575
67471 95415
99331 93668
44113 92738
36861 72348
43801 44192
38343 4774
48871 66438
55244 37886
35322 55475
90504 65105
29059 73590
65156 2751
27728 19231
22768 7185
90900 50936
79573 4562
18711 61313
17951 79323
82123 99759
28692 89569
20239 57634
57536 58281
67398 1517
75147 9208
25722 21261
27083 78353
8327 53717
58719 33617
43610 70332
19031 56528
57370 87258
34155 16013
31026 80569
53701 20176
31979 46331
57867 27348
20897 92011
4149 86423
23681 18233
31990 69872
30103 92228
82010 20256
74049 81943
62443 6209
1618 18339
66497 57275
60772 43906
25796 45901
84704 96506
79907 68966
36695 38191
76045 66014
20827 85218
87615 27433
44066 60506
69532 17553
96855 23095
91133 9969
9144 87414
82688 41241
27777 88719
90544 16370
81382 44508
9431 30301
72004 50964
47923 80716
74108 73419
56314 4492
75547 71836
6159 4517
76025 6228
68640 72809
98578 10209
61769 85882
93243 22970
1884 74536
43407 58441
63133 32713
99572 66253
66801 13258
74998 85949
87793 18539
45483 5136
34009 79988
36034 46854
96649 89671
73990 12364
66336 16654
78408 85895
95374 6001
82919 55529
84781 15578
32551 6142
4264 68330
68128 73103
72703 39925
68094 5206
32606 86187
26341 17515
41992 66635
75080 79137
69023 90818
6692 11769
25278 77203
60219 84283
74257 67350
38048 11786
90358 4519
5800 53108
82736 12805
81763 43386
76856 59784
73998 42901
50130 50158
94281 98607
50853 34431
49416 77899
73160 84031
35337 95134
1376 60943
92839 21569
62927 64080
72803 72031
79132 27552
18705 99043
47588 66282
54238 18188
42391 92214
25453 38692
33731 17164
90171 67396
94124 20008
71647 9568
20188 43304
67903 73711
20938 1771
44072 24089
85518 12552
35616 8728
85971 66180
69238 10190
47353 26419
53190 18114
6533 88763
83079 16245
45930 22702
38714 87602
92082 88774
9887 61717
93285 24364
47836 81791
76704 19119
12148 88477
90722 28054
47815 14762
15276 30695
33405 26943
41294 64583
74668 3994
65262 31460
17670 32487
55233 6540
37344 38743
87783 19274
6029 19159
62395 55783
42888 94598
38262 11140
71819 6680
8637 59998
10408 90320
26783 52785
83108 85878
30134 48208
57358 7610
8930 23353
77614 90985
13017 49185
45853 73288
67345 95467
32431 94896
54868 87926
91523 73718
51645 58193
60341 24593
15072 71411
50715 76699
91951 99242
73263 69644
48350 41034
3043 50053
76414 10631
77100 38087
68402 65264
90180 89398
81952 58146
26118 58887
17534 81807
54971 24896
25858 13037
92949 4779
45835 1700
47341 42147
80520 68878
89325 54171
68579 55964
28246 38846
12814 94498
79802 83848
14724 8433
25559 65804
81438 63694
46998 48235
16352 45453
29652 92346
77349 93053
17755 27462
45686 63339
74783 49940
75445 46661
1927 91646
30892 99292
27703 48581
88133 18831
90962 51623
4555 49941
7794 6936
25672 44143
41265 95162
31293 39750
10956 79968
78407 59037
33208 62841
46715 76142
1267 52527
83431 18978
4640 74788
66361 99374
11064 60683
40806 32067
30131 46551
715 32591
11204 98749
12817 77280
61593 5894
73348 68326
90042 67099
64027 92642
29354 91775
27270 39733
59593 43294
68978 35840
10063 8666
60521 14568
24419 60621
60737 626
29669 99700
38079 28848
49965 74790
6931 86499
21417 45544
5999 32339
92064 70348
92617 30790
56124 11634
58734 89045
89596 63058
42330 47780
40149 54100
38296 56017
91480 81727
26504 62809
92543 88821
40668 52693
5482 40208
91138 23370
36186 5925
45907 96745
60548 25616
808 51539
47049 7402
87826 97366
80777 38679
8542 85530
82482 36511
13431 49417
79670 57029
8098 87512
41003 17682
77351 45468
50798 59583
40499 36396
66021 539
78945 6666
94333 67565
78440 95346
55378 74219
75865 85669
89966 8900
37384 49502
41625 29670
43869 74050
11607 7597
84581 35302
84829 55294
84356 82237
13942 55421
43056 48182
15725 82895
5864 7714
5616 56385
14994 99231
32222 53225
79389 33108
74073 68832
76272 20433
54857 43313
26839 62529
54181 21900
82702 89186
84598 76657
17900 45762
7551 9878
28206 94987
7397 64876
19321 86114
6564 13521
53280 37984
68652 21442
90648 13384
87316 90481
59243 25779
41766 27959
50571 82453
83764 96755
11444 67285
57985 56490
34922 48635
71075 84384
30259 55024
48693 23554
62495 73324
6363 78006
20677 43901
13809 42883
60620 78682
10867 77946
45416 55902
34309 13739
61153 50695
66058 71091
15346 37190
6745 54996
81746 65128
13696 93656
18739 65151
4117 73699
7864 96165
35640 17702
26399 8926
59225 13300
95456 91512
88582 88257
54909 92928
98392 45570
72277 69228
38554 95764
16715 60223
5318 17712
11035 80071
60492 24920
42145 12932
29353 87976
99681 9742
74374 4751
56650 15266
38203 6684
46907 69550
26744 8390
17303 96168
62459 52396
11122 80798
37712 76786
7714 90530
29155 17432
50933 31039
62161 39580
61113 66901
31709 76164
76964 49594
315 57322
34843 40337
22047 85851
62631 28449
27227 74498
35144 29872
86335 15910
58479 58777
46761 92191
69454 47032
7021 21446
80675 17342
66393 47888
21179 5487
5641 27908
23584 58504
77977 17980
89598 29146
66833 10673
7004 63608
13840 95215
93828 36326
9877 94681
35998 42451
31791 82168
88184 88081
267 52724
68783 94023
17450 42429
17351 80765
59416 94176
67326 44757
78381 70716
83352 8811
58171 18655
33857 39285
69396 6299
93322 56358
51162 13401
1737 28553
39846 82273
59831 65193
20086 18559
98501 80040
17941 51833
36920 68080
87648 39083
14099 21336
4082 23619
47650 56198
30731 76127
65678 21897
1481 87856
90650 84095
6472 39531
89744 90129
73764 12094
83128 19188
42880 10396
88407 98078
51859 79643
26132 93672
11010 77812
66799 52690
81994 40187
171 24846
25641 12770
76493 36889
11143 45649
67679 71820
25618 45242
21364 80253
36836 29606
73298 60868
15757 44574
50614 92347
37235 21980
15426 30415
249 66286
50752 79375
78907 18791
5255 66202
54657 73919
56213 91858
9036 1282
53965 53073
21056 60501
55065 19941
74272 45207
42946 63667
35504 34269
52396 68455
58652 15636
87535 5010
58279 54766
13712 72519
20858 4944
64674 73715
16173 92255
43247 21675
7087 92887
70995 6606
12966 71301
81266 51235
4094 69331
29295 97683
56700 64754
96243 34885
16697 27164
22054 60120
23263 26662
51512 31226
91847 31340
39659 93973
78597 22362
46 2840
82478 89755
89898 93530
1119 26728
37649 15997
91506 26962
43937 10854
5382 11437
57074 46718
61756 9487
86325 70958
4506 69898
35973 60287
62214 56155
52057 34674
53346 59678
3725 2481
696 13667
72917 60485
52474 60801
77951 59160
35309 1653
46538 51434
46817 85231
7994 32724
93592 98025
15962 27464
95185 16473
14998 6236
27836 53012
80397 59556
28338 24892
41498 38680
35808 81451
56181 39810
50194 84808
3632 37500
26821 81070
46308 77912
40050 6272
86649 49697
35586 76675
80163 38926
43686 88229
67761 72430
72746 25156
66044 19269
53139 16895
58755 21400
25002 61856
59071 28243
967 90179
4076 1773
43785 36507
30917 59498
36769 86742
74524 67920
53497 85061
52335 12864
14704 58268
7100 58173
83413 66936
19990 75699
73361 12525
37559 2581
7728 25768
48472 89150
49097 74282
62726 4717
73466 93535
61906 9973
19972 68332
92782 7787
37153 49313
64686 77610
6682 21105
22478 6250
94775 31383
19466 73081
79144 23783
84372 34900
1371 10354
46062 65691
83688 71273
72561 96706
94407 60103
62668 12907
96339 5404
28094 8415
54324 4940
97293 65868
66553 95627
28568 49849
7105 24095
62044 25694
71781 8096
93390 69899
63830 53571
74278 55297
91348 79915
15380 72468
32932 33785
42375 92056
26240 6612
11661 47841
90134 35973
90429 33473
81981 96699
48049 44234
28484 88479
80802 64300
44317 95361
20405 32561
41135 89806
70846 3555
3923 28826
76099 3023
28633 53289
83074 54211
10929 13054
78068 56389
67215 25167
43709 39987
4124 1164
19372 98519
88948 87582
22739 2387
17997 62454
31710 39773
24202 90732
75580 87015
13940 7342
85042 47533
6249 7094
10144 62764
8000 65780
28841 23852
1658 67027
42644 27673
75611 20738
