1
98 
100
1 100
1 19
1 22
1 84
1 14
1 39
1 3
1 80
1 12
1 61
1 41
1 19
1 86
1 84
1 32
1 56
1 5
1 75
1 30
1 29
1 2
1 64
1 57
1 54
1 18
1 34
1 3
1 2
1 14
1 91
1 54
1 27
1 100
1 5
1 74
1 88
1 94
1 7
1 14
1 52
1 96
1 22
1 16
1 87
1 15
1 89
1 97
1 47
1 42
1 55
1 42
1 83
1 94
1 80
1 91
1 96
1 84
1 94
1 57
1 95
1 41
1 75
1 45
1 65
1 5
1 52
1 45
1 21
1 8
1 94
1 34
1 19
1 53
1 37
1 71
1 71
1 78
1 28
1 81
1 20
1 69
1 61
1 58
1 10
1 86
1 86
1 57
1 9
1 8
1 69
1 12
1 60
1 88
1 71
1 33
1 83
1 95
1 83
1 81
1 64
