100
16 81 90 68 24 13 95 57 30 13 32 20 1 55 82 53 7 53 45 98 4 96 40 93 93 77 21 84 8 64 22 39 64 26 58 89 86 21 89 3 62 16 4 11 3 70 65 68 51 8 92 61 13 21 17 42 90 77 7 17 15 45 60 80 35 86 82 4 28 66 94 100 78 81 53 84 30 3 52 41 31 3 60 45 54 71 94 39 80 73 26 63 67 91 43 96 30 41 63 63 
100
56 30
92 22
1 24
18 76
87 72
17 78
1 57
15 74
14 20
74 15
80 40
54 88
100 83
83 48
58 27
9 30
64 17
18 31
21 26
92 97
21 71
17 30
90 23
94 80
78 25
86 42
91 61
74 53
50 45
69 31
74 92
82 64
18 16
57 42
23 23
18 85
83 48
24 62
22 82
40 14
67 19
37 58
18 90
5 76
90 81
16 36
66 65
6 94
8 36
65 58
48 44
98 29
8 74
15 58
38 60
17 21
65 16
89 80
50 4
98 35
6 60
31 56
56 77
5 17
48 96
36 1
21 89
47 64
20 16
17 29
59 31
56 54
82 22
40 64
62 48
78 62
70 16
26 78
75 99
28 39
85 61
71 66
74 5
34 36
36 34
79 38
98 58
48 1
99 43
90 48
80 49
3 27
40 4
1 97
76 48
21 23
82 93
92 62
22 86
90 41
