9
64 80 37 56 72 93 84 16 64 
100
9 93
4 78
4 42
7 8
2 48
2 73
1 82
9 32
7 37
7 61
2 33
5 16
5 55
2 76
9 24
9 20
2 79
4 5
7 74
5 6
7 84
8 73
8 5
5 22
3 55
6 84
1 84
5 55
9 42
7 72
7 6
4 48
8 5
6 22
9 52
5 76
4 33
2 88
1 10
7 85
1 16
5 28
8 51
2 91
1 53
4 73
2 17
8 56
9 50
1 4
2 61
2 26
9 7
3 42
7 99
3 63
8 96
4 20
7 50
2 59
2 43
8 48
2 78
3 33
9 31
3 17
2 71
3 99
6 66
2 84
1 46
5 9
4 19
3 58
9 30
9 12
6 22
5 62
2 64
7 89
8 20
4 18
7 60
5 24
7 13
2 82
5 1
3 18
2 24
5 93
5 96
3 7
9 8
3 5
1 90
7 62
2 47
4 67
6 70
6 1
