315
59
522
110
996
507
112
868
245
723
605
401
280
30
820
204
870
510
354
630
562
217
649
578
665
484
213
392
564
616
861
78
61
4
896
230
772
733
412
965
641
598
232
177
525
520
431
303
604
326
666
293
82
520
84
940
615
652
346
287
796
893
435
267
203
399
883
202
698
360
519
39
120
358
198
790
172
444
592
729
474
427
841
163
59
165
905
501
517
835
18
102
281
724
223
391
725
886
463
524
554
757
639
160
201
652
102
250
60
979
963
356
411
788
13
384
502
58
613
549
853
949
113
162
226
69
817
415
400
562
907
577
691
93
683
432
944
132
475
329
582
410
884
822
505
112
396
458
460
166
93
674
66
417
812
760
425
297
199
20
324
293
791
326
341
61
833
590
557
971
948
3
384
404
869
791
802
486
510
24
509
874
649
297
51
119
588
457
100
390
16
977
659
600
993
338
622
816
403
263
116
989
635
752
301
952
552
795
714
459
710
833
614
209
334
557
766
306
335
172
163
955
747
597
476
691
303
240
213
65
989
547
174
285
124
348
362
17
67
372
947
265
728
400
397
429
385
161
189
955
760
553
235
579
538
439
183
485
102
791
914
348
587
206
821
428
65
654
535
856
542
792
530
762
190
196
990
433
885
372
744
254
625
645
590
183
44
437
559
777
831
367
94
38
213
868
359
147
247
808
434
445
189
687
596
618
582
161
675
293
599
818
810
21
756
772
