862
88057330
18215875
7247347
7555492
33326646
2380463
64186471
12759540
69579624
35064752
91862604
89523895
70035065
96432661
43543864
48308532
32349616
97413736
91944183
81568927
84937141
57245407
15309882
40820126
78987638
97334983
75200902
70240234
87839168
75802416
91136251
68911228
90122650
17695715
89421918
40483046
60559241
59643557
52054727
5269604
34731416
8942359
44569918
77232967
10695620
37833082
68263904
93946237
72445734
10326527
10844243
18425896
42009142
4468451
94649937
45481778
25641374
68795649
3575123
23509706
54496812
94297873
12152967
87599299
11711937
47962680
3681013
45109742
27817053
23482821
32219485
8635819
66581339
54048194
22747237
90447828
12262037
55653163
63253738
31896575
39353487
23323621
68966827
96191430
39968869
96002747
26578570
80996220
33937743
99746036
40893556
41620802
33954881
56048443
15313436
52593572
71583791
97650504
43308188
51977812
90788788
20876927
95467375
22442989
94032202
53279939
39184534
98488164
21351498
31758254
2078874
83317420
66868917
14302539
77554363
84749513
97143256
44859770
47925531
37074146
15117616
15606078
54161265
41087524
50723797
86721093
32829779
56692005
95025737
27936362
28852768
46397915
28140619
24542904
31905453
24450044
10442794
14579167
62328731
26376896
2806750
60859605
71929006
88595604
25775820
54220751
52032353
27836014
17891347
91738766
54443682
29283865
52272482
16557895
66178463
68568781
12935364
66061378
66957358
11287190
2192309
87257887
98964848
35411990
38604935
28967836
99764721
88224678
39606950
57822572
48901754
47709570
7863549
96045020
62518730
53799487
22372725
83356683
57906434
49770453
51284290
57403818
66931430
47606531
79126404
12101055
39571582
88431397
76892917
35741840
23994166
56690404
55376375
92374793
45145596
46446740
25842682
22264561
58178204
64112896
78048275
98167243
25876089
36319639
34441738
85644635
45806422
56100533
50950659
39740906
77827398
57284939
46925989
35452251
18725417
41544328
10103148
51106870
38038890
16702865
62979962
41398595
22586982
20394855
54629696
77498224
10904321
58302651
12162677
10209146
93708345
5315705
42500347
24717453
1542268
97718631
70828436
67176452
92639382
65534160
60334499
12056578
42746115
33704543
2221317
97280205
21523054
11873232
64663799
74050426
72559340
7294619
48146900
16552902
98570911
58516224
30919451
87484464
73861943
88134881
30616095
71069370
47411555
86420467
59419520
72580793
36566762
17422697
33298785
30037698
13579834
97822232
33987984
36004036
72633860
38603641
9242912
74852462
21650241
52863416
16497666
42790441
8259857
74817622
71272929
20523543
47700874
8186640
87378137
75762188
84792111
75840243
35782701
56958851
73080782
41319702
82947906
57280280
33798415
48990730
11462870
10885953
75634826
8232930
91032315
89207508
64307306
50721946
75663921
47483281
57353614
33434727
89371208
65580512
39850622
45078274
33699949
26428336
44694151
76491391
77314505
39732408
68798089
2125010
41541181
89151567
55269819
41456032
6089242
10471551
95206124
4879205
8148780
49520787
37000975
66538796
11507579
32600082
1843992
56441989
89745767
42084886
92079918
20643311
27069889
98282563
18464370
37819393
42600069
43472108
17011697
91287622
80265299
85502249
34195433
9170872
74235758
55464750
11804044
84623591
45665594
66915068
37427273
96184523
76913349
7441794
96474916
30768789
25727263
65300861
43873469
69843871
12514131
4580532
26827471
32580032
33432489
17164834
16812584
30437934
34215058
52136971
66499706
90754496
6886531
38878373
25802855
54737581
70642752
98080503
57699469
12746890
55045762
41720579
79061916
19218215
19064164
57171544
57533664
38997793
85791112
73818793
27604192
31423033
45052700
79364705
47278265
96536486
83581554
76472852
33687879
56447346
5929367
51193813
38858295
34042359
58334909
9997991
9748505
98658146
30105800
53833580
76889384
75402899
84386552
47199963
7249185
1281971
35484919
84287288
44586325
22644900
2637232
4244188
46498927
38325815
57585889
10852086
74472176
87254241
96688551
22329239
90943480
76837033
67171100
9837611
78776679
22679339
76255953
95717609
77210803
51807719
54387360
92966974
25510036
80926179
33149482
33533812
47117484
38825904
98112515
45338515
17460687
44704787
43644074
25500670
11527811
30050987
85899523
61697277
92543376
85638152
75021021
69877711
45995640
5469796
63479779
50620419
26052588
88222320
54039297
32474537
31220179
63447174
72369438
6104409
25965576
71747320
84272164
5373875
15463166
74248118
20670780
92452180
62726495
107431
31882842
86457921
22849524
52850076
95878311
90768615
77990759
35415561
57673304
8540337
87412743
4077467
60493861
8836348
50516927
94994602
74331672
56943643
77147249
79510695
97624525
28565844
95991829
70498919
41950107
80091386
3461369
32841502
27215218
99800666
18019508
23234060
37078758
72212589
26533037
17101019
92400479
47360513
56199173
77912937
64410164
51913306
54121818
87533759
24031240
88367989
34396813
73048797
46906441
42910192
36660503
85282862
27742650
40603508
55875060
40858060
59461779
12550079
19547276
67058173
81451113
85027920
2168828
20675214
32396753
57731257
22842806
19566554
88814133
18376768
99625253
11609258
86882650
30003566
62657895
27488962
17269045
42000430
6994991
52304370
56359152
72754241
8377697
97647902
46718981
41007541
78162634
50922772
61260653
48024305
96262152
27435016
31032766
63659533
62331773
97914764
35607685
8246777
5734190
82583355
49776111
62454952
23737332
4012807
72996355
76278508
29749336
83468094
75987290
634767
83787738
5572313
24349127
51993687
52616375
74809958
60198847
81675067
95922063
57458722
4741174
57476317
64024758
72371286
48980473
92180301
28710702
17050121
33444887
56557249
87833849
96168622
68872246
52269554
49964147
3998260
64539884
64377002
36059206
23940996
71535361
48531583
55497318
23152781
33329651
67491754
6880940
14515946
7405358
30780907
45875419
80274995
11657492
69022429
62447165
26613909
67517868
92026414
72335131
98540527
74461278
7360000
59396298
31052188
57962239
21940174
85436256
22752847
68240955
32134084
52580920
8915833
53662651
80602021
40331948
10943503
35334586
5226025
60122855
66734605
16797015
52051682
91074843
75605953
369184
50369208
17060185
96664032
6865930
65037680
39914035
52383746
88020513
91848353
71292557
34664009
23054450
74259971
64906903
78580137
83488443
42020491
74549971
96821081
10874357
5550638
50295427
87315301
45977606
78664776
6262608
17530840
80831293
83034525
78500031
67890803
44942647
14783008
95924282
47150552
50577773
64906243
98717834
21390598
27945562
16819344
32027674
44306228
73703974
9845871
157737
55689606
34575701
70458152
26656760
24685500
13340050
11860690
36956747
35145599
47273408
96208979
13827898
73684472
68943990
30926691
54288471
42841221
22303010
42844669
69901684
25641922
31934340
40978536
82823616
39181351
88433332
49040288
7851109
33118146
99521501
99014709
47814092
36198726
46737768
32924659
12764759
55523400
35172880
76625625
70079780
70431500
60923580
82969390
92139969
35102344
58953146
29943496
28550898
20721282
954677
64697329
86121186
49928862
72488803
90570993
42602035
15848137
40350460
27360603
43838701
36019649
38042591
39724374
84130640
34860768
9904648
66311758
13595113
2170489
59430856
60754163
43513803
65190746
72002634
34488882
96104966
37240018
61694725
59312600
46362612
42419162
28137071
90748916
39880617
30929002
21106452
46454248
24360709
56699955
42971816
31204928
67575174
70560865
85115866
79334009
30190014
20977254
18904730
41588592
77301470
89419058
77811523
78074692
72562191
49384914
42041121
28045071
68252579
11669288
66355129
48673311
42598493
53768347
91535497
72334544
55365747
2151423
94516859
59669857
63458465
91466844
84361666
80844365
70617986
45600045
54798567
97724126
67169903
1225640
90500079
42848695
39889220
43120585
72309171
55713025
