895
29216209
94144050
55403300
69269905
11836924
83091055
58581866
72792260
86852875
54411604
57488354
14271936
61368106
50196095
56384518
97608509
38673764
67587588
28507342
55962552
56044752
57850779
32729877
38326613
86698759
81958420
34429412
77629090
19076402
68252690
15038438
37023721
25601135
30413936
78469748
79695475
78647199
22297656
45634300
75143589
27373422
75687967
45238165
17761622
94915170
51139130
81852992
35501841
42705683
65804687
28906918
90371772
29672984
6589328
4872296
7827950
53933501
77577183
32153798
44414669
88935965
59033364
25222565
49161211
42897979
21823672
40401478
94518331
52256037
26541805
25552051
65714709
1182373
98220740
69046051
56665442
61930062
54722480
94450491
16173538
56332021
92953475
97241406
85688084
87545821
6876064
9489765
36991799
78366444
4538606
63481504
63322322
18601947
43666963
5213196
36759359
99657472
45265679
94441152
14152411
58872795
88039702
64176707
9228426
83633985
73439090
38524733
50721263
65820847
16574514
34841923
44985675
98984403
73751392
42810665
84424164
61518382
43049090
92041695
21882022
47879678
47351738
54871539
78334135
65319398
6177904
32409338
62444887
98837567
44194411
93489047
45371580
82867261
7233690
6019808
16642709
20783212
5756404
64014144
87950482
13166611
80659704
73311183
46789006
68189086
91760832
72320108
14446515
56527182
60716600
67738174
55903901
48748153
20408451
29820276
93747079
43641717
54229475
92815324
2851726
80973535
11615872
75862245
95400922
95628018
37219763
61814167
94822648
58584250
5038347
30303710
54931258
83972251
16099622
32516932
89412390
86259091
99947226
39085660
56869634
30151032
67998193
76247786
48289269
19004215
303341
35977457
15756786
63402344
27124091
17553152
75813747
88394857
15562363
73214205
41872331
6773084
90387866
3579974
92513237
83157808
28139607
99824996
22742723
2491889
29608069
3361861
15941533
57465521
60977110
47717970
49791957
12878118
3548908
95591736
7626986
6519474
22914587
58458974
5956964
77664412
41105270
43935297
20556163
91903634
96098441
38453500
24006132
66310634
91461243
46069967
66997931
84035230
59990167
90616570
50571470
15208872
30907430
80472655
51578039
52899777
8949328
9453553
77629956
59590694
97127297
1086721
54502803
72385315
53951316
7475751
7486309
520186
35379334
33315331
76099968
2442743
90039546
92680804
84541822
83530084
70650735
10356093
48212586
19335751
3381506
52411047
40059903
80574927
71886614
67343815
77366062
70967098
27164417
13306139
16877425
63664894
18133003
7513792
91763786
92520822
77107082
34719081
33171849
12209663
51496021
69251945
94774656
35773309
10680203
63445371
1728074
80985039
15356506
21084267
32258377
26280537
9952874
50738120
58610831
1393108
42408188
9955661
64837734
92001279
55948397
33066046
2505268
15982866
12396026
8152599
45172983
97855704
50730502
40771965
29111301
9306457
20324895
31827636
94254958
30029936
66179155
43794108
13971669
73079135
44836374
69312970
81081112
52369534
26667194
58610636
34494183
80279950
15064850
3570026
52245463
58023043
85083449
17901756
38297536
98674021
95002045
69649312
69409358
73446672
5829017
9732590
83000950
15421368
77425310
99390757
26550152
28259631
25535768
32326203
32310237
32644204
84441516
78462174
262295
22577526
24954426
59546854
54090070
27423530
58074738
55918352
88893203
19666407
22693220
73726387
95230488
19588630
61137536
78167529
1746085
39475044
95771271
86995973
69010881
66819034
74737210
56770567
64280604
3100355
65218997
29159067
5009949
93149710
24503656
65367330
14365447
82229442
71605774
40864164
5859331
86526602
42182309
51373108
62042594
8692257
84984949
89112781
63017134
62337346
57125775
11155474
29037279
84619184
59739256
46456934
75401848
18451540
85061692
92619999
21748821
79010985
70361245
34495442
15063051
32021926
42602265
29576437
5240079
59774249
64794223
96597881
52048294
14465298
11218271
94697955
34035388
39355097
15833613
40947352
8410541
34788183
98105723
69256722
49836887
28225914
16721402
76389799
70304376
48254407
43568514
21344403
29060331
47446931
52894925
10475938
38906851
35790367
39202940
12653716
24395046
72364920
36663229
91618026
18685678
3121345
28018658
25932576
17479690
19601113
97798432
77999698
59354055
56968287
93268996
26553041
48275339
93671135
8329368
5493588
93148271
77272815
80658328
95585038
17016513
91004190
44881094
1236878
10770139
77971879
87196929
50378484
66189771
82142838
38937931
70163339
31565869
64997160
52961248
86388781
56393374
71726773
3027668
96547461
36442427
58936659
72375896
19313360
20926479
6804863
29593159
72094810
31369052
86150985
92582386
52895791
94950159
3155022
51278782
43561890
48543755
79291722
68095352
15366326
750865
99893919
72572644
88627770
26837770
7206201
50843313
30862007
81075574
22070295
79050267
3059944
41481813
37510658
72850798
91372125
78207316
20147127
82911803
51935005
81996895
42350254
72295915
97722485
95034966
19755474
96995378
96237359
2010780
48449131
38985796
18010146
89666770
25437687
83973058
2145582
85525209
30126597
87638544
47457322
25358243
2459433
19957500
81726100
46171595
52373908
9843012
75864727
86567201
10316657
9920243
32405350
65863693
16359734
39382859
31506584
9903203
42503820
14330222
78518930
66858696
81693767
60977510
44487607
15937234
95595785
67496837
56335933
69503865
80359464
66427357
52549867
35963620
28939610
16014811
3781655
18584622
51205490
46536207
72025753
83834953
95151272
23707665
47113904
88628823
28293968
30342901
9505909
42296030
25833740
66628597
21405776
98623001
79661782
47423914
87047352
75311037
19100731
77475162
68661409
15194932
36394594
24977344
84296567
85677775
29150868
54101027
11360536
10279839
58466406
79292443
76348195
22206489
29910979
5614746
8033802
89616117
92210893
61888684
20442039
33494822
16795930
70829508
97317671
47008921
73237533
8014199
64398343
74112146
89520202
20394079
69762568
39251235
70685164
79139307
64596618
92111040
29883543
85885202
46308775
87557887
37538875
23684207
86994369
74402597
83073747
63538507
88972627
77745090
3656335
90747671
4021140
92429557
84713358
97287529
80897053
72810690
44733183
36749732
8385959
28032104
22525283
79446949
84731421
12988316
5706609
27194662
36986272
25262969
40196866
6877539
22778552
21238061
62016722
94731348
97991032
58251359
57639178
49456819
48007022
84209627
66037715
71704282
24797976
12104759
8067637
26397590
3679755
45249831
1429995
97627461
36877859
58533780
8389643
71468428
91138716
8977383
41827940
15816408
41187682
43749142
58023519
61214188
90891185
21762856
27085028
77307555
1907152
72717447
41834870
10934970
9463712
77691808
76841124
42262107
34387833
22658782
371919
28604130
42538783
33476014
69661394
97819538
57186714
24207722
75098143
83978057
63992987
92701103
6353342
94262150
12087308
73834966
88678209
8653298
50790840
17231348
49437831
1649857
53022675
93423670
50779599
38547287
95159762
36280169
71778891
44716209
62978019
39011422
12745324
67994676
91201564
83892614
4383914
4503876
45568773
37494896
64915074
71049958
41617889
43080770
16049627
78761566
19838970
88391281
30057514
70482798
32341182
64466194
66674592
46898204
54677302
60943243
93113008
48425595
51829363
26010229
13561196
33087931
72843806
47784666
31082751
61954832
75204239
41942451
69767295
75904886
36419254
81242630
93188233
78412953
68496489
41521959
91191759
73390810
9651821
41778410
39919022
3752196
86283481
56424985
4660900
13228361
65293785
40829338
41022345
97957469
93683045
92256423
68296187
11730019
21392711
52954631
37942798
53648652
94515574
79683682
87514429
77442947
1104097
61134169
32628979
64268241
69189347
42194888
24750768
52240957
753864
61303619
63654041
91793636
29536357
76231470
2493685
45169908
13002636
60991938
66976896
92383456
55825833
17778752
28035379
19605551
31152582
25610573
35856233
38024801
23435547
69330308
43793627
59752187
55391712
72345613
13620425
80551275
40735881
48464166
94666482
45509069
13220632
25952081
6884946
31829942
27021420
52839165
88517260
49030772
9078709
31598866
54073043
92983109
4438546
33184452
44445791
34798708
89476851
