468
729
776
868
56
154
857
936
97
172
912
781
227
310
513
496
971
715
946
907
362
382
941
261
408
550
392
983
415
918
887
24
808
576
639
91
188
309
707
29
373
484
413
81
400
751
167
192
343
577
371
393
673
801
703
909
804
694
315
329
379
633
473
156
423
672
876
693
548
748
186
716
852
936
592
589
126
868
174
556
166
87
249
988
961
370
575
213
791
756
602
312
327
828
344
56
653
221
918
815
437
110
698
442
804
95
33
16
925
483
960
853
898
302
413
117
793
739
376
220
150
545
685
31
489
572
505
946
191
652
22
632
111
547
220
568
846
292
555
695
942
263
74
655
508
238
531
195
513
120
529
833
31
911
869
11
956
824
706
236
300
880
310
237
284
674
769
798
454
285
608
459
701
234
82
295
344
483
799
742
300
753
369
693
853
986
41
329
314
369
822
399
756
678
820
543
884
794
327
618
905
870
369
974
589
907
933
427
62
61
898
468
788
655
782
735
588
277
293
793
850
311
685
320
733
165
240
827
864
438
13
845
327
329
559
263
148
599
19
857
642
704
643
731
568
515
175
819
47
413
582
792
301
985
967
142
211
20
632
472
63
981
52
138
24
145
575
794
964
542
493
630
49
790
613
633
677
430
580
250
577
778
566
446
877
464
412
638
96
129
902
862
673
128
903
532
633
404
954
520
19
670
762
825
695
796
570
779
634
244
579
845
631
900
192
834
344
796
854
507
815
10
71
10
429
688
956
949
662
294
551
930
86
514
852
690
99
127
955
770
253
442
90
186
41
792
31
279
596
614
624
849
502
353
75
762
638
453
112
340
554
958
207
718
239
758
258
518
847
34
985
896
776
659
781
325
611
418
95
643
418
729
725
866
426
132
324
14
613
136
238
432
911
38
546
115
849
341
284
637
290
828
886
198
994
731
519
707
954
296
515
366
810
379
326
712
407
186
579
16
616
938
501
354
934
4
714
959
44
478
854
569
234
639
442
325
40
790
205
566
854
341
898
908
114
279
511
85
612
606
523
364
707
900
187
81
595
458
658
967
853
801
671
165
576
687
679
684
138
