4947
491
948
862
998
577
95
651
230
123
278
762
913
579
644
453
582
968
884
845
613
32
123
780
94
53
783
812
221
410
442
113
736
616
882
668
854
830
882
746
733
195
240
863
568
710
981
377
211
617
628
584
580
352
116
444
10
382
280
549
478
572
371
985
908
822
297
378
857
777
573
115
745
154
613
258
197
688
156
743
50
544
175
729
378
367
336
788
71
415
532
598
608
633
702
280
657
611
946
26
776
543
604
624
680
575
723
744
325
756
894
447
184
269
271
897
591
884
846
233
424
530
809
879
593
647
542
577
454
23
663
697
429
538
23
352
674
554
200
360
98
139
445
837
464
908
982
562
505
631
321
942
868
264
729
310
875
855
771
350
50
897
213
645
645
849
550
661
227
992
819
838
168
50
369
446
298
124
359
857
838
275
310
347
162
845
432
557
293
252
813
424
228
800
215
407
894
825
366
315
476
47
811
237
956
151
99
265
831
786
358
242
560
171
638
247
496
518
793
755
485
139
38
993
43
569
636
768
962
807
733
885
693
161
317
909
202
729
823
86
841
146
163
673
445
8
721
820
180
252
508
956
108
26
342
606
301
326
423
513
927
101
61
300
855
579
737
100
208
950
10
518
918
333
156
405
898
309
454
94
881
978
469
181
601
825
900
185
640
694
718
671
477
49
935
971
328
484
120
607
493
396
374
491
54
597
154
562
908
294
912
761
601
857
994
364
187
447
625
125
120
221
49
311
149
255
701
297
984
142
964
883
408
475
687
998
378
302
384
411
778
76
636
440
646
783
696
68
214
997
35
202
651
561
170
258
216
371
831
37
477
142
486
246
24
152
326
427
820
617
983
323
9
1
80
345
682
447
53
516
543
827
626
150
869
203
797
763
734
836
17
846
308
383
147
230
622
885
148
676
831
555
845
463
273
57
126
369
455
444
217
164
8
415
135
541
648
43
316
121
190
936
697
395
774
510
459
898
656
321
239
118
442
299
403
389
804
544
638
716
69
73
691
324
466
495
487
246
200
914
27
370
419
692
148
55
199
394
323
518
548
344
839
82
476
932
512
628
415
25
819
247
642
892
871
750
129
991
385
403
548
852
446
259
613
23
826
23
423
498
803
541
340
173
190
383
909
615
945
179
467
404
39
14
634
201
916
415
832
900
851
846
169
587
879
838
505
525
848
722
96
716
955
609
200
746
825
239
459
918
18
516
258
263
207
710
109
55
126
599
419
198
490
2
558
634
857
835
605
880
65
889
451
774
873
180
718
181
73
827
616
583
418
212
587
361
247
222
690
622
664
85
715
388
228
545
680
706
48
188
792
144
707
433
773
324
770
509
196
920
75
50
341
753
553
308
727
591
646
856
892
204
9
850
160
269
770
807
193
862
203
432
556
21
520
444
781
933
624
665
974
981
995
703
170
796
896
85
106
455
967
559
738
810
452
628
164
531
382
345
553
356
416
366
797
232
504
711
349
436
302
520
892
93
790
889
986
430
272
903
476
76
711
73
337
780
597
54
441
126
452
618
856
574
177
43
322
531
395
651
120
489
48
889
674
788
194
901
146
849
210
156
514
245
874
680
612
264
506
99
221
131
662
824
387
712
1
748
531
382
284
554
390
684
681
12
409
177
615
541
555
290
333
998
103
175
582
672
391
678
12
627
817
201
564
686
572
37
222
104
980
128
797
654
227
702
387
8
520
192
175
451
246
718
461
512
207
322
799
937
410
884
948
398
966
404
671
631
261
491
565
186
904
315
537
784
639
546
633
563
566
622
552
594
886
894
648
846
721
959
756
913
896
404
790
403
222
625
625
69
671
6
732
373
58
159
933
881
767
996
247
889
648
410
467
117
558
834
122
885
335
948
805
933
439
696
880
456
422
159
302
848
894
578
459
770
558
646
847
570
844
762
478
382
899
799
751
380
228
707
94
562
801
260
932
736
329
493
370
384
521
527
257
5
950
759
696
867
495
891
849
492
444
792
448
938
76
849
641
813
686
138
807
778
974
178
837
709
842
185
829
912
355
383
239
18
632
133
418
618
640
824
532
397
247
432
115
484
279
461
47
786
782
310
235
677
744
159
355
194
349
266
939
156
318
501
29
161
753
731
409
230
707
289
54
795
737
891
696
575
531
286
263
140
142
926
642
425
229
519
328
514
38
183
862
693
263
497
223
408
591
976
61
155
964
862
695
366
57
57
778
880
101
210
473
705
742
307
107
836
899
278
946
274
367
430
198
398
157
204
728
895
538
813
657
298
326
332
464
855
168
682
497
829
224
252
194
921
37
227
519
762
338
225
918
203
763
973
890
754
824
402
154
127
946
122
301
819
44
632
171
344
702
733
114
948
122
501
399
554
585
567
829
933
800
550
908
562
715
224
946
186
875
824
999
839
664
252
355
63
606
886
220
142
805
335
383
4
885
166
847
118
589
155
379
297
336
311
610
436
942
138
323
845
886
422
407
887
193
654
840
773
26
210
932
139
210
451
381
572
369
415
485
496
799
852
381
258
867
724
963
297
658
316
26
681
339
244
981
831
514
24
651
769
474
200
989
506
349
976
665
996
213
718
810
715
56
498
289
242
350
861
698
761
465
190
828
732
959
224
509
585
4
666
598
23
362
790
349
2
954
226
151
65
235
73
256
760
953
699
697
580
614
888
382
484
449
317
622
48
755
205
682
709
940
748
464
948
149
56
356
567
808
504
987
444
357
909
917
450
278
30
24
748
648
394
146
678
746
118
482
365
184
764
224
824
531
111
276
228
484
6
313
434
732
827
218
519
171
857
263
92
462
433
616
359
530
164
914
435
934
854
323
315
743
271
50
170
280
688
433
642
158
921
125
778
479
446
665
958
350
272
523
430
219
502
183
168
431
571
806
363
323
715
973
592
159
553
839
573
696
929
642
238
28
776
166
27
641
483
159
435
367
519
898
28
460
42
478
207
90
22
968
85
782
595
992
465
408
193
601
943
614
239
325
908
247
896
297
232
463
921
810
714
11
108
633
776
434
313
987
664
471
489
397
991
250
230
51
206
468
557
359
562
86
161
14
996
79
39
537
898
694
232
237
112
310
719
247
261
817
757
983
980
92
351
30
233
932
104
37
539
247
366
958
498
474
902
711
29
368
247
730
812
679
705
79
127
653
579
702
373
275
986
238
998
921
533
722
677
905
216
880
181
158
768
830
15
333
191
270
594
837
315
125
319
394
733
556
190
912
955
932
607
339
823
310
750
636
351
347
337
457
717
999
720
97
97
215
952
223
333
887
531
374
913
496
195
656
611
718
539
881
489
652
80
249
943
758
609
750
382
486
260
649
287
840
437
274
338
26
943
637
864
832
637
840
308
20
337
510
375
921
830
710
137
845
12
544
18
616
889
998
705
748
762
588
407
466
598
458
618
592
538
219
955
896
177
680
385
391
776
926
162
738
341
54
97
782
354
735
232
611
726
426
490
707
541
466
35
941
578
858
66
761
213
500
310
338
898
228
608
441
705
347
91
803
503
795
465
699
633
281
444
902
226
417
744
192
34
133
892
165
682
573
375
689
420
801
177
940
792
792
435
535
569
377
358
95
51
765
572
749
901
502
419
578
871
944
389
641
592
995
545
571
39
863
834
374
454
775
479
888
914
430
908
46
719
707
341
792
930
502
865
11
829
234
56
734
339
445
161
442
160
847
452
878
62
763
117
984
529
50
116
880
640
320
988
466
816
331
516
967
534
768
972
850
639
154
5
999
139
364
46
288
701
168
226
133
488
509
269
765
118
978
105
171
321
687
606
159
446
604
37
924
783
96
735
380
984
89
193
977
365
279
839
1
307
472
419
451
966
947
8
14
313
376
128
846
476
122
378
462
615
862
611
79
568
185
193
246
307
319
106
246
866
360
959
338
923
840
710
833
349
6
357
369
519
773
352
536
664
108
226
576
962
524
807
770
621
476
656
495
39
320
648
418
298
227
7
606
915
264
341
275
859
622
282
279
124
854
396
19
113
878
350
911
262
492
903
107
671
596
477
371
1000
250
300
471
91
38
934
336
541
798
603
408
590
408
128
901
563
216
84
372
528
759
68
880
291
666
672
614
204
560
153
635
934
226
23
369
422
677
4
643
140
854
844
710
729
341
229
469
466
948
54
139
581
400
608
747
138
310
669
236
553
749
260
269
726
521
310
887
822
548
620
261
349
253
886
215
611
270
525
854
184
555
200
109
45
94
22
902
130
606
562
33
884
814
326
492
349
570
459
523
578
82
629
117
140
967
523
80
236
771
76
130
286
59
986
536
193
582
145
931
3
702
43
280
794
433
939
187
951
942
491
629
25
647
498
887
517
558
358
379
28
410
914
5
105
603
823
579
843
420
107
249
615
784
588
230
609
251
883
353
617
992
565
297
399
195
439
662
532
293
306
955
562
627
267
362
657
594
54
807
1
184
120
680
82
876
16
885
674
663
656
317
930
378
216
233
494
587
620
526
852
219
567
840
484
584
491
955
414
189
908
376
5
43
890
361
145
323
409
518
846
685
297
583
365
755
585
623
129
420
369
633
502
352
146
413
663
191
82
862
351
723
592
13
742
682
278
155
490
659
492
592
223
488
959
933
114
116
258
852
708
297
380
198
203
258
493
643
44
528
491
843
120
398
102
497
313
944
182
267
883
240
537
586
383
634
466
641
117
150
688
974
982
703
197
741
37
694
131
567
845
524
42
5
683
514
688
488
626
466
836
267
48
583
445
297
874
307
75
778
763
481
234
605
925
280
762
252
203
273
167
224
410
34
160
213
446
401
824
661
255
851
568
720
772
84
295
147
291
12
209
860
2
488
422
951
941
656
988
627
549
652
126
420
990
316
71
735
905
235
548
394
71
192
772
401
467
607
969
377
618
243
139
652
227
832
374
267
670
466
794
811
978
908
886
518
50
557
993
228
945
510
598
39
532
514
823
274
793
6
535
513
340
502
403
815
351
452
726
57
541
420
297
417
768
381
469
660
254
411
737
597
784
977
553
776
135
139
930
700
799
244
991
317
317
60
983
202
947
433
3
793
710
717
202
356
275
205
849
497
495
570
335
459
749
27
698
892
855
257
321
293
551
106
390
609
870
917
733
194
753
290
934
396
373
963
291
46
802
984
94
192
740
23
754
8
659
72
837
62
970
662
754
496
437
936
436
607
72
862
148
262
815
168
340
11
972
121
10
328
489
568
273
243
956
861
812
394
234
929
494
911
951
341
91
946
72
151
917
360
550
434
934
578
736
65
213
125
146
564
436
254
886
65
902
386
969
976
308
330
325
519
82
260
68
857
199
650
732
968
38
353
453
868
810
116
600
475
489
851
344
942
739
196
897
580
497
799
617
96
903
793
54
279
789
898
736
126
639
58
617
688
290
984
360
839
222
682
580
446
54
518
464
665
429
654
771
461
517
344
171
925
730
308
327
332
692
141
796
814
76
457
364
801
155
656
960
147
508
797
117
868
405
454
946
977
840
311
455
454
238
174
691
466
926
323
103
289
777
415
399
712
286
881
453
975
553
720
355
400
44
165
66
197
38
383
1
911
97
597
216
693
536
270
24
637
136
66
162
976
743
324
955
310
16
252
983
843
484
622
605
887
271
23
740
937
336
862
406
240
200
674
785
819
59
606
734
408
239
954
64
463
692
586
340
964
838
496
79
21
210
593
857
215
310
314
174
558
819
538
746
517
685
295
952
34
406
149
827
369
891
962
15
89
264
509
794
886
327
591
507
561
11
174
798
556
697
175
926
319
296
166
736
569
801
997
560
671
188
948
141
557
692
876
324
73
226
686
987
177
121
555
394
103
218
9
127
276
446
191
853
403
834
527
11
342
756
711
18
126
771
64
119
944
907
544
797
811
235
84
508
408
290
230
330
401
425
16
619
223
883
727
323
577
88
616
928
801
452
986
640
389
256
562
425
256
596
168
706
270
599
39
346
774
165
855
417
340
300
36
313
281
319
215
289
194
808
386
476
975
612
410
193
407
373
89
356
337
118
399
851
563
950
503
871
481
447
26
341
867
925
495
616
318
172
27
805
526
520
29
139
417
907
162
750
967
873
710
771
763
509
8
849
559
66
98
529
700
497
705
233
271
45
564
390
490
698
632
617
496
897
158
686
283
468
120
386
988
347
105
575
903
424
218
698
311
654
754
190
699
422
859
983
847
197
449
95
446
7
269
26
157
544
776
522
625
188
778
392
59
797
804
841
70
78
540
553
826
470
475
265
687
578
21
558
600
270
168
727
468
335
885
737
356
269
944
480
70
9
724
952
770
213
19
664
222
28
937
566
303
429
418
122
292
779
97
570
827
718
791
900
294
243
229
679
24
243
484
839
866
929
491
119
373
354
838
776
940
7
694
709
645
107
756
900
822
118
764
47
606
40
330
524
792
653
349
571
7
493
485
35
938
520
940
545
491
892
525
831
702
727
324
190
110
743
293
893
268
379
785
318
30
281
731
433
836
453
528
562
541
711
604
116
428
889
53
618
199
178
512
631
665
650
687
150
393
39
554
95
952
932
596
977
15
513
589
605
68
109
607
132
244
929
301
441
276
33
958
663
860
294
516
115
195
578
915
622
214
410
296
861
137
752
557
465
96
891
743
42
672
727
975
243
532
930
402
781
628
642
876
327
754
877
253
162
54
528
200
884
390
492
430
151
82
864
753
770
844
261
453
59
342
623
470
159
482
78
618
183
25
591
179
840
496
229
218
355
168
207
643
665
505
611
115
20
833
757
417
91
171
519
771
363
472
78
476
852
45
22
748
316
958
502
140
938
486
980
175
84
781
366
168
791
320
850
631
598
699
659
547
649
918
777
13
59
192
16
477
161
428
481
788
361
298
953
80
123
104
795
784
447
985
491
585
669
826
892
637
243
276
874
341
263
422
404
470
177
603
215
511
58
7
116
37
243
124
981
725
895
643
265
820
652
490
483
280
245
155
146
992
912
851
693
250
602
308
430
544
623
457
121
901
443
564
399
89
12
599
753
425
633
898
97
45
196
766
203
406
875
123
142
922
367
133
467
696
820
199
543
382
917
117
903
190
458
664
357
497
2
660
768
432
256
240
844
821
457
328
171
303
477
131
714
2
998
367
892
752
33
975
97
916
936
856
497
824
666
922
247
413
42
820
606
948
443
225
813
573
867
426
107
83
874
577
250
656
484
482
154
971
20
758
895
548
736
245
237
672
989
486
758
670
116
372
321
695
448
84
426
984
670
630
138
995
506
616
709
801
137
974
731
131
918
659
472
80
246
912
885
852
548
247
816
745
284
33
363
399
676
284
788
362
454
464
512
859
1000
140
360
432
210
670
799
373
314
970
530
981
180
288
394
706
575
343
625
753
533
376
727
210
702
935
463
734
662
19
177
877
819
883
413
773
867
274
350
449
599
536
950
828
309
502
38
122
150
962
452
383
783
496
989
105
528
628
123
867
124
927
871
421
303
253
498
162
713
449
133
345
592
656
544
249
935
631
433
689
825
982
633
157
125
873
830
894
388
829
559
908
308
85
75
974
123
676
285
216
966
213
546
38
515
168
671
825
422
674
494
531
714
197
650
116
315
56
49
368
740
307
230
267
357
886
627
576
482
495
950
148
505
977
576
288
86
872
607
1
210
611
803
939
161
500
680
457
301
775
116
551
941
636
917
322
353
559
469
635
782
653
913
78
837
221
82
912
35
663
263
716
234
342
355
479
154
996
730
589
447
322
102
786
452
93
727
437
540
909
69
81
509
57
307
427
557
228
835
497
813
505
839
570
191
949
399
685
839
979
301
362
394
512
306
135
571
46
13
858
363
128
202
889
897
412
641
312
606
259
811
236
197
592
522
206
39
12
944
406
94
133
476
363
601
299
989
166
273
343
602
906
322
52
744
589
10
283
321
657
232
27
287
523
369
588
969
196
873
1
903
465
741
907
403
768
212
27
253
364
877
28
392
805
508
31
21
96
200
137
257
27
236
909
599
884
418
651
542
765
417
813
774
451
847
310
816
500
737
786
303
286
825
452
51
616
192
252
388
510
549
559
431
382
939
324
726
622
659
558
98
240
877
324
656
144
529
58
174
911
454
364
699
808
601
344
268
925
768
602
117
30
726
251
797
98
458
797
897
234
589
37
157
200
803
391
5
897
698
298
986
530
41
140
8
728
818
400
138
832
170
849
940
588
31
328
928
154
38
702
26
444
616
893
549
245
193
863
619
97
129
257
466
266
430
811
373
54
209
968
984
299
647
123
855
572
762
938
843
647
11
473
844
12
764
955
198
398
231
200
363
566
450
360
935
777
841
975
793
960
620
215
572
292
987
200
970
410
856
729
925
578
592
917
812
251
196
126
406
862
563
605
881
51
720
142
645
767
930
707
236
639
434
421
6
812
849
47
430
49
200
644
837
268
709
480
764
308
566
168
548
972
442
119
49
889
589
343
491
54
4
882
291
297
805
417
177
511
129
116
456
884
591
569
919
363
606
539
41
372
813
63
992
105
179
847
459
117
600
494
247
408
701
145
915
26
842
444
270
428
838
28
927
456
42
994
125
637
196
718
194
900
903
692
194
251
908
247
324
112
120
704
145
472
331
819
608
639
1
884
284
912
814
829
745
305
947
697
117
218
90
536
527
240
667
107
548
604
378
627
816
682
194
39
435
927
357
988
146
238
263
490
908
797
398
390
67
234
514
136
867
694
989
502
829
862
951
256
571
845
151
306
809
169
722
938
362
851
667
415
215
686
528
796
512
520
968
686
277
902
269
27
475
168
223
648
849
761
867
1000
723
457
136
810
839
304
934
705
586
563
596
917
803
672
962
993
9
501
300
949
685
167
731
635
119
924
504
138
385
872
103
681
36
716
248
952
580
657
180
788
602
6
479
763
621
377
455
440
960
510
308
733
710
224
781
650
970
228
628
379
420
255
935
254
345
400
37
208
787
412
429
841
545
367
499
310
458
237
688
498
977
597
506
335
18
551
726
65
600
443
156
696
625
455
36
958
236
468
502
723
174
3
942
156
116
72
782
780
894
416
371
308
180
158
948
652
462
849
169
954
544
177
153
501
869
731
849
204
520
837
387
711
695
230
408
241
300
761
397
934
370
740
683
759
958
518
958
663
197
659
482
667
629
257
548
901
799
674
446
319
911
760
3
5
737
733
972
365
646
136
511
424
183
760
611
333
7
972
965
481
426
713
411
883
141
416
197
749
161
500
84
505
301
257
588
928
571
105
565
545
624
148
258
358
522
699
354
892
599
285
234
371
441
736
315
192
759
743
264
676
725
299
13
661
355
710
696
232
450
886
867
367
346
226
492
654
586
945
103
285
157
155
859
178
14
318
422
413
61
719
578
458
814
77
80
467
377
184
78
750
513
959
268
777
846
868
942
930
138
232
195
253
635
157
200
512
84
134
950
527
169
582
152
299
212
118
486
598
414
413
687
109
250
576
602
309
194
440
63
492
462
844
5
914
518
723
310
879
23
667
976
3
400
235
764
27
837
104
358
829
206
497
497
484
794
977
865
35
244
156
545
194
171
771
340
812
525
346
217
722
589
304
614
372
301
96
846
299
326
732
306
611
79
352
975
935
830
434
939
161
764
963
814
722
155
312
437
406
446
778
168
544
180
226
28
22
446
17
831
769
22
785
385
935
528
595
966
307
121
650
939
222
341
133
410
402
711
549
787
749
194
991
910
944
311
999
595
50
816
32
239
266
361
808
217
859
828
506
351
278
287
317
389
808
359
946
704
169
406
703
509
636
840
182
370
400
763
52
4
868
419
164
884
607
22
628
556
790
571
845
152
895
757
485
292
245
845
318
475
402
684
751
854
400
32
96
238
175
353
2
935
586
635
545
729
378
641
425
329
832
590
241
314
396
737
569
841
722
986
250
569
663
987
250
37
527
519
373
551
137
715
124
398
401
145
958
198
51
734
534
209
458
358
570
908
616
184
337
162
613
9
168
340
748
636
249
379
115
520
915
262
769
499
947
643
883
88
249
818
620
352
534
920
115
127
971
201
771
595
313
492
359
52
468
843
558
271
436
418
120
888
45
69
984
756
829
537
765
330
309
527
976
477
188
725
980
314
506
389
939
524
405
551
329
485
671
805
621
622
200
307
25
734
961
539
254
443
529
314
768
230
38
891
639
47
676
294
738
982
714
546
611
833
501
280
303
330
468
954
735
993
271
301
2
724
386
557
359
543
698
585
974
729
963
574
97
480
448
752
571
745
401
345
768
51
903
381
716
24
109
689
213
610
72
711
564
288
268
894
305
881
356
13
796
480
726
920
658
996
316
837
404
709
783
591
723
40
680
97
506
764
907
946
104
114
35
443
291
522
701
313
75
838
825
181
394
65
19
697
414
785
127
355
366
909
913
138
582
412
886
473
989
807
37
865
490
149
191
786
528
213
57
517
63
908
217
54
334
260
408
843
765
610
524
463
696
282
864
518
153
201
921
755
18
467
118
954
168
877
197
720
676
255
767
621
888
249
172
802
809
390
828
765
335
331
49
406
909
289
226
965
234
1000
875
707
609
985
437
15
313
37
856
508
458
243
831
243
381
74
875
730
8
328
313
874
833
403
480
975
626
149
781
428
111
312
415
727
709
914
915
700
102
183
114
721
927
374
435
867
839
991
193
342
704
724
138
502
360
641
583
292
167
660
804
625
253
914
342
833
272
155
484
203
242
800
642
51
332
653
612
589
240
930
717
373
175
774
646
341
221
572
421
162
574
208
734
419
720
259
703
473
532
925
803
169
766
854
363
823
408
538
805
205
154
743
992
549
171
887
680
159
792
367
168
984
622
123
23
773
341
351
459
669
896
186
542
280
208
288
609
254
568
567
646
64
911
969
650
899
793
677
837
164
567
699
572
143
105
256
176
92
798
613
414
908
640
274
609
342
5
891
581
132
607
936
508
49
374
594
855
487
894
85
713
714
350
708
270
635
590
835
678
566
893
747
341
600
591
278
312
531
117
733
299
978
926
624
325
532
4
325
451
61
750
962
67
796
290
414
852
26
69
435
540
96
624
774
321
513
54
691
570
701
489
636
762
996
421
319
18
708
901
485
832
630
373
911
869
500
438
549
535
107
196
530
89
653
684
971
371
80
683
994
366
650
647
678
615
984
201
862
288
936
558
212
153
627
294
107
79
564
176
950
727
707
840
788
482
959
446
917
217
251
230
820
899
716
