150
260
796
945
134
997
735
609
63
968
193
7
573
105
469
433
894
328
282
708
966
451
320
409
49
281
687
360
30
464
269
987
135
846
141
231
482
977
836
790
701
356
965
868
675
283
500
762
230
620
452
977
686
18
842
424
855
790
852
853
511
110
43
912
322
118
648
497
527
365
953
317
542
16
247
618
443
857
952
441
564
937
660
893
342
157
528
335
458
720
497
299
94
901
829
759
769
135
924
528
588
922
997
353
153
500
422
87
773
91
347
516
864
910
756
740
618
341
278
156
23
218
139
387
474
324
889
164
664
559
626
727
586
101
833
505
825
340
399
210
933
528
988
682
588
553
722
685
462
648
217
