2021
45318264
81500716
382903
5683500
53158877
83512298
66762741
17225425
12583261
15655304
55211712
45585123
86404858
28282309
494152
27789145
28054600
27342904
95319964
39015681
13760733
37592108
87319239
37944650
36056520
44071360
8622675
47949095
69846003
89589171
52769037
86557664
4178168
77362973
42758191
67573309
21242087
38091507
78651820
9166358
61348225
21704854
77938534
4914620
99579508
52153681
334754
7517380
99604559
25246542
95374329
54261934
46901042
48035044
78992507
14046312
71585097
73085147
51252196
69932394
82033378
88006538
3187612
13048101
67040569
64222599
12228703
49216781
29591003
98041262
2981755
10754032
68163300
25559044
4626686
44415253
10150311
67246535
8968432
37745453
74168090
80622537
17847982
59433216
23799878
64171192
3667561
4648144
58226098
38271344
35373044
39086420
9445448
9272882
26443149
10188462
36296556
71328405
23264158
28397147
44955184
45341172
18992726
68363420
29904868
34036909
4542940
32603639
1871144
11707574
75251522
22690322
25426132
72807604
82912668
3008570
40756290
62961231
86102721
93871110
39167313
84399574
83930298
68403448
37586560
28370104
33337729
24102050
95649959
35014042
66991573
43796055
70500361
68011028
86728139
409856
13701807
32336334
89632036
5991018
35157601
16974642
52869465
57475711
94249278
29437059
44856953
25938535
56805718
47358113
52484283
24304615
96398285
76343448
26523325
80660630
57581278
10988903
18544096
36839588
21505732
93443752
13480084
37154600
18894872
46901169
167095
47026201
3136839
93784996
40687379
50897514
3754594
78666761
74529272
18957989
10439563
77181439
99857421
35210821
42154381
21731594
25294327
66415477
95425699
93151915
15871507
48121208
76322989
96630302
61460756
37388505
63998348
61608857
13282254
15726989
95312700
33118465
9431691
80380600
33546752
70062005
50365945
51369192
39299762
72956195
87394180
58987026
18622678
74050497
14932454
82136522
34443152
14695995
52879866
53198927
52926239
22462090
97330932
62168335
53991457
60322040
93966332
13851126
50818124
8957451
35283703
62561510
40386885
76042956
62698123
64738162
97550997
52104434
30507277
84834434
48982038
93078463
97863021
63300390
91005149
45323789
87198176
6614731
63273149
90804691
13374462
31822337
49178137
18867898
64224640
56913157
43139863
20937410
43110703
99917160
11408734
78215795
78331413
8492394
73513174
19516996
10207493
7223126
91332191
6603330
61661036
85141102
4722082
11789957
60104320
70296913
25088915
85365604
87798852
54570982
92174362
32140843
45544942
43810353
14168309
39770358
43439301
79926482
96118359
93232599
70112495
65127730
42936854
26544668
57048389
51740961
26283785
86702325
5125531
62978034
35027261
60568367
99155053
41574846
95790956
17998694
84824865
76632453
61861983
19858374
84003003
16416145
75301796
64185201
98772788
41067759
12184401
4342110
98573129
83850274
26056507
84086909
58730409
31797789
96899423
60853681
46458300
78279511
84464320
97163781
66698756
94842443
34143929
37431196
1602169
1708957
80988175
61175735
44705137
39992223
92357465
14212841
19049928
83271908
52513604
24048948
96596516
33617740
30514935
53772113
83640682
33791559
80676509
18078270
62890550
50709989
82987211
25382117
83111536
48022526
73007840
69469851
18599808
40232995
91031430
83663223
48256973
54057642
4184759
40045999
23155477
86417847
21741225
99270020
64538821
85959226
58129285
22195366
41552490
14331592
51182912
19417366
36088367
17717022
17299702
91454312
25220251
71942892
35970766
68126767
8580053
47922272
36386707
52497890
85350343
4759577
72888105
55443375
17003567
43008561
90086969
37664926
64333923
48094473
57975257
99873432
44386386
71429457
17161728
15276857
27263930
29284795
37336937
99424096
9710265
24883636
77704959
52237703
664116
17119870
72551657
85871160
67060426
39868070
21196978
56759591
24872883
18792170
51855986
72146479
31798226
68174003
95399584
29570006
6988219
86655475
27377733
93973614
85086397
20558786
6271045
11665459
27426940
44285583
41799099
8664373
71790247
31013685
91508870
20224636
68309435
11876910
47194284
15940243
39497643
25725357
62902697
83192096
87774584
19753034
97103122
56837356
66456164
93548790
39807288
6340639
16688905
82931696
72424024
52340101
3600871
31698011
43522276
35451620
95574511
46239682
50631093
60915261
11758660
87374762
35282213
89677156
38993500
10134532
10719253
84154366
181866
37770867
34724567
24804454
94493991
59166948
61009659
24735391
70447396
23175890
37671274
25760208
20265050
98092299
83415959
21126282
5091743
37300836
83715395
26007443
15507431
63830151
80336952
42334370
52789223
43573442
99117268
41387771
15447285
95127597
24250918
62391648
70988373
36974170
92466616
72484591
16973846
94488707
47447560
14719276
41714733
85386212
15306275
80925433
45834916
89620894
45881141
85708458
9706408
69303680
59807054
25093412
80038734
57821797
53284166
87104343
56716495
50746214
51090652
32830177
55666398
16012885
73236555
47856285
38115064
44153102
59797148
81834730
83345702
65452832
64995518
41718316
64789332
88994791
7414889
73815655
9823269
27506597
90377677
73325750
41996481
91626422
15067840
35403034
99673329
3594945
83241353
89044965
73288509
43771381
93551382
74393086
60916769
33217110
66059712
43443214
38196370
32041623
94985570
10457875
45102775
16957392
31160258
26646236
99420628
54823912
46893797
48444034
87644337
75161761
89693833
60277432
96235880
54791429
21326999
1988076
50982777
32746216
57024606
98257758
595476
62129652
98859934
79025313
54207500
60223555
63109732
10159430
60389772
64615580
16214790
70699913
30760618
38376866
58776103
57840953
17733875
3560832
41437549
80432958
99002203
90377525
75452610
50104359
57139169
98227922
97015073
15960992
25224188
34946271
20952965
63698641
35664165
20570196
36777526
34372027
5524448
46657552
98047640
87414842
48123518
51315728
76916814
72710861
10453934
66432986
74625100
2297177
67259227
20024928
87772504
68378370
77136053
40511170
27485341
33499616
68666049
78361763
24566413
4914082
23833297
11767042
30727450
66332883
88801478
99973593
87225055
78685083
4970542
58130433
97718906
20889494
94045692
80322500
45695686
30095061
47374973
69788329
47312250
69531645
20820673
87013391
87479404
27676980
24806083
70724108
75112800
59526298
6370037
9544862
56362357
6266784
15991425
23685765
4212200
30177546
11954495
92388785
75218611
72162826
60949214
59457549
86502682
12204752
7074931
36031680
36168294
19792497
70575935
10560647
89704790
57108553
28755905
40475443
94716478
98416124
67740157
76387105
16990471
41848142
83473982
2391213
47193492
56810788
45660929
79898508
77959497
40534194
69605132
86924439
67551280
11714909
42331691
53237976
69061993
20359979
65778575
61883004
76503135
39871366
9330215
24257392
52447867
5084928
51243739
23385003
65765989
81676319
13125201
7496798
90227410
99008483
7508380
60526346
82926954
5700901
57787566
78955702
87220159
14777052
97898927
40817018
41359883
63065541
89566853
72074029
17126198
19515381
83842580
88512679
39681637
38168469
22315737
56506934
70766237
13872860
50493058
64989599
49257120
61105968
58295125
28314267
3106416
98970704
96377336
75945509
6351717
88955647
25958519
82122432
61783423
17934827
64898808
30694607
17402302
69113757
20362287
10023621
3464316
73081167
70069788
17865273
73392473
26837046
6373769
23822422
49622502
77655317
36655981
1365750
17634559
84396833
78922059
47543183
52312015
50295788
85376352
80186378
84578217
70195714
78872748
5239489
2439140
55134125
72214301
30153609
87410331
30539482
94204320
5107460
46945141
77163827
56399956
25557191
21322917
53123266
45220092
69606225
16527493
9892802
75753579
31528580
51973297
56927735
48085346
67974090
76847508
22695769
62572630
27091606
33460478
47259806
22953822
68349893
50738605
66972059
81645553
49940756
16448264
81197853
15600211
97381460
79087069
490236
43839634
51200741
90738290
33040225
77380162
65963536
69897939
20995098
47857243
5847970
77775530
47929214
19514557
91409008
55477972
93280324
7846834
28415305
83570396
7638063
79129631
48336759
9505521
38049895
7611653
41974916
492384
57600000
13536357
26328891
3558199
99247464
49613849
64178618
57886806
95280305
42862150
67676784
88869552
7116567
24424860
54549321
41461537
65448564
88280488
85877074
10086837
6742398
46277338
36213615
90895237
29039503
8689090
56901079
83543776
14840685
85734123
38916467
75944054
53137948
49551307
23307438
77949245
71004435
22869843
64747448
98445324
99892332
65257575
60865346
25292433
74335590
75857463
3671647
2660105
14599789
94684340
88204396
21360115
17230818
28565058
78960102
18703515
43045343
95087700
2422866
30140473
78167774
4204057
43032211
24554718
95039311
8445465
53109326
54404243
54139744
62533053
22288106
7571787
35792649
73676406
10584020
16686279
7307951
67130582
1817879
39643863
28614621
81711130
16235259
95910784
52309518
19063072
43116844
68086364
40708047
91461215
53844536
29044666
35181156
64730641
74796949
51175919
15806223
1274945
58981611
58688463
36682989
73100192
20153265
1069525
50949073
3781623
23243243
41035051
69604394
25739378
18932019
24897641
59098066
7569848
2212725
60813886
80292079
54521883
72924150
84569871
48426962
65479428
95225304
89961626
1479969
94823681
14241990
26202345
4147252
60258291
80848028
49668907
26548733
89345819
43973697
11021224
4409959
79437043
36067909
63661529
82334585
48914948
220988
60641177
60475416
3811826
49259817
10734621
92348470
32021047
17717449
27783349
93370005
72015889
52530970
34612624
84703886
27770722
84101462
19879956
8021560
27373639
93716392
72846593
81908582
96716213
3461988
85179932
87191898
33059497
98274574
21929971
52715050
99923279
51723341
65467054
31701739
22221576
37039033
62624007
77311956
53611597
64533613
94093366
10797282
84495089
7744098
41622207
28882584
18192420
26564766
67697042
77598756
34133317
95101043
47226636
86615935
46366106
45027132
78157628
37735004
74286183
72278330
19242737
47719199
55105110
28586116
72964336
61830052
3629000
99972351
47166986
56784231
65806275
20817051
58191211
27965730
3902882
16393281
85253731
57219123
75718055
56532245
59366306
63483689
87662168
22698527
30087307
43355933
8719127
85478595
46049925
95622107
55693866
26236846
9200303
34488086
73355294
31086863
48062742
60506108
79119361
88816937
84343170
75483147
79700146
84531096
8942634
83771415
75210868
26809411
88890333
18779646
85403582
76919786
66133784
16323544
72808296
27642452
31009617
23136861
3153302
89616829
21156436
74828284
70231975
35377892
78573185
5746374
64327361
54997860
6575720
48358559
95266267
26766365
10962602
65457248
23397389
85425779
88657627
60622476
94643285
90883840
9160169
91742869
46434055
50542733
47504856
36771013
84443325
38640698
3010020
4099920
5907661
71631936
97103032
65804782
46040421
4355388
91844639
92850996
27159105
69261165
84058958
44219631
95318594
43564958
98778457
39653462
31367594
3471096
33768299
37782359
36835335
13543012
24827843
69507704
61551246
23336151
60820590
55430877
56466998
28290011
31605923
34079749
43709346
9591802
5711835
61363735
10463677
44543943
82735206
38222400
60330852
23572873
4292428
62034625
97840513
67123566
17070145
14259419
56796442
69618609
32552418
50860456
35809752
57867839
22912560
91560304
49396282
68758800
20929561
4893116
43229664
11707967
67836910
65069201
94093198
74464734
10888701
14524574
18565368
88818216
45732803
96451172
93341756
48747982
39627310
43101083
86095318
7576891
41441960
74217887
62585410
53626587
9470223
10712279
39174262
7052428
89397880
48126000
69714071
66763222
79403006
70997288
15240220
21578663
69848336
60245837
60793429
92588547
61811157
58457177
20117362
59869593
44211341
64022784
9860015
55629382
37588411
5093559
52684428
21560404
37009744
96601069
1892100
23567452
34280428
11674285
64571886
25028323
64146873
89946092
41252268
6361218
13776337
53383694
26394615
48458967
69654271
52428983
13222040
35763560
11709036
86628634
13390073
46030698
80610151
68126264
48457772
12071172
47168581
31012428
35411201
47252118
74577886
82497890
20628491
53124705
56189376
51729537
86916748
94784649
30198760
21673157
84740717
58091175
93001773
48595571
26269183
33165074
59495203
58201150
61313985
6469272
24979930
32698792
14798880
49422552
10702818
61895696
12808713
2638999
66342904
35774893
46719540
18037237
81183034
16711408
1520869
1634579
11270581
27089728
60585392
15097927
6759067
31524383
40169722
41088547
72225437
57395259
39406057
45352078
52306124
41501353
67771475
57304035
99576439
88876773
28386048
24684512
58069919
11326171
27667795
14377312
723462
19814128
56136475
53377774
68174799
76469514
85211315
89862070
19753500
293679
53403668
61461784
16680955
98095152
82317544
50015171
44742319
82428734
13800096
89050878
59666024
88936537
35897099
26140546
179590
71393235
14557331
24007022
44929994
19760222
76245296
69959323
34045688
72369436
99957582
86644049
80867645
82608620
5545971
53121362
19683239
63053521
88292357
65550065
20872226
99448518
14049885
44357960
51658181
81771610
75274360
16880445
77552496
19824368
12174361
84198008
39734818
72565670
45354656
74366497
38815327
35118173
45745055
29770906
45682916
73207287
25924639
20722812
59294087
84576591
16018980
31109042
43292111
34344025
30133146
59353519
8223877
22915260
79279135
71776713
97449405
54682843
50792306
20866813
38298785
50306074
86349539
34082332
60546829
78611759
91800136
83954111
63325250
31876304
64551647
17098020
73035532
34911727
11343744
92447382
45697680
597177
85013936
48896593
49715324
33350904
96398372
84538388
87467874
36678219
4877211
30669234
80869588
57156605
45883534
12870310
38249823
52049022
79812989
40050285
14641531
13621460
22376668
87503381
37286082
11060814
45395969
72678536
13484028
91762682
33424314
93376624
13188273
12423699
47438574
6621407
91002099
72017514
13226739
72371879
39116092
79328293
77059734
54050078
77391442
69833921
32163135
42472973
40254573
67415084
24290109
25075481
83783692
17676991
26239628
30990938
10329818
15950598
6438704
78441809
45951715
53910808
39132618
23228823
6448596
17511926
45015508
24857588
72482855
97655389
16624011
73385494
2690286
9827160
70658377
59842697
47204752
55377974
93345737
1373344
41183623
4279719
38976766
65719413
90958794
78486104
68249036
68550384
60684318
40593534
69082395
54030178
97882671
45970175
57181636
4419496
17987778
57896350
94838526
53975888
63007317
37916559
99153096
97038492
68589994
3169844
34179938
61632411
42646593
73025596
65363188
25377536
45544265
94939413
24989458
32736485
93441938
21366922
76543167
5109388
91790628
52929639
92292496
35427351
96441446
7893193
20567336
3899779
66521273
27297271
77932768
24768689
58586397
75176894
79651740
69611792
70301126
64474832
33116315
38488777
95553416
86809239
43152466
73033290
12009674
78261861
77931086
93717818
79558438
28916541
47999552
55270534
23794097
82988766
24187336
17945996
26882842
75918352
36082786
383625
7161753
83512997
762824
30805591
72436827
29202338
13589087
19166739
40248439
8653752
29740199
38756595
19453550
7321942
26352057
17290077
63290108
29568621
76696972
59393243
39023927
11129567
70936052
34403982
1111585
51979308
53160496
67243231
23731903
28991680
9398443
66922265
29562446
18671141
50871173
73843530
15090061
33006837
79011496
62764809
47800464
86371079
94364963
36059003
13103086
16409629
58203550
863923
7272253
30480946
39392156
91678167
63531872
36891683
29701968
58489223
25688141
89946783
63583905
40793974
56091267
37707097
62152090
68727114
26473351
78663495
75164845
93852371
55506183
16668262
14386747
58831588
28615608
22910248
28765090
52428452
83351310
70081121
5663161
67199193
14194411
86672643
14752252
29130866
57900258
26074707
13145965
31798180
65439262
50945740
12658470
28526250
43779351
19031944
16133357
97867633
93504544
17755976
90574465
44840552
33768094
78206407
24922679
38624253
35037150
45231232
1252298
80629434
31922668
31590327
26246276
24427701
17537607
31517081
87170426
57694540
92478278
21866390
74256804
31235689
73738008
42385433
99718470
21846145
23105566
75945570
41482097
94033133
78872483
86203210
87201340
61719861
18468514
74157002
85437382
81839659
25645713
75299629
66390769
41667477
37945846
85114369
92264275
60946269
90612221
81139438
80928642
2223837
39756894
46062368
17660253
31017025
69937265
76357541
33357075
53281000
35083013
52225161
6850892
67670069
1814196
91915268
32320869
1677240
41450578
32895553
99849214
8567491
38861436
3216860
39976869
20657969
60104658
93183029
34533960
50051048
66733437
99153829
59396356
74444212
86883018
5686363
91595753
75739715
65548244
80582535
23767911
72905487
18528082
58961655
35953275
56979027
70547773
33641548
94126716
41710575
62023197
92468147
29206268
28740381
50090590
427940
44624609
97031284
54495421
69133615
77148213
2957858
80345745
36219667
16925986
9495386
70433799
20982132
48063822
34343847
30594404
23351622
83683511
73907646
46052143
18497964
67950282
41473278
46789941
60376041
28199508
20574962
92594503
10816337
58295467
36368086
27007834
66710253
2975736
21043807
73296269
55112197
29167231
17555588
59264604
35470937
57536704
36270557
284993
27568903
89090423
42135844
60692030
70085915
59092971
44356860
85487280
92191267
46970762
19812613
97815117
60982273
17314408
6342858
41588390
94833435
51141533
85251635
20722577
37934797
25357836
87356650
96585082
4526366
22269589
14585698
42125564
21094420
52748900
17021577
24631543
71842841
66409236
52678059
86668308
78225789
82300148
14817939
71119060
71915930
30865435
5419690
20457380
13528206
44209234
61191478
48231488
86213373
78253896
53064206
95606425
87393182
2631141
56901034
5548303
97187495
71902581
11246312
92854022
85108965
85476682
82677625
12460866
48368014
59845452
76985587
29780725
82882677
46325732
37545043
5249797
96621165
49457814
84763865
60712252
41091477
80414477
53123157
9645238
60107390
70838005
56102222
10532609
68616828
41705053
98787005
65665036
7719502
18481392
87389481
14777030
99249635
6601013
28477248
36856546
4614787
40763744
13580618
67190772
99467533
3072053
46230365
14148649
6231366
90414023
12392885
45977112
95517403
15988442
70500304
58198094
62044866
8754612
90577895
20545111
62816079
43295881
92183947
93226624
25751217
56511750
33753010
41973829
32000315
32707008
45728951
53021985
