1472
41975482
78790418
23605829
94664116
84866424
92041796
18971390
21068679
33172674
29203164
36974189
82182900
39756957
54090814
88543992
51758922
18218826
12162052
92653027
11967978
32787712
4948869
68334485
39380058
24736080
45414742
30042970
95685377
15579074
21822487
40135034
65590152
4192982
77232487
31910336
18640437
80946175
64078821
53789635
49286715
2776529
13364408
75758776
81941615
94864322
13843641
33286116
28048078
22600852
13640029
37156307
39800859
80985201
19477349
94377258
52093764
71945495
29377167
10975152
91721146
99891433
57492451
3560747
23247330
93440892
53462256
35477918
19346710
94278340
61243817
32083895
82647784
12284873
30312637
59007780
24730455
10245060
68959020
88501509
45751954
3453871
13820896
98203985
16349233
94302491
96390089
16216773
30453388
33793154
7635562
97157085
50879643
29083494
5068816
80987866
29711985
36763054
23887121
64818497
56392990
16821614
36699104
71560516
9015174
22671520
79696517
35957724
82191415
62244057
42823372
36672428
43662246
48772034
39227407
45899220
12535053
90387581
84501232
6682999
42905898
69629727
6968355
69545424
64161985
39530726
65629323
56769071
39296631
96363436
96144977
42510277
37464994
17742813
89791171
362253
97770545
83659693
30422298
98633676
33364818
33258963
82856787
7514609
27284769
85547290
28018930
80742172
30467664
11937617
52172312
22524485
42553808
85326431
75841639
78042258
25600410
40490850
7246329
52590033
89998524
88700378
68302208
85408653
7392447
41708161
68895170
69950476
61352802
1656191
45959639
89392449
5831595
87903200
9447441
42755057
68249726
9555044
23875143
19260444
59755607
71154127
48059562
68541677
4330965
76565415
62087732
7466971
62689969
23568603
191807
83821346
81293687
16379694
60222098
25416008
1302195
49547359
73906439
82035495
82294411
31460583
22232824
77309475
91614455
12145585
65905121
61173240
15046570
25980811
47970403
89420548
25990326
74614141
83622456
70967647
2893986
93933562
49070956
86170293
8921925
52564023
45986385
75715929
83170774
8942637
27041169
96123145
93459742
13700035
89235871
22932564
82778523
9055287
64688483
44341245
52895636
11626793
34008690
97479307
5288000
7204603
92326282
71260123
35717054
69590792
48949139
3908765
41307648
21563594
69935810
48278810
37232280
76800683
12190722
39139628
70342501
96938085
74972728
25351077
19138597
232253
16746843
80756338
24431046
11117102
68774488
44310298
14743323
90609593
5211833
89014173
28760094
65776907
87018398
7326731
15180679
65905844
38532988
30298372
24697533
20172556
95612737
40906385
5221125
48938322
99776158
73949112
86589976
45243888
50607105
42740897
98299311
67520862
94326622
45764083
52060279
77386318
49635423
18045252
23255192
1773039
58312753
89750414
36680804
78985223
6797898
87569341
2535080
54731401
32642691
11654647
38633933
68750132
763927
43003397
18195706
15310777
14633383
99058066
94917874
65936016
55759198
48355474
18969176
57125522
88591762
9173083
49588093
44623956
70531499
57118421
31107068
27945109
56573007
7808017
34826862
68316165
87572227
28033659
78342844
64835671
51855882
65283107
70752031
95974278
11487671
36747010
8993901
94393037
10519940
10088000
61733210
99825081
2712743
28727775
60690615
18095797
29146162
86210699
10695063
44721841
76791759
14016925
31466490
34776415
75372003
29447040
28176168
63495981
56299826
17700664
64739000
50950826
24966478
37342677
40511468
12804472
71544542
38637831
35990665
57935553
74163730
3607220
51294247
40231859
27947681
93906901
99572561
72906098
29589292
76009441
97062452
18263805
29882192
30920750
73627837
34153859
43309096
27833010
11095724
17903213
376317
37099935
54551337
35887179
50193978
79180001
24287178
47470890
96878712
19484192
88266568
4819373
42273060
30395517
44519544
92809321
52887593
47724098
83703705
37345861
12093474
67765772
69443322
97004441
92953080
78278763
80397648
3291692
4007565
63381529
60523696
44385868
62799416
7683023
26177033
9579274
38219137
3996062
58570169
73078947
30006250
66658043
41192161
47231200
41469301
49256960
18135243
12547237
75315692
29994829
60324312
3040558
10391620
94168125
52365151
11454193
49710364
77172446
53297306
47609627
71208419
22897368
44280207
69292518
68767058
40461703
50377672
81321408
74813685
93014239
17432917
92101775
38882525
57591982
63581774
35266270
50826709
68827730
258173
63412818
38539991
25364341
97339336
60806359
43334637
55877880
76963909
75951789
52444467
40262901
18448357
51275081
54442667
35807050
29704727
17560877
14122764
59648339
84867594
75825446
99300842
91835622
17794541
7942990
27969536
45451651
17409131
95341532
90481086
45719738
50925875
12226073
7475454
32980711
57457091
80459195
63369621
94932468
1643129
46285230
18236261
7579012
55505065
51546445
33839860
23509429
18971885
50555346
46799888
22320936
90905822
32328996
72939312
41476553
27357732
3429824
56586530
44723197
81558091
37646573
72427956
8203712
41754264
11584764
94212924
23893554
58178775
62177670
94184625
44694419
59768798
32503795
10758278
71129719
13152444
26469296
54685063
99227297
41224350
34721396
26729759
21125995
95268543
68803363
79943148
93687401
46941825
14296914
22814315
76103211
7112623
42811060
97890671
72708838
7104882
2308872
88613141
81321342
57201281
68644892
67309313
51486174
87149666
88255334
14887754
82407935
51441179
76424703
80883841
38258367
77864990
46985859
96843986
46640800
54620442
97285447
83279901
48457704
54273172
22940883
93478447
71830276
82670734
82137040
34849242
54193742
14166682
56053292
7132554
79784496
10404346
21992043
36174219
16398972
20677336
96413862
79963735
9964964
70022611
67929382
28170531
8264288
25736646
43251022
32939415
90977553
511787
59162162
1970836
18627950
52973439
52077567
95809451
17102404
54526811
27410447
16610809
4818573
33040636
2142191
31407411
98254926
6523612
60621928
35211434
35635689
10166397
59226487
17237292
98604671
63875108
42079683
51347411
17050634
7498296
99031357
89981121
13644948
11835557
69936530
50682333
59618662
39026466
14929845
76703540
98693551
24230656
75112948
42977784
41150501
36642298
72626480
84459754
90206279
72415389
43381713
70326037
95325515
92580192
98187184
8893848
47623455
76374568
31535431
9763978
41870056
58094251
80707357
3100446
81349952
54212288
31976844
69557344
34487754
20481069
99615858
71917512
36169630
10187963
71752082
72102387
4013904
55558111
48371868
87969517
30178153
85138569
44224522
92763150
51317507
11963166
1675452
19396415
99744216
94678511
18224816
51934603
24089898
28821252
72097841
34883883
20717559
74125819
40989748
65850641
95958718
53938779
70042228
54475579
54683484
50795141
67362501
79847221
53278512
96690680
11281753
48139639
27457589
17163109
69743067
15063126
14633828
58534140
76221842
87755089
14783008
29276877
31008435
50090473
53533662
47240230
5336347
20923810
43955882
83374033
29503622
14747116
7022761
35527683
6540833
71353950
7107833
74675362
85060284
46987937
4614184
55958241
82333332
63503531
95220201
95828630
23900351
75220074
78040718
37045935
37739055
66098753
43343545
99324266
71098351
92747864
10710656
65688749
22833579
21935317
92151065
59003235
67964074
6667540
37797912
91566696
56125041
76908911
33145726
85514611
19102120
6167710
44065486
91865315
39612215
33350231
7102154
7048712
48475170
85955745
12008576
78284382
13083748
79116060
65581162
42012445
81572072
65054880
39147129
44333879
65553286
14354189
97512104
33084180
21396067
16673915
21776420
50355648
59247626
11596145
41669985
79315597
71423924
1463015
28614032
16099038
70898637
58649674
37018874
8151488
24386435
40846295
64008520
63602065
64236064
20894828
44767642
16492560
78358670
42971031
46184482
16575875
40609637
5406103
71963330
93628664
54207733
96648400
21596733
7620205
32167050
57086252
41930841
72626291
25681596
50549077
57396543
21105082
89998568
19096416
33349539
96826035
42850923
95948824
87152899
67266260
60526773
86406071
94952546
47521904
42935316
9780172
97619171
59614420
56219738
46140503
95266823
87699919
93955962
78353868
99108947
99358422
23293019
33673636
22492907
44503250
98309469
63679083
57034008
53611952
54646730
63436470
93668579
34226282
97189104
77782532
42795595
19996691
82819925
8574630
23320189
58989021
80410588
26095554
29791293
2467890
52165584
64351906
66564339
46798754
83805077
30863789
43572390
66572809
99380053
14582459
83950081
62871054
87236156
32888569
67732608
51341216
31216163
72427976
95491380
96292179
11024904
3923770
26073968
62469255
94734077
5226270
98127286
41849339
22963286
42963779
32454099
18192441
323072
93778075
96763170
91851719
36989547
87450086
83972001
44654703
15247671
55870487
20235184
58101765
96478316
79554287
22350550
71140241
15337211
27445336
84530559
95851216
41273536
91595562
11521051
32623025
59617319
64616413
92102519
42522836
36688350
89872747
92862341
69052368
28355079
36805397
88004023
46808095
43022672
74657368
34541604
23808594
29915354
84172543
86946470
9745605
36479992
33745979
53212883
70897474
88686634
88808722
60807734
81174370
46370686
71810205
44066555
27555298
73153486
40367657
9018275
61481579
23494278
87347011
4436263
36689324
27747853
95137582
44927706
67446713
6132521
25318856
75041143
5916069
95294891
42697941
99599070
84690756
80974968
49840125
40346786
23575521
40962782
89510712
80202638
55597177
5275450
59159964
79112307
39688610
76304395
177113
28056675
85719482
41488622
48017250
53893999
90922398
76441241
254352
29704806
3137970
23659634
30169857
23795939
59625290
56718081
55352432
70130047
65935482
1306699
88628954
71343832
80953766
12573808
73115809
6072620
16760023
82886340
48370936
69408194
210713
66587614
94476555
33805425
39700766
7385342
48533081
52562943
10785076
89712389
79363111
43775795
16620478
70981173
29158084
76351513
86603217
5440540
68271964
66463993
81070986
85198960
32705995
94036434
60671162
56745521
67903390
8309747
7044254
84608150
49117126
91953242
30479334
25611175
22735037
46563948
73194546
9099425
11877099
11803042
39254549
89810268
31519587
46532021
43770889
22834859
92041054
18293858
97277550
46161197
51713635
92049554
10738531
26994097
13795880
31989376
93791505
88347915
12258274
50354101
51581825
64252089
949929
6171748
78440558
72688137
7196483
36763597
1073007
96262219
24124332
59401412
91718437
53879510
66298640
75624446
42440738
54016234
72015267
5177551
63448988
13828069
62478966
33183588
39294431
63143258
76157542
24936835
59987247
3707518
38651968
64793876
87019233
34686755
50400333
48365140
88564905
27828205
8057036
82580267
8770974
73596409
63426506
16036548
10453955
11235783
67766988
41695759
53223662
90171988
35605057
15988072
104102
16966391
15181114
27382034
42445791
31972273
45813627
24454514
60625781
20622023
6771925
26311554
25090225
11206289
44296161
5248396
28572334
94514566
35431571
52192882
16504996
67772926
82664184
43740052
80959317
82826691
94039448
93970309
77915292
79023647
20612973
24586707
54796790
46342987
98340580
26638020
11438490
53771155
29272495
30971502
62838531
90239539
79963136
81248527
24922076
6548932
98565626
44187236
19347437
37257811
10228030
58086525
85997112
75380882
94134588
60205168
98471158
40595413
72189883
73535902
67493482
7838202
19480640
28042917
80836694
22359443
97143428
63038505
15042439
76431845
93072978
82451567
772987
18236765
79877044
2078437
35884164
65172992
75455701
85847336
67014521
99907054
78931681
92513111
39759051
81066640
66167140
31516872
21398347
56631414
22981350
46092660
78035884
17642603
76690667
71450090
32186552
39265867
72908536
79829985
39988211
77235361
68021444
37822279
7476980
5573038
18289109
37039870
81147625
64186716
8470947
75645723
14499797
12918546
81238467
98079509
18846653
77534521
82098100
44948424
27713162
54201401
84719827
53430510
37029502
20643727
15821561
27904009
51799931
5478544
72039381
57795319
70313419
67633090
40534524
88244529
67525259
35277767
43284277
91293157
34392232
54065872
30903023
76699104
26516580
20964820
58982112
54824802
23559020
66115167
59196629
63794918
26971998
99007637
33147806
54070867
94419883
70827640
38524743
91111909
23811761
24865920
399547
37930038
89228004
31371636
83043398
55830685
49698813
5425974
63415504
10872745
86083218
32585308
87605823
28427605
79611177
13108157
11368370
24828699
70628444
70190125
99931329
41500832
23498126
33939967
51495689
62822497
2524831
31942430
42620536
87127463
33005221
26393570
10599795
59248006
64921735
77337349
76526071
33095528
71093332
90272353
40379174
90514778
73923791
19347725
50913985
82326857
85080604
14019653
9055600
35799676
1928559
54685538
69218902
62606993
64335028
31532607
70645444
99959574
49985807
71000196
81724289
49216354
31443097
79649941
23257882
41549039
16950099
63332885
95725615
78136690
70995182
28322471
97501478
85626570
13351215
94363082
25771001
7072851
75353566
73337204
10814731
54948900
15855054
91820569
79283349
41006010
9309887
2920451
17031790
89495177
19697998
30049152
52819331
66822188
77142365
26546830
91215320
19003274
45335255
39216059
79673115
61330063
67038996
37713877
80846682
37856400
18328447
38273126
20254847
21794347
75737674
67482052
9719885
30158902
29563046
75136619
74302079
83254364
93491799
54137585
93611787
69468143
18357119
3034953
64516557
87783277
8788104
54240383
685756
81684573
33513342
93380445
36939009
95628023
78266763
