1746
106
827
115
87
582
994
196
384
235
93
361
680
409
938
403
108
691
351
190
917
726
52
38
875
165
790
840
96
160
700
167
788
896
276
405
183
93
94
827
753
536
41
116
600
169
378
844
885
558
235
321
507
111
7
108
155
573
556
668
59
18
98
750
551
242
704
927
287
740
88
326
50
428
452
265
691
391
725
609
647
580
489
814
609
173
87
31
156
887
773
305
366
805
540
238
67
719
794
20
455
749
522
523
634
526
333
683
702
588
114
179
924
940
462
244
278
761
940
429
341
615
569
907
990
430
194
653
843
731
261
63
126
908
856
375
182
826
976
167
700
782
505
236
72
392
518
253
379
998
325
480
722
657
405
882
581
241
282
999
596
948
35
86
266
132
180
187
991
535
756
659
117
273
856
1
156
521
245
334
965
729
320
388
431
108
776
937
985
1
71
909
35
632
918
98
954
376
275
73
428
574
630
592
899
694
89
469
916
227
690
520
961
534
731
454
770
252
690
642
70
419
19
163
415
603
380
915
823
86
490
472
886
24
550
837
935
487
291
531
753
922
654
210
526
770
337
466
800
47
221
873
785
214
687
106
638
703
881
253
264
834
68
504
55
500
858
35
84
386
59
303
179
818
136
474
894
329
830
421
298
625
701
918
479
398
424
697
924
486
362
504
686
858
824
632
412
204
344
336
538
921
10
439
901
127
292
761
146
219
642
477
353
736
836
186
92
854
308
191
699
349
50
996
326
859
888
666
622
954
222
808
819
612
846
923
819
587
817
437
359
47
570
265
639
435
7
720
958
651
110
7
824
256
310
308
566
784
676
158
1
634
713
736
584
118
23
224
266
783
269
217
897
926
682
303
753
446
249
484
218
832
361
468
69
843
220
807
651
954
125
34
941
426
567
612
468
237
786
233
845
137
823
857
231
42
338
240
391
519
111
758
46
622
158
852
808
828
142
351
683
231
707
56
346
374
170
162
778
385
835
741
117
169
280
149
808
786
425
684
641
582
818
154
258
782
116
326
973
913
72
164
914
705
763
728
423
392
144
627
628
372
873
96
59
359
907
535
639
127
895
496
132
294
182
221
670
394
591
702
377
175
13
132
717
888
901
863
230
909
407
458
189
323
351
634
61
304
368
403
193
527
556
506
1
767
121
368
86
257
457
704
270
596
3
721
101
906
848
68
798
828
5
474
35
166
163
654
429
657
490
327
371
626
69
223
478
295
806
923
780
532
543
745
344
154
463
218
832
591
320
145
832
153
130
7
618
722
78
141
619
223
284
739
360
786
354
643
589
923
518
864
244
277
923
221
490
249
354
857
729
954
826
349
42
511
116
976
197
126
876
368
151
643
60
58
735
182
244
421
139
977
944
588
102
490
780
664
249
168
906
15
672
517
453
745
522
774
577
3
549
302
33
479
430
447
784
842
900
444
410
726
334
126
84
522
265
668
344
172
136
751
70
237
55
248
587
351
85
747
130
101
114
646
46
326
281
40
635
750
114
611
528
327
42
483
224
872
462
266
320
952
64
795
215
371
354
309
406
916
500
791
511
790
442
422
725
593
492
259
877
82
568
421
113
648
606
453
852
399
490
303
555
683
596
711
13
580
344
953
690
747
307
68
723
308
472
91
596
7
390
168
244
415
953
373
269
943
143
955
163
241
626
928
272
371
419
1
222
261
354
443
974
376
713
899
694
136
117
945
252
831
201
246
421
533
537
804
553
489
253
720
647
87
924
857
550
21
320
184
587
491
222
991
674
261
195
613
271
971
335
483
991
64
818
798
472
788
527
331
393
697
460
478
58
951
258
241
319
497
33
829
390
130
68
139
442
85
741
635
730
96
400
125
880
306
652
184
482
507
584
118
602
914
133
74
990
31
318
341
681
454
406
483
38
93
354
945
47
740
162
983
491
547
856
790
926
682
436
679
666
271
69
781
853
938
711
355
87
453
772
642
1
789
434
818
734
392
954
494
745
970
62
417
289
237
484
110
192
658
804
122
483
455
42
65
624
673
238
618
108
336
606
197
242
66
798
215
375
350
216
846
242
570
172
300
274
155
619
322
355
567
981
512
268
451
241
626
523
764
567
263
786
495
945
691
308
717
779
326
462
697
33
815
26
183
326
962
901
491
710
117
726
598
363
553
52
135
219
791
468
917
887
395
979
52
944
132
367
97
603
93
947
277
734
733
587
666
800
702
260
175
561
812
1
137
226
956
555
298
280
720
70
631
261
489
501
175
907
943
368
77
789
140
624
419
698
313
693
74
35
66
69
587
46
360
111
937
585
839
350
535
329
53
402
292
766
891
641
966
240
877
860
483
466
801
790
232
273
346
751
499
929
415
218
405
119
993
173
432
668
408
766
195
772
63
350
537
378
814
59
955
316
422
909
718
128
796
569
116
902
387
375
721
644
431
849
43
1
914
779
739
919
713
913
663
910
784
435
243
370
619
803
896
179
796
681
15
101
143
595
241
982
500
285
731
682
602
660
588
614
936
488
938
851
482
957
844
258
584
535
1000
461
625
120
916
930
543
298
129
759
196
668
47
788
591
606
296
178
105
865
779
985
285
359
574
241
324
246
836
809
97
362
451
306
648
5
322
938
88
190
561
594
108
944
276
381
583
745
253
942
881
29
773
347
539
695
614
363
335
814
998
292
555
549
957
885
225
215
804
362
534
308
573
876
470
951
505
676
406
96
176
132
843
868
16
947
34
546
549
157
261
410
605
346
615
301
460
947
682
909
858
761
254
488
631
651
185
750
536
397
785
676
354
336
361
100
249
640
312
857
686
509
934
794
688
424
993
577
642
803
460
132
753
734
878
332
206
366
798
782
768
273
728
998
354
560
463
761
991
736
116
209
366
967
75
282
98
377
914
244
970
382
697
342
483
637
609
907
977
267
998
566
603
544
145
977
468
666
471
743
153
105
127
839
330
578
441
481
283
554
843
80
513
593
159
577
256
257
70
425
792
446
501
159
587
935
879
931
604
270
153
360
936
495
510
491
399
303
674
712
753
97
563
100
372
163
226
146
343
576
59
679
400
615
273
802
478
750
781
346
211
754
182
409
1000
171
958
932
351
957
336
606
62
918
630
104
692
335
276
513
739
537
542
524
590
437
743
548
230
962
95
744
38
412
357
630
102
756
211
124
336
551
893
731
752
519
916
749
814
577
701
422
199
567
476
768
379
701
540
436
456
918
115
66
938
151
812
646
558
291
622
846
38
592
161
228
821
890
312
408
420
157
928
856
494
37
830
171
5
61
496
6
51
370
42
638
279
897
191
159
25
478
974
961
425
99
984
148
23
125
91
248
710
698
272
276
743
51
210
919
690
713
343
165
435
513
317
276
818
121
577
543
898
775
484
867
247
182
61
769
999
971
674
739
757
869
439
384
92
474
39
172
262
271
748
527
54
262
81
874
259
204
642
895
28
222
440
428
595
452
540
219
805
232
693
653
288
25
112
617
130
463
199
960
695
870
562
185
512
382
34
209
846
724
863
216
219
500
628
297
800
313
662
939
855
608
286
180
97
809
873
43
766
339
201
409
874
600
316
861
836
8
788
771
862
42
914
997
18
375
953
233
697
336
469
803
525
797
341
155
373
165
319
249
951
672
89
181
30
593
589
496
262
654
518
495
393
95
190
359
917
756
611
1
491
825
990
768
245
745
409
25
728
898
378
177
651
86
243
334
693
611
572
215
62
383
918
120
216
183
547
40
377
911
66
427
886
233
367
404
689
332
816
799
939
799
871
645
366
569
728
591
728
522
968
746
83
533
67
329
579
817
803
381
346
974
582
800
515
45
495
719
802
36
211
172
466
842
590
713
311
615
648
920
788
121
597
303
745
607
237
910
36
80
518
374
549
729
296
727
593
716
708
229
462
462
972
721
802
58
615
435
377
453
501
415
19
546
776
768
406
97
117
663
540
108
358
122
975
558
280
1
135
897
287
744
