1981
80367652
73438004
64620034
62034701
5617497
57949523
84784313
27769874
85454631
77706895
22380321
31375061
46562234
30713096
35069504
44810421
48152412
99251058
51265083
26657536
26729698
34940207
34452313
1873846
75354404
62974289
74046192
76946960
95678192
98019851
20434087
34562943
59378485
18682554
23705687
67059865
82980454
84470951
4465782
79722682
97389583
8708750
86379957
55379301
3279823
54819691
35818904
9266199
62230918
40220397
95477176
29271375
90939710
38763438
82675864
6517073
69375879
24888847
59689558
38100815
94680806
95913797
16087568
34922762
83810517
39296174
50569764
40999680
61656604
49281860
92246095
73770916
15874930
41649782
80508635
78082649
94920061
28935003
98087978
57123141
72502932
78458035
53652509
46436901
25225334
67821346
4662476
36018493
7106361
21886287
45342526
89331925
42407797
96285119
55063377
55007192
82430816
39000774
6758758
72992495
69937459
99478562
71464487
55139529
6405930
66512446
96057644
12495533
30301883
98533550
69815926
94314061
1749393
34300254
1343123
37908334
24345032
87512845
14310252
40992523
76210086
27378550
27964307
10177439
52180972
62906701
65719414
49543561
56652106
71575162
78998460
71281618
78324299
17274641
32393062
37670881
44852337
1326935
62207170
98876955
19364001
5052132
2845502
88864699
11805963
85861078
54828467
1482366
7893532
84873780
34542716
64850107
46723000
59948368
20351372
8380085
56733980
50001822
19859666
4964784
5907818
74221980
66433876
90561371
48935623
77601079
31102621
1399745
64310022
4271509
94389995
52628672
37727840
67391847
16727854
62883810
83131260
42663117
42298140
10604346
7364422
32403106
90849460
5830547
18757707
40943340
36844332
4335972
26929166
34647431
5458990
29672995
79872779
82918970
52270230
55477473
42422371
21339539
23528253
97039137
88646124
82846503
4099776
82125723
76949993
91779630
43107160
55365399
20062503
15344179
19098490
18503762
85058567
38233554
4795987
94385913
92287339
79326246
37856181
6209074
85222263
94845623
1277418
54302181
98486812
15842303
52370841
97359276
57987949
82453045
24854096
36196262
9146134
24756973
67915079
98477948
9665516
18134220
50672030
76516967
58788065
34149566
57965066
81132922
70917366
88270347
18641547
96241195
40177604
94373885
55925590
28061424
67753835
48305558
13970499
46084359
86174288
10898932
82149980
52815614
87685413
92507778
69590927
7630687
98742795
29036642
62501135
56745166
13072739
497089
14201344
54373338
29082130
59899544
47628260
83709877
56686110
72329870
17298408
33062669
40578312
46845819
26994750
76440654
63507299
84616474
40950124
42938272
3130576
45725419
15520517
59425140
44738868
69112084
17482360
55713642
68238044
97080234
28200466
52330341
27102243
2791217
95442154
59204178
43039356
51365376
87165382
45186246
81253822
86067950
12985209
23704059
54494547
68818388
42172364
28856213
28139350
76771317
66860724
74417414
68235267
48928001
4743604
95735739
9056986
85899588
17054869
14693231
20243260
73020384
12493097
18186768
26511260
95359609
33236848
14103310
82338947
71476536
36358449
23173001
42678750
28225246
71338403
78937936
36882801
72380472
3564222
36002809
54846645
27393038
34694838
49622031
19966265
74880529
23820289
11058131
23191134
83218734
82985644
17053087
48914098
17409363
1443055
55063111
43413196
39219003
21123238
40617758
62336999
24962740
63769064
44004301
30206426
91885561
85163235
8902380
39168097
28465215
49215002
98737464
95944801
62599639
18097486
59022070
77439200
20701512
82001081
24676806
25322962
71976735
61371587
12056606
94985321
73401655
23793840
48062798
79452679
72572494
85233103
82936454
39020590
73014048
68686862
98364551
20576231
58275660
74762984
6665902
29938024
17235877
47510686
80281611
38728319
22667161
44226997
89606062
39400483
14221974
97103969
33072386
68377675
11884817
14192234
13567228
77304935
9335976
74067842
35777923
28370588
61629704
81978950
70869898
76157790
72715575
81467197
49884268
45779424
30780186
55074495
49512661
84060535
63212189
48780944
95813213
30866551
37000484
14148945
86416150
69893352
74919567
44646554
8474649
5188488
85167711
60390499
28378465
47764742
18950025
48597522
41397045
89269918
1453152
15924217
47082854
57503123
27379678
26349948
88648440
26211501
97635352
74644782
6591022
13315819
76424014
58269244
12479591
47754705
8458251
69598404
44539468
59647580
44292738
80334813
48137379
40581469
78961687
24194001
50169567
39537054
97850183
1463011
65139020
16552636
52740120
60434029
91701753
9434682
31886377
50771897
45608113
45410787
41399804
86374966
45860693
15062286
320561
74038290
89909100
12742398
89577035
10049617
50180256
11775891
25151420
36760406
29741110
78442131
35549348
68966771
35409539
89852452
46983543
37986947
52035481
85113791
94612837
63569563
62697694
62761286
32400663
57226474
5725572
164575
77088438
67522666
10586764
82743770
86352880
64728355
7966511
4436401
77042248
81823103
82632355
84106781
16808867
85552117
90514783
17182035
32936934
26842704
74915958
34997333
18790910
12719872
12879631
47115274
40659909
84362218
44464744
62741010
67592984
93749082
17576936
44804190
54102729
35256107
84360001
83828084
75445462
96554238
45896354
71438154
72525082
93245558
18344049
71648600
5384588
3814990
59359978
2643686
68673671
55903784
20753938
38601087
91307790
99494236
13777194
37424122
77932835
54823498
14273081
42525430
90676084
94922228
80335850
68862623
76586193
25344518
76630010
32915395
5401708
35662491
16773107
90541435
17202455
73342694
55815022
84810388
48767929
14110460
65440490
17674324
18782904
31274039
78231572
95735078
53658717
31149972
62416713
38805418
29006500
19451934
31320660
73394581
30736733
37685939
67470034
48831600
28535057
68651909
63620777
91264015
94162288
80766505
55347704
97285292
55465221
66265106
20231919
60559116
41059864
56376432
65240657
49980814
23339890
9381942
76822686
24345467
61461775
66636286
32255291
56320296
64916036
80369514
16986512
39447019
75757110
4562499
97351349
42081337
38708617
39208610
4214532
11679852
87753278
39922807
22037352
41787869
22649887
43387329
96195686
88612194
36979462
45546164
36416414
53311990
3087055
24311553
3664535
56474864
70905984
46862012
74484425
32521130
69583802
95404716
34621208
71478623
64129766
8452940
23458325
93998775
19811016
21835851
51303223
9977887
37128571
81442737
724862
75030899
91879547
69842654
51520607
35476134
40892258
49444934
28081420
99300055
87784213
34188381
27194330
52941537
28417646
71200859
93738523
84074879
68509027
34838944
84894763
21099249
27296577
20750553
71578336
65208697
25336476
60443901
73270010
4575774
25425185
14940711
82929171
98206406
95795935
99177498
27770251
52920593
8877058
49274523
48106441
81711540
84151247
97205839
55420305
74248611
23930412
80391190
12960376
67534719
82091289
15779022
80670350
43707370
62747974
16591540
90514270
21851563
49178196
5842246
3093260
61898646
65963526
25046093
11195902
43421610
25010755
90109727
31875047
10325763
16254644
73854896
27896735
49246833
31327316
16655757
64715231
6201495
86274261
32239705
56478238
94727079
91097412
49315033
58634287
82244298
73403289
16524264
7648934
40450646
89502968
37591430
79675095
77584496
79399927
71664395
48433035
73749664
46266119
33256173
80738904
1830519
59729854
64997315
23350856
90621055
49761265
98666976
97135732
74294352
70577372
90951651
94015506
54187724
80858661
47622565
72003005
42515069
47387014
95319161
78941407
15462468
46067461
60903440
91458691
26908838
97311123
47536768
77215268
80886485
16151292
44693024
48627421
43824047
52720122
18709777
19895806
9289486
65475446
62661394
5884195
75269494
57033203
78996675
91009723
87708634
81884324
27968535
84629964
76043261
51481128
89466571
39123984
6571825
75581410
18106030
49328526
31639663
58077907
44848440
68040966
41798249
62221080
62657135
40912357
70303991
17529001
98757178
51028983
61702330
40478301
28679082
30148042
27202914
8548808
93128974
15207085
33048342
17882135
53387600
48868661
79945084
59614541
83502904
91785175
28286208
65004786
88786666
21462792
58553277
49727491
4389404
93796931
38874827
36501099
3538577
23873850
52602724
16629269
67191906
49164604
60185141
53576026
6973272
390906
14723402
10156485
5710158
43295397
89360900
13093916
75298936
21261981
57109187
14547108
81620143
21192971
10989430
88718667
85797170
33332763
81942401
97118156
17072145
79473057
20559161
72201471
93281517
32085976
9202392
30976891
46226064
91771297
9398221
19252697
46955537
86409581
84609843
14821658
12322642
54788661
97027629
65984477
82619720
23981018
41049003
57272826
12754191
46106036
22320293
63521396
7584788
29219711
22524901
12234952
67223718
61938687
61854138
98129631
2705764
76313933
71877548
84400518
22213068
14679952
17864735
91549217
77183128
62479025
99272796
84631641
40955328
81021138
76644043
95890769
24916688
77671963
15471360
15897236
59433884
98363782
90543686
85990720
72679267
15249235
40345885
38489188
74870842
90620166
81694672
24592844
85577107
55921516
40418976
80741783
6675030
6418784
5105003
89670168
41673981
52111126
7041281
30566452
15627770
75073183
23628366
28758197
26704224
54340405
20221188
14740771
44161278
86507442
77452467
5626388
6781391
18317930
50977146
8248022
49299059
52735337
18290702
95115666
78077721
89464520
14407475
34688704
8780587
50370016
6465203
60709992
15991467
37641205
67512551
47588911
2758509
13989812
94005985
64671661
44462490
58312458
89359618
90718888
2159515
39941516
52317131
90500867
59489933
57415672
8500917
82675166
77302873
42702998
48691031
62193994
84320057
65552276
44301739
54045440
11543737
35376532
8431381
30092991
65903436
83404810
63188141
63934289
25024106
62711090
89335613
77903089
89243905
71837180
86587117
96028051
95074253
33316324
39662321
70382921
71714396
30596327
90765180
11027310
86488341
54128376
84148847
59111030
8458384
25571325
27494509
18452194
15203796
3252805
72687709
96581305
92581087
52172050
58977291
42497960
96561724
77579564
6465929
95776358
6518280
47089889
63682349
80815451
54062262
24625891
28966788
17835206
51303951
44819208
55132885
82049395
9733175
69639152
13137388
8881065
49620553
49084547
84208626
80855231
78547590
79531558
610821
29780792
61740319
68408359
38454699
80233038
9653644
73305129
68761290
29066096
36185654
10362175
85940024
51554397
91609092
13415055
39795109
55373467
92570451
37584914
9422793
10896166
36743135
19987447
63285625
30388488
35966935
12286834
60967751
12999868
8781166
4232640
36439138
1778266
53303240
60639002
68360839
71293969
46814611
46097377
47166107
31970127
37038967
99738348
96156114
16185159
52778472
14963434
68412337
44160200
65286748
76412275
7879486
61810552
24147088
884319
1662005
74857352
68252671
35294295
48968293
39612962
25708684
89601368
91203990
11875373
57486421
43482652
55169270
64770493
83708826
78103992
88723361
32151712
1378868
5039442
63426463
8017268
87060693
12219752
19596863
21253343
85916164
88783830
21909667
48667756
68990114
84465755
87706425
60462274
73461154
773266
78234982
94519472
65644445
56248194
50577115
15957148
28792064
89014233
2841474
91416550
48172641
16949575
37927461
77498085
83422714
29407678
64446643
50344863
85680658
68243475
80253932
69932367
10370543
97707265
43483013
2504828
86714620
241743
13945263
50135528
42531266
56663934
95815972
54301095
22370116
43966646
71275955
94758206
98946818
89660121
58906054
33867750
5659955
33539164
31721989
48187778
82538709
10601788
2168859
51600887
94334722
55347296
99768793
96755145
62950219
30536145
85080903
52118149
5067660
93361233
3542434
4913603
53355819
55038335
19494271
66634465
53037343
21060060
89743873
53947818
37007597
61672823
78627293
39323184
44910739
85305349
61773579
92451330
86964495
74069551
33477279
34334111
47094799
63123802
84175140
55711287
66298618
85472238
16133361
47326921
67900107
71338744
60046392
63283637
54364988
4825532
10933657
46489119
92013307
73172633
51076645
72856844
59478082
53815658
91532699
28646028
98359993
14916377
90711840
6547595
76453003
26384656
39910359
36407038
6944967
49632146
49588418
37954174
76455339
59233467
61833595
34142263
33394585
68033138
16320734
24000749
59017199
96583625
16093017
43223814
34404184
37209044
83794599
18625651
78326098
17214978
78730570
11948044
60602848
83352210
85315576
32734967
15426995
41083370
63621725
86563810
42583748
34689048
69439324
80907856
20320193
82135829
34741616
5797127
13784012
72626547
19132677
49619595
90458785
45663311
83775494
87167018
66345317
30176641
21551478
99927154
53950857
90755675
14750915
91483088
83723661
29829441
34963526
7840914
75044428
11105095
5858442
73066380
39862908
96070188
23824446
14712460
62172789
92682655
47354048
50409631
52107510
92075370
7853907
73908855
95249295
65853118
4987771
84332650
87429054
10116478
97843322
60408632
28728393
86944177
20940558
43424889
53313823
81000496
32380066
58691579
15978742
97212130
29160815
53110180
96413858
4490542
63169898
52667347
38632964
87208894
4207111
584094
81053488
60874920
34444432
26071451
71031530
78504961
16431538
99621081
81534161
86660217
19501947
19249918
69139569
82617708
33067072
32105461
20710431
30571853
12950591
98549390
67256753
3809115
72200077
71268854
67713485
59541894
7026389
82650460
13856332
59657982
51807950
87126012
10511245
65072969
84249036
52869405
93694302
66595438
60977163
98677343
77256554
92845651
93616343
88037308
90522546
4479460
3685342
62171333
77452388
93696814
93133359
14676641
8729875
79235545
92630797
2055658
24914106
42236161
45524764
861746
13545422
90445048
4389802
69233231
14432347
40922166
16367441
11848755
66699682
69454854
58228530
7010765
92920670
58507395
8441686
45780506
33524905
21681797
65329947
82116921
65985244
54787680
691433
46062579
42498818
56384434
93732130
13907775
36315260
78972135
27481408
41432933
18283018
46198612
12273406
98287615
23157666
33517088
63012152
99202859
73120309
63314764
57337487
63250036
91531844
31060467
81239087
75696647
22131356
47435438
76622889
61438519
43371460
9875973
68620678
18992148
82882796
24449765
40991970
97089231
59947730
6780438
19389151
45911833
56680519
60330747
96213561
4342908
59003662
50982085
13700100
26511583
2436430
63247564
4702189
30891869
65663510
53902460
61787208
30401722
77118926
73513648
37642113
83638785
69558712
58615487
61262971
16104791
21349562
17695822
38359518
18695101
37476805
61286892
89797337
96262668
80255742
33737796
60984343
19022601
30496617
13698029
1504539
76371406
21574124
74675136
34045416
43027343
60342700
66551515
58111812
48840551
38957625
42647637
43428152
37576465
68589265
61634468
76836030
8543477
38768469
71019684
96217720
6619205
33575229
792805
69999572
77806555
71993468
13664659
53683521
34229585
2335137
23164434
4391305
53442312
13602353
27884392
75942223
78105905
70642533
98080238
11345179
44022374
80620839
5778
34788712
38048430
59047145
49661724
98868536
94143434
73856907
50425266
68287260
30443607
45386015
39779896
83746902
14926573
83594570
27485891
38262094
99042655
67563741
4559387
44185796
91779568
20183289
56179914
10693150
32412426
66739368
36757836
4684220
60610209
66224961
81664160
85575518
53819932
78271098
90641617
9855561
11790575
53315382
32198775
64739842
98317176
61525353
47859283
37626819
72659748
84824135
95615883
34877989
19648415
84410897
59326567
26218254
77610516
60488179
28266951
39880410
29247066
854094
99508580
95617571
7073245
97916523
8449993
88834694
99280074
90082643
50560778
79719860
95447343
63932435
20821480
73131952
15436490
11229917
17789147
9616755
43160824
55829034
24758913
40065739
94466209
32480946
2899393
40574534
78586345
15167013
7605633
72376598
41558914
47665238
97586034
80980774
81587436
84322685
25454003
41857415
73877415
88957003
56837018
57464479
18166653
48865480
46675171
34398309
6443828
96088899
85706681
59780651
68919301
56546025
19414798
29150083
38445038
14072144
74450253
52478746
86495085
67772263
94016779
62468977
4253136
87199422
9732379
32255708
55480924
39196827
15392881
44505183
95636332
82333536
29959712
27309365
44581361
57792508
61683368
22028352
35962207
622828
58704628
85722460
44432365
86268174
83876127
56260325
88049046
74912885
75692048
6411901
78407542
30449727
92160238
92225731
79565250
32054962
36176364
10894220
19367370
45868361
12967077
53855687
98766784
86167198
16631212
96015108
1861709
93567680
95801994
3143880
6563559
26767272
5087466
54906956
823620
66604641
33216943
35582912
16674698
76295731
78023294
82961452
25128493
19617643
58380554
30347893
56764952
68128048
66838965
24634319
41216453
67051362
45035258
78576915
30705229
30906230
44273036
4220496
73785254
3916973
87152440
85555769
12130329
37990025
52633002
10022621
29691514
13716579
21722344
17598447
98358206
82032246
38074723
81549440
82431304
16063024
8224573
73033390
22651678
63917598
65820177
72070088
65630934
64492618
39011823
4298414
54922068
41568574
31477744
55585595
74314494
93023225
15761519
32247462
6590754
30394653
12246177
59973226
98150925
67586754
17775346
68542084
87907699
6723063
81936941
1944950
43051430
7375437
63995648
31019161
78618334
18916421
47319524
11748782
5126539
99603683
80723731
48876629
39272736
62584359
72628316
10260409
82224990
36229260
52457761
5657624
43903028
38620992
89317839
41994919
21583697
9332138
88528519
63526350
15228275
10402846
10725882
7882559
35588900
1567261
87059863
50453185
72488428
51397226
72919635
33758044
31021000
16505573
78857729
59979253
14972133
78427772
13930135
84090447
27721400
31725958
39882544
21633549
45304702
86086159
90137205
67466438
32827227
34879302
47328840
82747692
92251021
64255337
32693690
2539392
78043093
98628500
16237076
9952314
49545438
51912600
54410487
9916672
44247113
2445992
51997806
51862486
36298954
36233931
21745731
43976535
23152245
62689364
87854849
16168026
45409181
86092529
56666356
24256321
83630067
67570757
34064741
32796144
54779773
3218154
30427419
84542909
