1447
676
742
183
194
597
214
46
689
514
896
399
814
85
73
260
362
257
298
276
8
314
762
536
688
958
272
369
579
840
146
152
719
814
994
45
700
969
804
257
144
428
125
320
247
557
476
587
736
235
858
241
418
728
385
464
66
536
655
641
605
576
375
908
239
345
45
733
332
892
840
789
510
498
684
677
248
521
2
933
950
926
33
104
72
767
32
259
543
416
537
636
698
821
202
78
499
444
644
338
582
306
862
667
849
353
306
36
918
751
928
210
810
432
613
599
624
618
20
946
328
131
365
922
312
908
992
253
578
77
957
669
894
704
315
670
239
146
434
395
66
172
516
739
673
610
142
705
102
171
274
754
765
655
810
990
582
311
247
155
830
513
600
800
536
410
815
399
65
257
376
393
252
903
206
326
37
117
984
562
374
331
184
64
750
544
296
24
434
812
403
413
210
714
733
889
800
649
485
870
329
199
511
2
426
468
624
308
965
284
47
759
84
258
47
680
852
343
536
724
881
906
733
730
884
395
162
611
978
21
93
226
928
488
311
566
486
963
574
122
429
812
638
126
266
705
75
657
140
448
538
965
298
512
989
510
428
22
177
335
661
462
833
440
655
578
254
991
692
726
403
104
653
964
338
682
183
717
900
222
164
922
337
268
991
924
402
951
112
247
237
66
820
505
22
224
24
115
802
741
580
925
177
73
606
891
318
87
448
587
814
210
360
647
941
126
72
381
228
438
868
269
154
757
972
502
399
557
305
144
628
173
388
714
890
879
895
977
626
124
615
401
783
448
435
968
794
160
212
500
455
904
715
879
479
552
482
947
538
620
180
774
142
108
923
496
851
112
939
595
413
274
198
873
850
419
283
558
12
439
727
93
236
214
668
793
749
34
844
373
578
872
920
842
747
568
967
20
863
672
792
129
250
689
499
160
425
699
434
335
934
981
427
988
339
537
674
641
902
751
254
722
556
599
935
218
853
918
187
579
956
564
190
67
85
691
796
881
331
591
158
188
203
831
534
467
3
423
540
290
543
554
11
44
161
575
390
266
76
636
527
573
217
795
79
618
797
415
901
828
922
910
23
356
580
176
165
479
756
853
509
548
352
80
759
115
741
447
587
200
493
393
625
886
717
435
390
417
940
227
171
534
892
21
77
820
110
273
935
97
490
858
181
290
360
493
671
225
18
523
272
962
478
968
369
387
166
76
936
96
668
32
26
336
425
223
362
579
175
337
776
338
116
209
305
748
930
679
252
619
149
77
523
808
303
220
291
990
637
846
303
732
56
280
242
678
261
462
707
63
146
532
61
291
39
286
701
392
325
112
225
49
309
347
205
931
736
920
107
583
380
635
278
840
201
39
662
911
997
166
896
261
11
494
33
729
689
761
108
5
944
141
237
946
987
933
209
579
195
879
268
391
349
497
665
754
484
417
211
66
260
901
82
164
853
966
628
956
347
817
149
539
705
48
314
223
984
479
814
407
597
447
969
988
960
413
666
813
69
711
983
881
380
338
733
744
618
735
751
249
506
224
901
166
408
196
597
788
520
733
285
685
139
343
538
154
946
7
442
608
91
17
82
57
347
167
79
564
904
654
87
575
195
197
485
44
714
713
415
334
432
486
841
291
186
986
851
774
738
562
328
946
531
830
154
831
86
573
365
442
704
782
552
578
820
210
362
647
658
544
91
818
261
304
922
917
658
135
203
349
428
38
983
720
384
541
988
842
856
366
172
721
533
402
935
837
947
54
314
937
445
291
797
296
883
207
952
535
642
428
540
356
558
375
240
554
448
159
39
155
849
406
69
450
665
196
248
773
868
573
988
981
875
241
704
705
989
144
233
293
103
569
362
288
912
2
872
968
160
871
668
751
593
823
672
499
653
482
641
290
414
880
672
387
986
577
447
771
490
996
142
932
588
639
526
224
558
568
552
625
238
325
187
733
765
915
209
69
866
50
653
664
351
427
798
391
750
389
173
985
694
821
463
902
800
39
798
132
730
331
877
978
780
17
672
274
213
866
960
40
989
193
713
936
206
751
107
876
392
719
870
971
686
415
750
136
975
515
782
106
561
640
79
295
982
422
835
488
265
556
814
852
333
543
91
702
107
265
671
102
543
219
7
820
431
42
169
12
690
825
660
127
916
689
130
734
946
761
254
54
66
48
380
973
145
484
546
312
741
593
62
25
857
570
91
440
457
695
686
361
451
38
390
174
320
767
287
238
369
159
289
403
259
401
697
674
939
524
562
460
807
866
587
171
872
315
616
8
470
414
513
671
395
321
696
717
621
630
868
990
38
714
581
4
590
316
583
556
45
490
592
219
388
639
390
355
84
907
567
689
866
770
330
71
203
832
41
185
52
814
949
38
656
945
222
974
946
869
63
989
808
245
21
582
320
593
601
441
6
190
471
157
90
452
582
919
295
881
760
274
267
911
795
780
18
133
790
308
890
452
207
943
352
598
915
646
837
797
235
115
953
464
118
45
360
518
556
656
113
586
529
129
230
289
87
375
400
784
391
523
344
112
233
502
323
637
53
248
582
68
472
976
870
977
783
914
120
978
85
40
584
648
767
391
548
530
388
656
163
89
806
531
11
883
669
648
733
28
300
692
814
472
404
943
625
580
237
176
241
633
841
170
92
977
327
866
446
646
752
367
100
717
988
236
16
600
575
519
383
136
814
147
185
27
303
308
127
72
913
649
101
872
954
207
505
560
706
38
119
620
53
482
919
620
303
804
711
616
573
187
856
780
596
1
304
863
475
877
832
292
699
64
337
736
55
131
528
29
462
272
50
903
95
613
535
807
904
495
870
425
336
955
640
807
525
103
148
100
547
625
449
159
766
55
289
358
190
752
790
309
898
29
532
145
710
371
372
660
656
632
480
845
142
191
55
473
96
989
360
974
910
616
909
291
811
673
710
631
527
989
675
833
846
519
28
370
17
545
712
341
483
585
905
6
504
533
838
362
670
862
924
554
888
691
733
81
5
457
564
844
603
11
592
263
761
891
781
164
93
947
246
945
269
239
532
478
82
504
315
73
620
459
357
387
716
825
502
754
69
651
760
76
274
555
688
679
214
249
727
565
675
56
826
432
305
349
44
346
292
770
219
520
213
984
655
34
931
365
869
6
573
320
498
82
411
972
454
359
5
633
490
601
620
935
1000
724
686
1
496
529
352
1000
365
753
493
633
647
650
716
763
269
19
306
114
707
418
499
163
329
634
50
117
772
315
885
876
100
816
449
663
293
790
392
303
965
375
471
911
745
637
9
51
521
483
511
10
621
726
