620
29
439
630
638
100
457
677
540
206
5
580
733
1
735
928
444
355
39
390
625
790
859
598
606
260
80
559
785
865
943
828
189
877
7
563
488
189
28
858
290
122
513
615
736
569
560
440
848
469
628
272
543
520
403
524
219
820
81
175
192
509
515
66
180
623
271
281
849
381
315
63
677
201
100
116
600
835
852
28
287
635
355
788
799
56
553
842
812
487
614
173
749
594
674
944
230
705
793
283
398
368
87
525
371
515
25
52
784
776
729
330
489
247
303
660
213
586
753
149
972
318
222
525
957
691
307
18
533
763
751
884
732
262
358
625
1000
928
815
36
688
73
1000
640
85
299
135
473
786
680
529
317
543
565
161
103
362
261
86
885
491
211
392
478
802
880
714
668
259
853
876
994
513
446
676
319
562
219
811
355
228
274
697
711
936
583
483
897
958
316
624
300
702
18
732
805
394
698
915
886
676
91
31
44
718
74
511
481
264
214
500
685
741
96
731
734
211
116
48
938
367
684
909
943
537
609
771
586
994
735
962
108
390
928
204
211
131
286
315
411
582
287
599
978
966
201
657
635
748
836
71
423
100
709
787
707
156
299
191
930
493
853
240
690
705
46
150
264
626
163
16
749
592
388
943
66
604
156
39
120
15
194
285
682
385
682
990
965
393
8
466
187
711
870
738
362
883
347
445
474
857
981
330
752
832
489
896
369
178
413
964
636
438
171
522
756
73
567
752
517
340
678
384
648
167
424
263
301
863
455
530
939
1000
800
244
993
258
574
65
253
12
220
445
787
613
301
572
187
745
595
52
376
634
289
582
855
774
451
23
227
845
960
655
254
674
803
567
625
328
83
584
461
738
871
943
71
102
735
705
139
447
116
896
666
929
89
871
830
734
251
24
384
900
499
605
737
350
305
802
357
995
295
111
742
321
137
957
871
140
328
625
454
771
778
342
419
212
247
77
637
580
685
831
353
754
874
695
333
410
901
215
492
499
470
36
232
925
966
238
27
5
880
439
808
647
395
77
310
436
533
559
174
719
161
160
40
400
108
429
955
31
627
94
678
806
852
70
391
610
837
452
346
10
396
649
338
809
904
194
340
326
581
979
136
51
254
85
982
98
889
889
671
675
713
783
782
565
22
443
621
28
600
253
437
853
407
232
511
858
420
732
618
383
112
538
299
110
310
40
414
949
126
605
429
160
285
748
808
252
358
924
616
538
607
45
974
438
457
941
489
122
39
654
504
196
896
300
785
285
429
359
661
326
29
507
124
138
78
782
908
916
892
715
936
645
702
414
821
297
236
895
258
304
858
195
476
58
151
488
228
454
273
127
613
981
840
842
952
812
391
651
9
208
521
771
415
884
172
171
203
491
444
976
788
240
446
629
515
698
858
860
454
952
231
602
520
838
130
245
451
273
