3408
184
69
31
291
356
937
909
390
685
726
372
670
198
218
404
690
956
358
581
776
178
999
201
557
906
368
327
496
366
552
694
395
711
992
550
767
149
527
924
859
473
184
119
820
819
260
752
774
859
764
286
178
483
345
953
949
805
459
65
668
893
124
922
738
773
873
568
315
491
931
281
581
346
679
833
840
44
352
311
927
557
533
243
31
720
511
938
856
878
1000
459
210
247
529
691
926
143
312
999
888
984
655
326
490
232
634
410
632
316
317
303
303
55
933
984
308
349
740
960
718
600
976
404
38
434
124
938
274
567
608
372
802
490
890
84
390
863
29
822
18
278
161
735
970
982
758
635
225
409
756
974
508
173
640
650
882
390
505
750
805
203
898
52
962
43
479
401
185
862
733
631
887
747
199
112
602
952
192
106
1000
385
975
412
801
19
809
627
42
198
118
289
21
843
797
95
155
492
831
19
295
619
554
505
730
885
692
632
943
871
607
188
269
506
755
433
250
324
420
445
885
138
138
599
27
134
296
924
707
475
418
956
365
98
122
554
282
994
155
978
536
992
370
214
821
527
98
652
333
479
147
580
115
494
444
700
767
939
19
819
680
653
116
231
352
531
92
176
121
661
947
827
670
198
332
64
746
794
26
63
192
402
688
503
627
383
556
403
831
450
754
868
577
474
234
46
551
12
450
141
560
926
317
782
802
393
479
407
878
194
387
35
460
715
377
351
862
859
850
901
630
538
232
659
918
590
676
548
861
527
728
640
414
205
488
975
979
852
356
827
4
761
259
40
630
246
160
80
754
151
399
424
633
992
299
604
888
882
155
47
999
857
627
885
139
336
400
581
209
854
901
644
728
134
466
190
161
65
484
385
430
220
49
744
170
466
524
223
299
99
527
702
131
877
512
299
108
735
68
973
317
782
771
510
973
167
215
504
150
569
269
267
22
164
801
694
532
358
94
848
434
230
352
315
365
303
342
529
648
532
245
670
767
277
37
551
183
1
358
639
470
106
705
330
592
142
555
765
252
981
266
825
451
558
277
209
455
628
203
95
402
34
223
989
849
726
292
662
691
221
930
752
497
340
757
91
999
967
422
417
614
9
906
775
277
775
917
802
726
157
314
986
377
912
315
309
387
900
8
463
381
383
58
859
329
441
929
573
348
236
582
38
317
485
479
30
731
901
977
914
147
502
167
420
947
235
927
142
71
904
659
2
937
333
208
341
306
684
967
487
397
744
956
179
81
752
301
272
45
365
546
585
772
809
854
74
498
640
428
269
467
975
865
646
83
182
267
407
848
994
759
294
183
461
343
221
487
493
890
196
389
575
390
973
554
314
2
117
243
835
488
432
701
519
211
836
372
190
584
232
670
556
706
845
545
660
197
957
736
212
278
18
556
348
316
254
647
367
307
587
446
552
910
951
754
507
62
394
209
380
837
16
262
512
513
660
154
674
666
408
391
696
330
776
987
477
171
319
639
401
169
37
777
545
914
684
834
743
510
715
554
82
707
677
575
488
986
269
46
629
692
164
706
328
864
277
314
581
455
418
229
253
723
847
400
574
69
363
125
998
569
312
911
74
405
553
638
351
597
417
642
112
99
989
973
40
807
378
841
232
443
649
188
599
257
275
887
210
118
966
800
16
769
174
672
61
226
26
257
609
639
513
111
844
227
838
652
413
964
46
88
892
306
633
788
3
111
131
936
709
774
194
549
30
145
912
767
238
318
735
62
342
515
505
519
354
491
866
54
141
883
42
456
954
808
783
229
933
499
92
827
564
932
930
775
644
883
98
218
470
870
205
9
31
120
481
869
101
32
673
539
552
886
140
402
796
720
547
833
634
949
852
65
947
62
487
44
471
337
470
709
170
19
355
361
64
631
480
591
621
643
985
705
648
75
561
665
383
551
499
226
299
163
822
560
729
471
124
168
30
498
562
690
92
22
402
994
129
737
369
311
123
110
721
755
946
553
281
679
136
140
559
162
856
77
236
936
188
404
983
589
640
476
558
69
402
643
621
985
2
863
506
981
266
601
645
634
444
792
992
131
678
16
615
410
534
691
784
448
579
684
980
995
5
7
240
465
366
891
856
684
418
478
61
683
15
797
4
775
772
989
450
21
42
482
265
758
433
491
352
148
56
876
557
762
914
849
693
765
947
142
228
546
89
643
410
971
152
158
599
142
150
956
908
703
105
461
279
367
588
254
168
177
135
639
90
821
43
396
257
658
124
555
564
308
508
686
240
368
720
914
544
770
199
133
283
690
19
600
640
155
74
214
792
144
739
880
319
206
892
347
291
336
615
822
144
363
671
786
605
378
745
844
857
124
587
799
200
34
546
22
248
376
388
775
986
841
577
111
593
314
317
139
222
764
872
867
275
316
219
786
976
843
24
181
482
59
502
46
728
553
747
391
78
569
558
456
358
380
305
365
361
6
738
623
507
476
395
612
631
365
463
256
921
264
261
818
582
122
953
253
669
343
768
574
944
910
29
669
399
546
992
168
321
507
246
120
697
57
680
206
976
805
302
449
255
588
453
482
90
546
704
993
823
753
586
730
241
357
755
732
267
440
68
151
927
314
513
135
657
981
296
275
866
925
236
133
826
944
295
135
811
279
728
447
635
875
835
448
382
346
260
724
672
384
562
629
30
631
763
55
129
578
376
276
90
694
821
594
629
654
695
355
752
895
400
680
240
81
878
365
610
646
216
358
19
877
322
520
364
151
423
603
237
620
114
374
4
621
323
142
649
78
219
742
515
440
836
1000
242
320
392
834
391
337
780
356
757
680
77
605
823
557
430
669
740
774
972
851
976
160
791
120
998
879
184
500
135
584
677
703
805
970
692
854
662
20
965
349
412
858
850
579
440
667
911
861
591
687
362
180
560
292
486
502
49
924
223
977
444
770
882
301
993
265
228
208
810
705
64
823
914
587
731
339
563
742
155
517
514
472
133
108
47
146
316
32
501
654
300
76
737
740
536
880
929
687
696
746
78
704
728
640
490
902
936
477
961
147
989
466
499
198
820
673
333
828
263
38
15
206
92
426
858
707
610
717
419
769
504
762
442
789
587
510
669
660
581
144
707
733
175
63
562
859
561
857
570
562
655
925
722
190
995
62
447
752
482
808
868
598
289
737
400
198
583
987
287
560
836
37
992
613
541
323
798
149
288
811
655
406
266
530
464
755
509
113
990
666
522
831
993
816
776
905
413
748
15
829
754
544
895
163
545
328
153
928
272
992
89
391
640
53
17
306
38
583
207
567
233
606
902
576
490
469
776
87
206
210
369
478
13
158
838
825
716
695
67
178
825
639
962
427
221
747
186
202
325
284
522
117
329
347
646
200
680
97
318
914
890
823
650
342
442
392
60
625
310
997
429
49
849
358
427
997
311
272
69
388
748
890
842
857
173
773
415
202
266
960
211
496
843
759
669
837
732
608
392
193
156
884
707
846
58
448
863
672
705
232
699
880
299
204
824
470
88
457
915
461
256
94
456
818
395
309
950
543
143
191
895
144
900
134
718
340
930
107
514
826
834
633
658
22
61
717
532
942
563
420
287
551
288
287
609
157
753
171
197
315
577
991
644
591
968
851
979
240
876
359
253
358
448
484
563
144
788
58
415
465
120
123
72
587
28
480
189
699
297
801
631
850
923
151
134
633
245
998
92
682
353
537
200
594
162
596
166
279
993
972
60
591
662
134
211
838
536
253
749
118
929
608
135
622
597
596
848
124
564
842
944
764
250
491
16
966
671
584
172
94
918
812
748
871
464
965
85
240
199
41
982
721
224
472
520
703
512
879
989
377
638
477
721
586
519
233
751
300
150
586
58
575
930
827
232
897
933
94
952
293
317
22
403
290
152
405
118
253
866
305
269
993
331
794
911
544
489
386
558
321
863
259
406
783
576
658
860
832
613
375
913
696
455
511
663
562
148
350
893
471
887
122
734
739
980
772
363
713
931
434
923
136
320
353
269
798
180
667
104
75
797
798
174
224
598
183
616
773
259
468
628
272
701
25
887
249
543
987
431
836
467
204
260
418
845
697
5
400
93
241
112
82
810
552
129
323
590
688
337
581
222
138
563
438
192
457
474
464
346
924
954
247
390
774
825
290
87
348
286
181
800
693
623
712
730
722
211
674
111
800
24
810
801
653
868
20
325
182
905
740
898
72
18
498
96
596
959
244
915
512
420
121
554
280
904
232
515
575
844
572
341
638
815
439
90
647
383
73
271
797
530
510
309
935
852
554
546
610
85
413
353
483
540
577
498
495
184
571
670
457
565
639
842
464
40
931
980
49
889
49
639
499
14
898
26
227
374
91
753
128
431
680
287
253
957
273
276
95
789
5
397
686
746
588
712
459
305
266
109
933
81
529
147
414
652
735
92
151
727
544
579
167
152
408
134
866
68
293
222
844
135
322
162
376
598
598
987
421
785
348
200
385
230
259
322
178
805
86
323
664
61
5
313
815
201
203
109
822
968
62
521
36
65
197
498
320
768
791
347
647
29
5
149
348
349
914
744
680
506
485
54
561
321
234
96
211
646
83
286
758
632
406
767
53
979
555
482
671
446
647
41
434
159
26
259
171
163
870
452
531
461
658
475
294
639
997
768
935
771
586
56
797
168
601
683
916
703
176
798
909
769
271
338
666
466
267
936
964
7
912
743
669
700
466
290
180
500
252
856
495
517
974
425
342
999
416
787
284
981
838
803
718
822
621
695
934
88
132
649
988
316
280
625
27
448
332
745
74
314
558
620
833
850
67
502
153
731
159
548
402
708
216
466
645
678
509
99
573
447
366
387
385
282
565
800
360
554
478
527
444
652
203
681
996
119
815
153
549
314
950
252
351
775
852
834
438
259
862
580
382
177
345
787
477
385
172
632
544
509
126
726
999
747
772
451
581
382
71
32
394
342
814
667
182
417
381
470
15
389
144
559
594
990
872
391
607
898
69
731
994
957
246
226
428
996
519
329
262
1
496
836
380
698
39
682
350
676
247
851
997
890
303
586
902
314
202
292
717
257
727
838
321
904
221
422
690
653
816
571
597
18
703
517
786
253
446
164
98
65
673
74
938
61
479
375
581
15
490
538
752
925
186
681
389
215
335
375
175
58
497
963
685
655
566
368
900
255
25
24
994
132
295
706
610
223
398
855
573
956
526
114
929
209
14
738
731
197
880
61
448
117
921
455
75
727
44
162
585
53
645
741
743
740
20
847
925
398
920
914
644
437
671
852
332
970
935
89
300
688
364
34
976
247
169
51
173
429
435
586
127
767
943
12
157
541
532
647
435
925
259
583
291
944
461
536
343
489
133
614
432
728
558
948
694
189
344
120
679
231
368
896
191
294
440
118
357
238
64
784
675
126
813
108
771
507
846
188
955
698
252
328
357
932
271
103
309
339
318
900
564
936
721
855
481
510
135
127
451
955
556
184
641
887
700
492
685
532
282
643
382
471
299
218
175
152
329
18
550
991
266
201
656
607
125
281
112
356
776
696
812
149
700
531
554
978
577
541
117
699
65
846
9
999
583
669
845
987
999
121
302
832
509
602
228
276
538
912
424
788
543
653
326
625
304
463
834
437
768
681
137
697
517
68
404
844
548
338
513
343
16
691
475
309
501
689
896
544
214
510
529
336
520
953
294
644
845
657
773
486
73
680
170
963
411
54
992
602
515
728
589
261
251
197
959
719
313
314
575
75
862
518
19
683
73
666
450
464
892
225
742
338
910
235
477
949
658
291
687
614
409
80
864
66
354
507
145
573
121
474
867
833
216
832
984
462
227
414
875
112
487
573
501
564
319
685
165
455
78
366
791
371
379
905
593
242
821
865
898
104
80
293
897
119
472
319
860
263
433
833
92
678
391
142
821
304
394
309
921
649
559
102
709
622
696
440
21
33
241
304
843
74
31
383
476
739
803
382
820
9
863
175
784
855
76
951
679
777
539
353
913
989
559
495
699
746
18
982
827
138
118
607
553
48
419
186
451
675
381
540
716
651
511
149
939
331
156
432
163
842
113
742
407
498
203
210
475
515
284
340
746
127
910
920
174
325
356
283
661
21
467
905
32
417
143
820
250
496
829
893
329
541
756
159
441
720
43
220
976
354
352
774
412
152
829
473
350
270
480
835
816
309
46
263
917
955
321
512
359
595
117
23
591
83
185
344
837
734
89
310
854
800
216
614
190
434
903
600
801
130
193
619
754
996
7
340
886
794
111
76
894
241
711
250
844
999
150
545
856
898
966
718
358
949
713
225
14
804
896
71
23
938
648
7
420
432
548
548
266
502
35
818
525
207
555
576
73
310
582
794
571
849
555
93
419
327
106
142
127
921
196
429
830
377
628
151
814
920
748
918
702
291
653
727
386
429
54
47
56
697
247
16
925
231
200
667
741
962
25
366
996
52
484
189
308
540
632
574
243
746
822
847
66
62
743
188
652
825
562
829
996
300
793
506
157
343
341
95
203
421
746
947
849
53
259
511
616
917
645
870
41
525
138
106
788
901
151
504
106
151
967
352
936
21
262
718
279
329
791
353
514
1000
734
209
570
665
81
827
619
396
175
578
662
332
494
472
584
37
450
767
420
853
906
269
895
244
519
566
356
56
901
940
775
993
420
957
698
360
478
974
922
117
49
475
54
712
240
612
163
918
874
648
631
72
468
86
150
307
113
475
24
2
397
294
821
763
37
125
146
904
801
186
964
466
565
140
356
858
210
768
91
488
137
717
877
140
413
246
311
475
137
506
224
665
493
127
776
834
364
421
929
930
769
722
352
3
225
742
348
294
699
989
72
238
145
208
732
454
961
8
990
228
404
82
265
919
796
550
63
207
466
916
354
333
838
898
661
76
568
542
693
975
509
429
78
937
650
875
279
15
863
834
883
155
803
262
226
802
335
574
588
645
818
693
331
977
919
819
762
812
773
269
433
797
390
60
579
96
959
360
798
566
694
373
270
472
8
570
90
627
844
118
324
713
58
30
816
828
830
350
580
994
84
215
419
227
480
936
91
887
613
485
771
96
633
822
386
275
360
795
236
167
548
178
288
945
922
998
989
921
699
757
486
919
893
97
935
128
551
484
766
628
950
521
422
732
290
922
982
722
775
677
14
729
711
567
586
811
902
311
91
405
114
104
170
419
1000
804
729
183
988
221
423
416
407
61
661
579
301
99
944
924
110
643
443
289
169
493
707
9
838
892
754
611
608
197
698
969
691
88
891
791
59
847
655
945
755
605
128
792
512
549
242
658
154
399
495
426
539
1
655
603
667
557
559
655
442
810
258
338
790
213
532
899
866
119
484
471
927
714
702
572
840
380
752
439
892
701
679
65
9
810
1000
146
897
191
281
810
648
354
233
957
752
395
985
115
547
780
303
523
104
37
76
294
221
19
587
22
431
39
350
667
555
720
466
519
206
879
626
77
28
264
281
55
187
356
901
473
764
81
849
23
667
80
855
283
434
741
308
127
52
437
107
201
777
388
35
100
499
699
992
652
325
312
575
576
240
544
526
996
907
880
389
569
667
189
30
638
34
34
247
705
866
408
523
951
963
188
840
266
376
973
631
862
808
854
665
542
492
458
58
477
801
518
541
523
63
877
360
185
680
328
932
207
413
555
586
340
192
934
398
623
893
845
704
478
284
428
194
88
539
151
957
531
915
439
104
123
103
540
868
632
235
101
119
964
442
203
639
227
776
428
5
892
510
867
664
353
306
514
954
