100
326820 463410 194812 383707 724504 213403 50740 853790 89266 688263 794492 40222 496477 338217 443822 670295 116224 753304 49526 649632 87323 611000 210310 402979 863965 572227 278033 808124 76081 683065 567 286723 304781 992723 493694 424338 408964 609778 419169 695100 842559 507462 223086 457710 34963 371559 245008 713603 62986 384427 110017 572068 687274 432991 533154 885141 726553 508464 596656 999055 899447 206761 792496 412924 984969 377780 556919 152394 46310 632410 36930 705140 426114 672258 428037 730528 223220 589382 554153 926855 594583 651190 519310 463997 257764 782482 382447 989941 399090 37906 862990 989002 471212 953887 122331 187236 430368 872002 267594 302416 
2 13
10 2
99 13
97 10
97 28
2 59
83 99
10 87
91 97
19 99
63 19
33 59
41 63
72 83
52 72
92 52
42 2
91 95
19 18
9 28
91 48
41 65
83 67
52 66
2 8
9 7
99 77
6 9
100 77
18 78
18 82
78 55
36 7
57 65
40 82
26 28
4 100
88 4
17 95
66 62
69 33
42 15
14 6
25 52
56 69
98 15
20 77
21 99
60 91
76 2
72 34
48 22
29 87
79 88
29 16
77 51
67 35
37 67
45 63
84 56
69 39
63 47
100 61
85 83
28 96
39 58
16 23
38 58
24 42
71 16
90 60
32 97
80 51
74 99
93 15
92 12
22 3
47 89
38 43
12 31
45 53
73 16
54 24
68 21
21 30
36 86
44 36
82 75
70 98
46 36
27 47
19 94
90 11
49 97
81 55
1 68
64 32
23 50
5 42
100
? 16 42
+ 94 365042
? 80 50
? 77 7
+ 99 607574
? 96 4
? 85 6
+ 83 454580
+ 77 308755
? 1 29
+ 10 677391
? 38 35
? 15 76
+ 49 33016
+ 53 436408
? 85 71
+ 43 351166
? 50 36
+ 80 634578
+ 33 449181
? 55 65
? 7 85
+ 36 928934
? 57 26
+ 55 699608
+ 47 660942
+ 58 995985
+ 57 660101
+ 98 509011
? 12 88
+ 24 803761
? 6 89
? 36 35
? 60 75
+ 54 685549
? 37 48
? 37 24
? 5 65
+ 14 193512
? 46 78
? 23 85
+ 80 185388
+ 25 493479
+ 85 8028
+ 13 836210
+ 98 21711
? 37 34
? 74 65
? 29 11
+ 45 722166
+ 95 45859
+ 60 158087
? 38 68
+ 84 158811
? 8 38
? 71 92
+ 59 790665
? 34 14
+ 58 82644
+ 78 395234
+ 11 781741
? 80 57
+ 83 180953
? 65 81
+ 16 710832
? 62 22
+ 66 935343
+ 64 219271
+ 54 206415
+ 49 82817
? 26 5
? 93 5
+ 19 200145
? 43 21
? 57 5
? 64 53
? 53 38
+ 40 961818
+ 15 928803
+ 6 383722
+ 55 715096
? 83 13
+ 48 660755
? 27 53
+ 85 498133
+ 90 908574
? 38 73
? 31 27
+ 16 228257
? 84 17
? 93 33
+ 40 120516
? 88 63
? 88 49
+ 40 965308
+ 78 318521
+ 88 294342
+ 37 657630
+ 4 394058
? 96 73
