205 74 133498
504 1289 1425 2293 2999 3290 4282 4453 5068 5719 5948 6315 6934 7138 7827 8454 9247 9386 9842 10438 11150 11180 11402 11897 12155 12652 12713 13648 14004 14179 14540 15046 15320 15717 16509 16853 17100 17175 17464 18438 19361 20155 21075 21794 22129 22488 23172 23725 24458 24830 25582 25598 26373 26794 27466 28432 28859 29661 29953 30169 30249 30815 30941 31055 31264 31535 32313 33273 33634 33671 34352 35147 35709 36145 
716 2231 2596 3479 4091 4343 4419 5248 5373 6717 7393 8294 9035 9192 9648 9839 9844 10464 10943 11496 11935 12566 13534 14120 14876 15158 15668 15898 16411 16901 17353 17514 18012 18674 19154 19358 20301 21073 22031 22248 22256 22501 23438 23944 24764 25009 25945 26729 27535 27937 28632 28757 29639 29804 29900 30723 31002 31476 31564 31839 32521 32569 33523 34496 34831 34907 34988 35321 36170 36311 37048 37274 37336 38174 
1083 2728 3235 4208 4741 5694 6535 7150 8080 9063 9114 9463 10243 10283 10986 11342 11989 12362 12639 13265 13822 14716 15476 15561 15593 16020 16927 17543 17595 18476 19472 19948 20178 20620 21466 21840 22154 22536 22805 23521 23525 24473 25015 25234 25762 26397 27319 27733 28100 28206 28947 29541 30122 30313 31297 32096 32462 32890 33057 33840 34419 35381 36150 36442 36790 36976 37230 37258 38162 38563 38833 39195 39414 39590 
1335 3058 3926 4901 5705 6472 6652 7701 8474 9752 10261 11212 11563 12514 12602 12850 13767 14657 15254 15394 16183 16960 17366 18346 18670 19320 19733 20112 20382 21204 21430 22061 22602 22842 23309 24242 24289 25258 26088 26575 27150 27508 28029 28985 29206 29245 29743 30246 30963 31549 32064 32574 33406 33764 34405 35000 35741 36714 36898 37750 38134 38178 38425 39172 39270 39835 39857 40328 41104 41171 41746 42684 43515 44460 
1953 3306 3978 5279 6255 6881 7687 7893 9143 10304 10535 12191 12507 13420 13540 13566 13859 15165 15528 16187 16890 17444 17684 19291 19503 20448 21024 21482 21612 21962 22028 22482 23260 23334 23944 24902 25000 25553 26700 27190 27468 27996 28423 29660 30362 30605 30664 30699 31079 31624 32726 33038 33828 34184 34898 35434 36321 37504 38031 38824 39600 40060 40705 41008 41189 41445 41495 42334 42951 43523 43566 44490 44578 45205 
2804 3668 4711 5738 6502 7860 8469 8854 9517 10339 10917 12222 12586 14175 14586 15093 15489 16076 16929 17333 17536 17883 18389 20132 20411 21167 21489 21549 22118 22299 23129 23285 23882 24517 25410 25518 25863 25949 27242 27369 28368 28898 29626 29716 30632 30788 30837 31474 32397 33280 33329 33363 34023 34288 35202 35609 36486 37684 38181 39538 40054 40811 41646 42129 42791 42819 43425 44386 44953 45687 45909 46019 46352 47035 
3011 4290 4990 6091 6737 8397 8529 8937 9755 11022 11929 12612 13266 14441 15359 15705 15805 16450 17682 18617 18759 18906 19608 20512 20686 21297 22218 22591 23246 24155 24386 25129 25186 25402 26130 26374 26808 27279 27714 28401 29244 30143 31070 31802 32243 32658 32842 33217 33992 34316 35014 35635 36066 36511 36669 37213 37992 38322 39242 39560 40942 41316 41775 42657 43083 43766 44023 45263 45577 45846 46602 47530 47878 48341 
3103 5187 5671 6833 7335 8436 8934 9002 9779 11357 12446 12761 13409 15172 15846 16536 16700 17475 18478 18867 19396 19584 20585 21024 21368 22046 22991 23189 23433 24529 24700 26108 27024 27181 27323 27977 28024 28659 29593 30590 31396 31584 31958 32625 33558 34269 34419 34832 35389 36184 36369 36736 37226 38123 38343 39293 39867 40316 40778 41372 42106 42161 42232 43446 44350 44445 44712 45265 46303 46945 47010 47668 48476 49237 
3753 5798 6522 7437 8252 9193 9742 10383 11226 12356 13251 13362 14156 15664 16702 17551 17760 18108 19411 20129 20585 20659 21197 22033 22422 22857 23614 24132 24749 25706 25829 26141 27314 27973 28588 28699 29342 30114 30742 31448 31807 32293 32713 32950 34340 34885 35553 36536 37461 37704 38702 39529 39979 40577 41293 41996 42535 43364 43992 44138 44237 44323 44417 44989 45189 45387 46115 46519 46584 47854 48396 48468 49293 49464 
4284 6721 7246 8187 8255 10032 10499 11441 12310 13150 13700 14105 15066 16124 16896 18320 19181 19859 20181 20458 20755 20783 21260 22360 22452 23222 23651 24250 25022 26342 27073 27385 28313 28431 29070 29449 30406 31184 32032 32606 33198 33437 34260 34971 35143 35621 36463 37372 37937 38390 39213 39691 39993 41250 41399 42301 43532 43534 44292 44643 44720 45433 45449 46112 46268 47064 47624 47753 48074 48732 48896 49506 50419 50830 
4946 7256 7432 8871 9214 10837 11794 12239 13259 14230 15158 15889 16875 17097 18023 18511 19659 20290 21176 21679 22268 22954 23435 24318 25234 25950 26602 27294 27730 28128 28794 29685 30153 30276 30865 31237 31428 32049 33026 33419 33835 34801 35374 35787 36660 36803 37620 38085 38286 38954 39332 39857 40331 42212 43087 43563 44178 44977 45948 46598 47487 47905 48546 48922 49640 49654 50390 50702 50966 51840 52114 52202 52599 53584 
5413 7856 8278 9421 9739 11480 11859 13080 13618 14652 15245 16501 17501 18379 19218 19815 20333 20478 21445 22351 22497 23829 24635 25248 25797 26028 27323 27405 28344 28465 29646 30060 31116 31263 31467 32098 33014 33125 33337 34356 35223 35627 36016 36579 36900 37625 38254 38652 39647 39969 40342 41136 41290 43095 43511 44074 44562 45092 46120 46857 48343 48627 49556 50392 50871 51827 52734 52945 53792 54115 54324 54755 55137 55895 
5559 8769 9468 9753 10291 11713 11936 13606 13688 15319 15672 16536 17625 19146 19749 20461 20653 21268 21934 22539 22919 24803 25590 26043 26298 26413 28102 28576 28910 29009 29952 30761 31274 31339 31800 32720 33484 33868 34110 34592 35274 35683 36029 36676 37780 37838 39107 40077 40644 40762 40922 41630 42418 43229 44060 44711 44787 46049 46371 47617 49021 49405 49911 50696 51823 51837 53626 53994 54336 54580 55044 55995 56392 56493 
5659 8896 10386 10636 10763 12345 12898 14508 14777 15754 16210 17495 18461 19933 20919 21191 21825 22357 22613 22775 23538 25305 26279 26436 27174 27212 28164 28735 29512 29648 30839 31209 31382 32366 32916 33547 34149 35091 36001 36392 36821 37449 38105 38300 39079 39582 40080 40262 41566 41916 42635 43026 43847 44087 44399 45199 46130 46781 47686 47831 49843 50591 51164 51358 52629 53174 54047 54982 55643 56225 56455 56737 57039 57085 
6252 9636 11087 11835 11889 12811 13277 15026 15798 16324 16398 17890 18824 20543 20977 21489 21964 22951 23521 23954 24574 25377 26361 27045 27344 27535 28344 29249 30403 30589 31237 31583 32015 32721 33727 34408 35186 35939 36383 36543 36907 38310 39038 39119 39172 39889 40560 40805 42019 42552 43533 44014 44732 44744 44892 45709 46450 47230 48077 48647 50330 50731 52129 52759 52815 53735 54516 55392 56339 56728 56735 57673 58453 58800 
6286 10093 11811 12634 13549 13726 13894 15059 16751 17582 17854 18784 18959 20564 21046 22443 22513 23790 24613 25541 26269 26548 27239 27555 27951 28909 29072 29372 31219 31755 31879 32657 32683 32723 34187 34878 35311 36120 36844 37160 37721 39027 39208 39863 40531 41065 41519 42366 42995 43301 43737 44246 45638 46536 47525 48379 48931 49658 50131 50974 51749 52466 53226 54032 54372 54999 55361 55764 57081 58040 58091 58944 58973 59789 
6548 10890 12586 13574 13870 14777 15684 16373 17048 18542 18627 19651 20647 20704 21852 22772 23717 24324 24908 25904 26605 27175 27861 27974 28961 29028 29483 29754 31757 32541 32739 33701 34494 35104 35766 36376 36519 37251 37486 37598 38418 39202 39640 40525 41170 41939 42678 43570 44257 45050 45246 45595 45728 47155 48362 48792 49317 50508 50826 51031 52038 53338 53501 54795 54953 55703 55834 56451 57553 58347 58856 59893 60150 61068 
6919 11290 13567 13687 14699 15402 15870 17182 17964 19115 19933 20320 20675 20882 22347 23381 24472 25422 25521 26662 27428 27695 28598 28795 29170 29769 30257 30307 31858 32597 32925 34024 34893 35346 36033 37195 37283 38113 38188 38640 39201 39894 40449 40997 42104 42745 42952 43918 44313 45720 46666 47312 47542 48344 49172 49823 50252 51428 51640 52209 52318 53886 54098 55588 56429 56568 57061 57853 58420 59270 59892 60438 60950 61862 
7334 11972 14399 14963 15043 16223 16677 17634 18191 19845 20911 21153 21892 22614 23056 23584 25325 26043 26712 26934 27611 28420 29212 29475 30050 30705 31652 32228 33215 34019 34896 35491 35854 35968 36692 37692 38267 38282 38880 39863 40591 40870 41731 41907 42744 42804 43498 44892 45260 45989 47603 48332 49000 49260 49518 50424 50999 51862 52142 52874 53541 54573 54958 56297 57150 57571 58439 59388 60234 60533 60569 61110 62041 62109 
8167 12929 15080 15371 16137 16292 17212 17782 18968 20666 21206 21756 22145 23072 23520 24514 26170 27026 27410 28006 28606 29044 29543 30241 31152 31916 31996 32896 34156 34666 35812 36398 36849 37702 37947 38282 38795 39152 39321 39999 41131 41388 42207 42859 43492 43654 43819 45273 45949 46673 48576 48938 49651 49811 49869 50489 51996 52033 52555 53414 54263 55454 56008 56927 57311 58210 58957 60370 61098 61368 61508 61986 62272 62707 
8352 13082 15669 16148 16678 17412 17614 18547 19784 20797 21528 22546 22608 23289 24249 24560 27160 27844 28614 28885 29852 30138 30637 31162 31968 32668 32729 33379 34975 35493 36606 37098 37624 37848 38748 38867 39203 39269 40062 40588 41638 41956 42388 43497 44253 44381 44905 45840 46779 47184 48861 49480 50571 50883 51567 51584 52228 52894 53300 53921 54804 55651 56652 57203 57730 58882 59564 60701 61438 61693 62128 62920 63911 64441 
8479 13453 16551 17447 17897 18170 18460 18746 19863 21711 21856 22563 22732 23848 25224 26184 27736 28796 28944 29318 30306 30754 31673 32140 32429 33231 34017 34533 35277 36237 36708 38031 38301 38564 39288 40051 40594 41558 41580 41928 42401 43396 43878 44565 44817 45753 46253 46831 47361 47835 49335 49793 51037 51981 52644 53225 53833 54725 54899 55566 56210 56647 56912 57699 58233 59537 60258 60845 61722 61842 62528 63115 64111 65144 
8744 13688 16921 17585 18758 19201 20165 20914 21119 22159 23058 23745 23823 23946 25969 26403 28230 29659 29732 29819 30501 31052 32023 32204 32437 33476 34588 35112 35488 36840 37147 38351 38870 39363 39543 40867 41119 41562 41581 42346 43118 43726 44420 45343 45901 46000 46645 47776 47877 47990 50227 51151 51499 52178 52880 53722 54684 55171 55525 56467 57335 58315 58691 58711 59563 60305 60931 61285 62090 62481 63460 63485 64658 65318 
8770 14502 17253 17665 19692 20489 20552 21911 22370 22562 23251 24048 24057 24549 26591 26910 28426 30046 30217 30319 30676 31492 32681 32998 33018 34073 35506 35537 35675 37615 37852 39280 39832 39968 40760 41769 41923 42811 43432 44011 44934 45678 46284 46814 47271 47643 48493 48541 49394 49495 51194 51532 52031 53050 53988 54661 55004 55890 56216 57358 57389 58578 59420 59443 59965 60658 61501 62210 62734 63002 63874 64755 64807 65709 
9065 14667 18136 18171 20642 21109 21792 22904 23598 24565 24761 25592 26012 26218 26993 27566 29073 30305 30870 31508 31825 32634 33006 33407 34125 35084 36464 36604 37147 37854 38827 39573 40349 40660 41605 42514 43463 44214 45101 45930 46234 47208 47321 47759 48255 49202 49310 49477 50219 50829 51805 52709 53499 54112 54627 55218 55339 56124 57099 58138 58623 58958 60373 60723 61247 61809 62377 62777 63272 63518 64858 64899 65226 65953 
9969 15290 18500 19394 20691 21309 22288 23172 24334 24779 24936 25823 26904 27460 28337 29109 29326 31119 31592 31787 31865 33294 34004 34369 35066 35316 36625 36641 37683 38349 39120 39922 40999 41548 42476 42845 44086 44587 45636 46560 46705 47502 48028 48806 48959 49840 50700 51101 51395 51749 51876 53418 53646 54975 55113 55636 55930 56988 57734 58688 58773 59405 60632 61345 62317 62964 63520 64308 65184 65845 66818 67509 68090 68786 
10826 16096 18615 19979 20739 21449 22970 23464 24992 25025 26025 26249 27270 27523 28750 29283 30223 31181 32156 32878 33427 33605 34352 34607 35306 35873 36979 37588 37734 38726 39245 39984 41226 42470 43087 43174 44316 44663 46008 47218 47818 48353 49014 49041 49496 50084 51309 51649 52170 52270 53252 53451 53742 55284 55670 56412 56604 57580 58409 59022 59456 60101 60764 62334 62977 63563 64085 65301 65782 66724 67033 68085 68152 68867 
11126 16385 18828 20821 21734 21749 23153 23906 25737 26601 27117 27927 28724 29299 29850 29971 30547 31703 32672 33701 33939 34849 35010 35066 35756 36479 37385 37686 38130 38783 39794 40254 41561 43097 43831 44106 45203 45402 46491 48054 48320 48793 49871 50311 50656 50973 52089 52712 53583 54419 54843 55595 56432 57028 57756 57921 58369 58751 59144 60130 60889 60964 61909 62340 63202 64008 64721 66241 66952 67280 68202 68898 69389 69593 
11312 16774 19596 21200 21807 22344 23527 24245 26176 26810 27698 28099 28961 29761 30525 31229 31714 32126 32935 33872 34286 35845 35875 36112 36293 37115 37488 38428 38641 39574 40064 40625 42354 43922 44322 44724 45764 46312 46727 48682 49571 49786 50093 51178 51710 52599 52748 53741 54692 54834 54906 55927 57091 58032 58720 59301 59875 60826 61740 62091 62249 63163 63538 63575 64305 64996 65263 67027 67247 67590 69127 69540 70343 71184 
11825 17460 20410 22052 22213 22557 23552 24813 26250 27160 27851 28817 29397 29814 31291 31995 32936 33040 33400 34184 35250 36356 36592 37541 38284 38821 39241 39414 39856 40412 40674 40819 42423 43939 45318 45989 46359 47117 47192 49433 50000 50525 50706 52103 52514 53577 54006 54977 55255 55885 56076 56536 58004 58232 58867 60285 60375 61272 62434 62510 62529 63491 63976 64369 65235 65516 65759 67694 67922 68765 70040 70238 71253 71880 
12825 18412 20725 22932 23930 24524 24948 24972 26948 27381 27909 28840 29989 30776 31548 32105 33884 34713 35106 35662 36199 36454 36884 38042 38293 39024 39936 40154 40545 41196 41478 41580 42727 43963 45384 46213 46369 47380 47737 49637 50096 50942 51297 53025 53968 54250 54568 55638 56229 56757 57038 57962 58583 59369 59740 60405 60736 61343 62469 62586 62931 64374 65013 65985 66336 67188 67464 68229 68474 69317 70458 70861 71575 72760 
13268 19319 21282 23863 24073 24817 25250 25592 27589 28129 28857 29720 30743 31545 31630 32148 34834 35034 35989 36643 37404 38016 38146 38918 39762 40464 41277 41584 42498 43205 44146 44265 44885 45585 46382 46402 46560 48057 48830 49843 50126 51234 51319 53976 54766 55542 55777 56600 56761 57491 57857 58659 59078 60332 60957 61596 61904 62543 62794 63328 63461 64907 65458 66908 67006 67707 67797 68711 69204 69985 70837 71754 72165 72862 
13989 19832 21618 24862 24895 25510 25695 25914 28133 28710 29626 30525 31453 32297 32592 33590 35047 36024 36329 37282 37590 38926 39820 39897 40666 41625 42017 42456 42685 43624 44424 44931 45696 46417 46987 47204 47435 48423 49300 50422 51118 52097 52145 54311 55743 56482 56913 57662 57791 57881 58181 59587 59936 61125 62115 62392 63218 63316 63587 64021 64991 65278 65527 67427 67639 68398 69065 69203 70051 70297 71767 72430 73135 73976 
14315 20366 22415 25583 25817 26731 26787 26836 28608 29394 30215 30720 31892 33241 33703 34260 35466 36180 36670 37773 38389 39203 40249 41106 41249 42331 42353 43388 43939 44653 44819 45148 46361 46855 47288 48151 48605 48835 49395 51025 51266 52430 52783 54540 56277 57064 57365 57908 58309 59219 60128 60407 60454 61689 62346 62799 63973 64631 64635 65484 66441 67343 67358 67729 68494 68742 69768 70222 70276 71056 72567 73233 73887 74548 
14800 21117 23235 26139 26520 27488 27574 28272 28728 29633 30253 31022 32614 33569 34418 34920 36281 37138 38119 38726 39336 39369 41161 41367 41580 42392 43184 43422 44388 45438 45907 46492 46880 46934 47435 49105 49929 50653 51419 51483 52422 52539 53472 55204 57141 57721 57787 57911 58793 59381 60686 61055 61703 62118 62691 63459 64640 64646 65210 65862 66752 68149 68967 69530 69783 69861 69996 70689 71227 72106 73178 73455 74632 75258 
14860 21726 23329 26555 26750 28253 28799 29724 30144 30631 31025 31199 32997 33705 35185 35977 36694 38087 38673 39665 40301 41156 41635 42217 42988 43331 43775 44680 44697 46213 46336 46711 47235 47277 47577 49301 50362 51414 51506 52060 53406 53571 54181 55851 57335 58225 58629 59108 59570 60541 61426 62139 62294 62496 63351 64142 65468 66013 66978 67386 67558 68739 69459 69968 70598 71535 71627 72446 73230 73981 74705 74959 75210 75517 
15248 22540 23616 26757 27055 28763 29490 30460 30726 31480 32202 32887 33714 34022 35325 36003 36909 38652 39653 40449 40939 41703 41858 42426 43374 44169 44245 44744 45434 46753 47084 47887 48847 49719 49737 49847 50854 51935 52455 53033 53783 54511 55122 56407 58058 58562 59485 59882 60144 61021 61436 62508 63384 63961 64536 64920 66266 66892 67696 67992 68565 68956 69865 70912 70974 72052 72727 73228 73745 74573 75289 75511 75975 76545 
15370 23196 24314 27591 28103 29232 30158 30590 31094 32331 32513 33128 34649 35457 36391 37280 37297 39562 39660 41081 41436 42674 43283 43737 44197 44557 45289 45326 45954 46883 47445 48698 48899 49844 49920 50860 50954 52467 52611 54017 54529 55401 56041 57033 58261 59451 59930 60636 60803 61816 62352 62906 64161 64281 64663 65654 66568 66915 68231 68263 69268 69334 70756 71714 71997 72502 73387 73827 73976 75062 75729 76374 76875 77708 
15940 23657 24365 27701 28679 29367 30791 31538 32180 32537 32625 33627 34962 35484 36525 37895 38747 40187 40413 42071 42195 42789 44236 44816 44849 45592 45680 45683 46319 47343 48120 48762 49704 50466 50732 51674 52497 52890 53839 55008 55219 55681 56789 57063 59018 59714 60009 60855 60993 62721 63690 64152 65125 65629 66273 66865 66882 67004 68769 69493 70007 70090 71661 71928 72220 73232 74018 74355 74842 75430 75815 76582 77542 77806 
16761 23765 24884 28361 29320 30311 31319 31722 32359 33384 34320 34390 35821 36430 36635 38369 38809 40215 40648 42478 43318 43387 44728 44926 45100 46251 46301 47149 47880 48488 49328 50072 50213 51008 51675 52498 52823 53486 54400 55682 56423 57304 58086 58538 59280 60643 61475 62127 62742 63633 64199 64366 65663 66142 66360 67256 67359 68289 69706 70271 70518 71184 72156 72911 72970 73426 74549 74682 75622 76432 76644 77464 77604 78268 
17052 24669 25669 28580 29709 31278 31764 32459 33294 34125 34518 34951 35977 37123 37248 39068 39427 40881 41488 42855 44026 44400 45004 45394 45883 46454 46856 47693 47946 49163 50238 50273 50737 51955 52099 53345 54006 54021 55270 55872 57378 58238 58838 59261 59462 61278 61795 62564 62793 64290 64403 64861 65814 66605 66707 67639 67720 69238 70616 71179 71261 71558 72543 72939 73837 74152 75250 76006 76105 77277 77862 77981 78316 79295 
17374 25428 26087 29250 29723 31631 31915 33414 33580 34393 35127 35606 36660 37353 37579 39379 40091 41232 41857 43759 44979 45527 45962 46020 46719 47319 48195 48713 49470 49695 50754 51238 51383 52663 53317 54008 54110 54746 55874 56205 57668 59217 59845 59899 59983 61380 62530 63259 63469 65151 65307 65724 66355 67326 68162 68323 69269 70074 71479 72145 72756 73670 74268 74904 75479 75986 76234 76925 77074 77995 78327 78368 79340 80314 
17572 25481 26837 29700 30242 31671 32835 33775 34508 34974 35380 35765 37526 38145 38526 40177 40841 41473 42076 43863 45807 46206 46961 47275 48018 48850 49765 50348 51189 51597 51663 52144 53105 53493 54165 54522 54562 55303 56796 56842 58076 60000 60606 61235 62020 62452 62750 63264 63983 65193 65492 66286 66382 67705 68504 69488 69839 70624 71915 73023 73361 74289 74491 75319 75835 76191 76551 77902 78277 79244 79415 79545 80283 81257 
18026 25791 27666 30280 30534 32363 33655 34737 35254 36028 36703 36978 38097 38400 38765 40653 40847 42437 42674 44283 46388 46521 47931 48820 49064 49479 50690 51581 51847 52760 53112 53881 54746 54927 55878 56853 57073 57465 57938 58838 59204 60320 60680 61397 62407 62792 63015 63929 64288 65804 65996 66904 67088 68589 69197 69798 70448 71052 72075 73889 74171 74686 75676 76417 76623 77174 77451 78010 78787 79415 79417 79907 80440 81846 
18073 26279 27827 31028 31795 32956 34460 35641 36096 36434 37218 37495 38723 39712 39720 41504 42487 43346 43702 44548 46556 46628 48463 49811 50527 50751 51707 52637 53167 54136 54938 55209 55427 55468 56565 57034 57567 57594 58468 59419 59481 60718 61203 62093 63213 64031 64119 64247 65239 66601 66621 67097 67234 69233 69530 70593 71485 72104 72624 73974 74284 75060 76520 77195 77459 77494 78339 78586 79173 80358 81103 81735 82621 83567 
18102 26419 28668 31986 32578 33433 34719 36476 37096 37552 37812 38183 38933 40655 41103 41991 43123 44168 44581 45515 46866 47720 48955 50199 50756 50809 52017 52806 53580 54745 55401 55997 56238 56541 56970 57117 58169 58567 59363 59810 60289 61606 61943 62702 63260 64041 64358 64838 65444 67559 68411 68534 68906 70176 70388 71512 72181 72259 72890 74518 74906 75879 77396 78183 78887 79230 79365 80046 80804 80889 82033 82373 83163 84332 
18864 26550 29229 32280 32873 33523 35222 36999 37532 37620 37988 38771 39220 41210 41837 42672 43302 45091 45425 46058 47651 47913 49708 50250 51278 51507 52453 52925 54264 54827 55640 56718 57079 57637 58045 58576 58947 59089 59933 60024 61273 62060 62232 63512 63516 64881 65438 66289 66392 68307 68540 68981 69607 70903 71176 71892 72552 73231 73787 75397 75829 76071 78055 78413 79051 79795 80209 80959 81745 81763 82340 82532 83955 84784 
19145 27368 29788 33115 33338 33865 35732 37346 38299 38985 39225 39237 39298 41313 42360 42956 44163 45835 46525 47161 47711 48768 49976 50408 51851 52534 53532 53704 55037 55663 56484 57455 58315 59065 59935 60625 60631 61262 61265 61544 61897 62992 63984 64879 65729 66606 66960 67581 68022 68662 69474 69559 70416 71762 71805 71998 72875 73982 74749 76075 76483 76820 78882 79851 80776 80846 81197 82107 82587 83573 83758 83886 84883 85773 
20122 27967 30434 33190 34140 34366 36228 37365 38590 39394 39594 39846 40289 42124 42737 43484 44201 46191 46906 47692 48179 49082 50169 50494 52710 53084 53722 54257 55245 56620 56944 58051 59293 59527 60244 61278 62136 63092 64043 64631 65155 65785 65881 66810 67770 68185 68862 68973 69859 70555 71038 71522 72495 72909 73174 73455 73618 74297 75065 76729 76737 77292 79848 79881 81303 81422 81553 82785 82821 83763 84096 84593 85176 86710 
20413 28428 30689 33441 34460 34984 36452 37504 39379 39844 40503 40712 40762 42280 43440 44027 44268 46616 47292 48450 48730 49537 50919 51313 52731 53774 54433 54509 55689 56889 56972 58356 59919 60803 61368 62195 62587 63729 64243 64653 65776 66537 66837 67339 68055 68379 69231 69960 70251 71456 71508 71831 72668 73423 73461 74183 74902 75135 76093 76833 76930 78009 80518 80578 81310 82076 82471 83215 83721 84383 85004 85222 85585 87424 
21114 28907 31044 34358 35194 36168 36814 37788 39817 40012 41426 42154 42453 43411 43859 44974 45825 46834 48227 48478 49677 50551 51602 52339 53671 54231 54920 55558 56178 56930 57416 59217 60701 61546 61714 63073 64012 64276 64553 65337 66184 66574 67816 68472 69256 69994 70092 71067 71139 72322 72391 72915 73244 73554 73646 75093 75682 75943 76702 77479 77499 78141 81406 82082 82484 82749 82839 84112 84278 84688 85058 85856 85974 87855 
21359 29387 31115 34690 35674 37068 37294 37828 40294 41279 42121 43009 43752 43844 44128 45900 46841 47472 49089 49817 50645 50925 52279 52938 54104 54923 55058 56241 56777 57352 57763 60086 61012 62426 62748 63307 64064 64873 65549 65813 66982 67092 68294 68546 70131 70631 71595 72441 72844 73779 74091 74951 75334 76175 76558 77295 77665 77893 78791 79400 79786 80722 82189 82594 83277 83929 83990 84402 84895 85202 86078 86780 86925 87998 
21745 29635 31320 35048 36059 37251 37494 38427 41115 42217 43193 43730 43769 44117 44978 46879 46945 47697 50011 50674 50871 51776 53200 53557 54469 55378 55410 56957 57309 57745 58699 60579 61023 62992 62995 63857 64832 65576 65840 66328 67209 67572 69003 69504 70372 71112 71726 72689 73479 74373 74974 75850 76579 77033 77986 78953 79944 80943 81269 81631 81896 82225 83087 83479 84222 84727 84933 85495 85625 85664 86368 87039 87221 88664 
22201 29781 31408 35119 36495 37441 38087 39012 41209 43175 43975 44723 45400 45515 45700 47674 47791 48242 50875 51447 51954 52592 53430 54498 55402 56335 56796 57640 58565 59409 60228 61326 61583 63427 64354 64662 65612 66166 66927 67125 67653 67939 69298 70184 70801 71827 72442 73354 73688 74907 75923 76793 77400 78395 78513 79484 80423 81634 81908 82031 82043 82597 83841 83946 84529 84953 85625 86146 86759 87379 87438 87715 88159 89077 
22668 30418 31477 35929 36826 37887 38592 39611 41505 43479 44184 45297 45810 46374 46881 47825 48228 48769 51375 51599 52034 53164 54147 54934 56095 56473 57464 58571 58723 60255 60838 61575 62178 63934 64813 65445 66313 66364 67414 67439 68453 69110 69359 70185 71788 72558 73243 73614 74077 75856 76287 77476 77823 79299 80081 80262 81103 82208 82433 83372 83783 84257 85056 85654 86055 86871 87850 87947 88574 89430 90006 90227 90948 91608 
23503 31231 32102 36873 37056 38076 38651 40485 42294 44139 44587 45525 46288 47207 47497 48470 49249 49364 52147 52365 53048 53676 54568 55248 56232 57387 58157 58581 59652 60365 61589 61902 62707 64497 64878 65708 66617 67103 67644 68522 68545 69482 70410 71206 72713 73037 73721 74533 74966 76736 77041 78033 78844 79680 80258 80790 81219 82824 82926 84123 84732 85422 86411 87144 87567 88527 89205 89252 89804 89841 90791 91552 91992 92551 
24432 32024 32386 36918 37605 38619 39339 40719 42960 44442 45200 45663 46909 48091 48861 49684 49742 49881 52421 52655 53722 54194 54763 55396 56896 57963 58163 58923 59853 60490 62329 63028 63122 65312 65960 66781 66902 67938 68459 69099 69837 70303 71033 71323 73375 73581 74522 74887 75133 76816 77514 78179 79267 80287 81231 81562 82020 83716 83793 85017 85603 86427 87113 88004 88463 89116 89454 89575 90593 91186 92012 92825 93814 94022 
24575 32162 33273 37415 37852 39076 39723 41182 43724 45313 45765 46384 47126 48896 49223 50047 50302 50591 53394 53641 54226 55013 55952 56163 56912 58495 59091 60009 60151 60681 62424 63072 63227 65589 66565 67650 68276 68925 69294 69985 70933 71223 71363 72316 73662 73792 74831 75705 76149 77740 78488 78809 79344 80529 82170 82686 83060 84710 85130 85313 85751 87166 87481 88142 89317 89493 90451 91300 91629 92055 92673 93521 93961 94709 
25249 32241 33302 37969 38402 39872 40577 42069 43928 45891 46081 47058 47294 49041 49322 50288 50993 51861 54054 54937 55460 56199 56878 57535 58167 59015 59987 60332 60700 61646 62719 63568 64123 66500 67542 68510 68523 69503 69638 70442 71778 72643 73160 73298 74029 74825 75612 76339 76489 78076 79271 80147 80302 80923 82325 83001 83774 84900 85820 86095 86686 87620 88553 89217 89804 90556 90891 91462 92492 92635 93273 94158 94413 95623 
25340 32819 33713 38850 39204 40225 41413 42259 44803 46093 46577 47981 48861 49648 50059 50573 51358 52338 54400 55214 56180 56397 57727 58635 59294 59364 60768 61253 61885 62853 63171 64143 64949 66735 68294 68720 68828 69720 70422 71335 72018 73322 74290 74381 74593 75228 76312 76952 77315 78237 80032 80865 81100 81895 82380 83573 84542 85050 86576 86708 86906 88369 88589 89479 90279 91014 91669 92203 92997 93989 94530 95085 95848 96770 
26042 33801 34724 39774 40415 40828 41483 42519 45301 46473 47211 47988 49189 50214 50222 50647 52164 52608 54885 55695 57164 57809 58147 58754 60252 60662 60919 61718 62816 63274 63275 64866 65601 67250 68765 69736 70170 70425 70543 72333 72981 73663 75032 75173 75631 76222 76823 77316 78065 78819 80138 81667 82339 82661 82764 83648 84989 85068 86877 87227 87514 89224 89738 90280 90995 91653 92658 92980 93050 94365 94747 95100 96503 97259 
26908 34154 35713 40115 40858 41651 41978 43315 45645 47074 47635 48901 49873 50850 51674 52254 52606 53078 55037 56224 57166 58409 58579 59180 60697 61402 61944 62547 63310 63741 63900 65188 66122 67504 68853 69917 70992 71154 71809 72621 73878 74724 75156 76004 76564 77114 77700 78034 79043 79762 81008 82354 83036 83632 83823 84136 85768 86513 87006 87457 87893 89992 90173 91194 91964 92910 93878 94573 94998 95602 95846 95902 97391 98072 
27013 34223 36306 40840 41796 42395 43051 44237 46412 48064 48615 49673 50110 51392 51779 52813 53377 53421 55906 56702 57562 59138 59182 59945 61284 61437 62600 62963 63959 64847 64951 66063 67027 68303 68881 70595 71125 71915 72659 72891 74437 75040 75893 76600 77416 78385 78670 79200 79777 80089 81467 82429 83478 84227 84899 85575 86518 87435 88037 88586 89176 90949 91348 91395 92852 93417 94191 95076 95390 96589 96677 97324 97722 98104 
27034 34283 36763 41773 42546 43276 43985 45132 46479 48660 49559 49695 50717 52217 52918 53748 53923 54379 56587 57442 57809 59590 60277 60547 62251 62280 63447 63709 64419 64896 65286 66994 67624 69274 69613 71110 71551 71921 72792 73490 74528 75579 76816 77789 78353 79315 80086 80452 80871 80954 82108 83289 84061 85098 85401 86504 86669 87832 88850 89505 90354 91389 92077 92763 93625 94604 94781 95112 95948 96986 97673 98321 98954 99695 
27693 35274 37061 42044 43128 43689 44660 45240 46932 49391 50324 50790 51418 52681 53410 54312 54685 55176 56825 57795 58156 59746 61081 61736 63182 63263 64440 64580 64726 65422 65557 67988 68251 69435 70324 71978 72122 72876 72883 74263 75449 76011 77042 78704 78951 79617 80246 81178 81927 82544 82814 84114 84140 85499 86131 86647 87094 88126 89446 89785 90806 92093 92886 92999 94469 95595 96467 97025 97114 97688 97757 98690 99802 100362 
28017 35503 37488 42086 43819 44331 45180 45374 47749 49971 50376 51516 52281 53230 54015 54642 54690 55336 56858 57874 58720 59882 61164 62623 63877 64085 65238 65260 65994 66593 67045 68656 68972 69725 71187 72066 73094 73851 74597 74838 75474 76383 77540 78829 79302 80593 80747 81804 82225 83253 83789 84513 85006 86054 87100 87739 88611 89064 90291 90309 90958 92240 92975 93423 94951 95656 97041 97973 98518 98731 98826 99321 100270 100664 
28257 36497 38192 42377 44410 44881 45765 46482 47990 50222 50490 51732 52530 53436 54745 54761 54872 55954 57643 58288 59163 60386 61689 63254 64158 64507 65797 66599 67574 67811 68255 68801 69857 70227 71441 72203 73597 74195 74683 75669 76479 76876 78092 79087 79437 81380 82150 82688 82949 84050 84603 85305 85671 86293 87128 88231 88908 89524 90835 91520 92282 93077 93656 93944 95700 96379 97452 98451 98529 99290 100262 100614 101104 101528 
29190 36535 38873 42520 45225 45473 46384 47187 48941 50639 51577 52218 53233 53548 54895 55404 55444 56589 58301 58959 59809 61013 62430 63923 64703 64873 66633 67455 68495 68721 69421 70403 70797 71706 72563 73192 74074 74294 74813 76089 77102 77832 79027 79570 80037 81700 82420 82849 83372 84685 85511 86071 86467 87248 87767 88942 89677 90164 91670 92072 93087 93216 93780 94607 95885 97180 98108 99275 99437 100334 100816 100889 101465 101561 
29906 37441 38907 42798 45862 46163 46851 47372 49410 50896 51580 53146 53731 54447 55583 56071 56572 57525 58922 59917 60706 61394 62905 64510 65460 65573 66976 68296 68638 68916 69631 70757 71341 72119 73442 74007 74450 75373 76365 76787 77909 78844 79669 80313 80318 81836 83242 83673 83679 85673 86224 87104 87137 87368 88003 89588 89697 90319 91777 92099 93263 93396 94198 95432 96148 97916 98733 99404 99570 100530 100832 101811 102250 102935 
29961 38122 39484 43336 46171 46180 47081 47966 49863 51472 51846 53165 54319 54828 55754 56965 57134 57581 59755 60584 61408 62033 63674 65113 66233 66776 67373 68895 69063 69672 70008 71415 71909 72539 73696 74158 75353 75902 77110 77376 77985 79402 80427 81222 81755 82356 83275 84006 84564 85853 86830 87784 88572 89255 90159 90609 91309 92241 92648 93303 93436 93560 94927 95507 97008 98870 98903 99749 99861 100600 100977 102239 102355 103273 
30912 38170 40413 43911 47069 48067 48380 48589 50784 51801 52695 53370 54941 55450 56371 57608 58529 58987 60292 60712 62298 63009 63827 65685 66322 66792 67670 69211 69420 70302 70423 71815 72886 73293 74070 74769 76004 76378 77564 77969 78427 79652 81209 81518 82173 83136 83726 84928 85076 86339 87815 88295 88652 90016 90555 91382 91465 92697 93344 93910 94627 94639 95726 96136 97328 99410 99949 100284 101203 101899 102726 102934 103094 104083 
31649 38245 41237 44788 47882 48963 49251 49742 51509 52462 53266 54041 55628 56550 57296 57848 58618 59093 60424 61670 62539 63520 63947 66577 66707 67619 68439 69832 70187 70507 70698 72486 73191 73740 74917 75336 76202 76674 77780 78622 79389 80160 81290 81953 83013 83198 84232 85673 86497 86973 88576 89104 89242 90256 91456 92180 93037 93072 93500 94847 94935 95886 96687 97373 98049 100369 100673 100767 101474 102480 103275 103999 104080 105076 
32065 38457 41305 45559 48872 49436 50100 51050 51997 52593 54163 54484 56485 57505 58036 58372 59221 59228 60749 61825 62585 64481 65303 66882 67105 67929 69185 69990 70389 71299 72190 72571 73975 74860 74943 76159 76354 77019 78655 79224 79768 81109 81558 82273 83527 84389 84988 86236 86721 87420 89061 89254 90019 90891 92054 92767 93902 93975 94047 95701 96445 97265 97759 98349 99288 100888 101616 102467 103368 103808 104427 104930 105460 106177 
32445 39047 41659 45918 49341 49828 50150 51741 52408 52834 54756 55510 57185 57507 58701 59105 59353 59403 61032 62213 63082 65223 66097 67049 67202 68263 69566 70456 71105 71892 72822 72896 74894 75039 75073 77130 77414 78303 79442 80113 81020 81988 82228 82743 83820 84584 85575 86533 87171 88366 89655 90262 90486 91866 92796 93396 94796 95596 96545 96715 97263 97690 98473 98952 99696 101513 101927 103456 104266 104658 105592 106485 106900 107617 
33109 39539 42542 46896 50040 50589 51310 52245 53019 53105 55515 56505 57780 58078 59684 60473 60806 61051 61788 62437 63290 65634 66229 67132 67901 69141 69651 71323 72129 72218 73424 73625 75849 76722 77631 78499 78566 78881 79641 80865 81394 82836 83429 84423 84855 84894 85838 87237 88216 88615 90014 90515 90975 92835 93632 94291 95724 95832 97477 98250 98827 98985 99433 99875 100214 101867 102664 104214 105173 106034 107002 107160 107880 108069 
33673 40523 42959 47204 50860 51091 51442 52349 53107 53304 56212 57484 58615 59181 60149 60571 60885 61964 62595 62672 64268 65805 66766 68051 68147 69582 70576 71904 72597 72924 74298 74695 76629 77542 78175 78805 79186 80115 80358 80983 81812 83285 83816 84723 85850 86829 87312 88111 88532 88863 90103 90587 91408 93659 94382 95063 96051 96067 97945 98326 98978 99798 100132 101114 101571 102286 103197 104398 105208 106886 107551 108029 108427 108726 
34313 40791 43176 47856 51001 51581 52298 53167 53812 54065 56969 57926 59539 59976 60985 61596 62001 62117 63204 63592 65266 66126 66850 68446 69434 70443 70883 72784 73689 74395 74724 75617 77337 78335 78407 78945 79333 80161 81014 81926 82008 83925 84048 85337 86320 87689 87985 88440 89035 89296 90112 90804 91802 94389 95361 95808 96946 97339 98088 99299 99321 100455 100875 101432 102191 102530 103309 104845 106093 107803 108722 109633 109848 110675 
34962 41313 43843 48106 51710 52143 52310 53843 54101 55048 57232 58447 59558 60162 61745 61958 62257 62603 63452 64194 65847 66786 67248 69165 69734 71236 71304 72891 74668 75512 76120 76882 77780 78801 79146 79375 80040 80645 81373 82073 82975 84634 84843 85683 86619 88306 88676 89647 90485 91137 91434 91857 91908 94709 95750 96174 97437 98359 99043 100193 101010 101592 101918 102061 102625 102921 103931 105359 106649 108226 109623 110502 111196 111834 
35049 41622 44358 49080 51843 52627 53501 54694 55381 56293 57328 59441 60113 60798 62538 62740 63009 63074 63561 64485 66811 67196 68045 69895 70891 72208 73094 73256 75368 76351 77254 78116 78975 79750 79891 80870 81637 81772 82682 83296 83619 85307 85423 86336 87328 88509 89106 90424 91350 92323 92733 93347 93864 95463 96197 97142 97550 98830 99385 100313 101213 101669 102782 102926 103469 104023 104460 106038 107353 108759 110029 111163 111964 112451 
35857 42399 45249 49469 52182 52766 54302 55311 55988 56961 57411 59877 60808 61735 62907 63038 63592 64346 64539 64798 66827 67448 68464 70323 71006 72977 73929 74496 75525 76963 77688 78325 79076 79789 80877 81249 82414 82551 83460 83856 83927 85392 85713 87301 88023 89018 89391 90697 92168 92919 93315 93830 94609 96354 96636 97359 98004 99199 99466 100507 101315 102270 103669 103905 104292 104682 105157 106349 108066 109649 110821 111955 112949 112975 
36460 42647 45658 49583 52803 53745 55247 55587 56555 57046 57538 59979 61149 62334 62984 63450 64019 64852 65758 66708 66839 68329 68660 70406 71563 73774 74626 74831 76409 77062 78551 78799 79640 80405 81394 81493 83269 83666 83842 84752 85724 86100 86129 87521 88064 89594 90279 91361 92778 93423 94286 94730 95257 96811 97702 98416 99066 99390 99565 101010 101495 102850 104284 104521 105194 106022 106692 107002 108809 109901 111440 112286 112985 113457 
37254 43226 46409 50363 53687 54427 56185 57097 57541 58517 59059 60284 61188 62795 63024 63528 64964 65216 65845 67261 67925 69250 69493 70843 71861 74663 74890 75755 77281 77616 79531 80480 81018 81479 82458 83306 83604 84523 84795 85644 86708 86952 87748 88315 88675 89728 90972 92307 93684 94658 94676 94908 95705 97429 98410 99263 99537 99624 99966 101106 101558 103808 104604 105035 105983 106511 107046 107401 109452 110633 111844 112643 113728 113994 
37304 43655 47203 51201 53812 54451 56981 57251 58475 58695 59796 61187 61974 63170 64069 64913 65288 65845 66000 68132 68222 69840 70345 70924 72518 74976 75081 76419 78049 78286 79659 80881 81659 81916 83294 84142 84313 84867 85175 86182 87318 87429 88071 88688 88870 89886 91724 92695 94296 94684 95633 95989 96487 98261 98483 100234 101179 101631 102429 102556 102935 103850 104967 105270 106442 106870 107745 108041 109549 111518 112175 113196 114280 115053 
37907 43719 48067 52003 54378 55022 57397 57844 58582 59530 60490 61600 62877 63662 65059 65265 65953 66847 67466 68500 68701 70689 71239 71821 72975 75101 75359 76560 78826 79077 80079 81338 82478 82526 84238 84647 85004 85444 85663 86346 87651 88307 88684 88831 89482 90684 92488 93627 94705 94878 96266 96515 97482 99169 99792 100413 101598 102331 103006 103639 104412 105398 105413 105618 106666 107740 108031 108939 110122 112319 112959 113503 114952 115742 
38055 44218 49047 52188 55122 55873 57911 58176 58757 59925 60640 62388 63759 64233 65331 65678 66665 67763 68125 69138 69191 71114 72237 72373 73251 76028 76509 77387 79187 79720 80192 82284 83342 83847 85073 85883 86469 86518 87165 87339 87899 88694 89266 89666 90301 91123 92668 94105 95527 96416 96477 96823 98307 99976 100540 100644 102145 103178 103424 104620 104760 106238 106662 107038 107206 107797 108248 109560 110789 113100 113363 113678 115699 115975 
38196 44835 49349 52929 55152 56093 58792 58957 59335 60902 61878 62620 64213 64468 66065 66261 67174 68659 68928 69521 69737 71262 73218 74118 74394 76652 76980 78236 79820 80767 80778 83042 83367 84540 86010 86147 87393 88203 89115 89159 89622 90576 91513 91682 91867 92554 93480 94209 96174 96539 97327 97636 98769 100270 100831 101103 102258 103931 104440 105234 105656 106652 106745 107623 108574 108844 109001 110055 111772 113330 114299 114675 115863 116469 
39029 45486 49566 53073 56084 56919 59509 59688 59757 61568 62418 63571 64843 65346 66838 67458 68321 69567 70416 70630 71497 72016 74190 74737 75050 77230 77542 79060 80078 81080 81082 83592 84024 84658 87004 87986 88838 89111 89934 90272 91131 91205 91815 92243 92511 92616 94241 95206 96524 96705 98010 98175 99354 100536 101635 101742 102353 104086 105058 105419 106019 107133 108044 108563 108872 109583 110126 110834 112691 113634 114956 115770 116267 116802 
39802 46319 50195 53160 56730 57064 59877 60694 60981 61929 62957 63608 65206 65605 67631 68360 69015 70439 70842 71031 71682 72682 74967 75904 75998 77771 78295 79494 80464 81532 81848 84030 84232 85061 87737 88945 89884 90171 91054 91170 91194 91992 92594 93005 93778 94701 94777 95817 97202 98105 98529 99245 100071 100968 101920 102013 102786 104891 106031 106633 107017 108098 108815 109672 110124 110817 111021 111336 113340 113885 115015 116462 117064 117588 
40251 46481 50296 53861 56801 57206 60707 61547 62397 62476 63179 64147 65512 65629 68335 69000 69400 70856 71115 71894 72112 72792 75135 76640 77363 77879 78535 80220 80508 81738 81891 84103 85031 85434 88105 89750 89934 90768 91442 92144 92705 93288 93650 94612 95204 95691 95948 96897 97443 98798 98987 99450 100304 101121 102839 103192 103255 105372 106332 106671 107291 108846 109402 110457 111037 111642 112168 112319 114121 114340 115305 116669 117882 117925 
40282 46765 50448 54776 56879 57846 61674 62189 63032 64012 64633 64742 66390 67012 68647 69613 70057 71087 71808 72782 73460 73726 75646 77273 78019 78714 78826 80683 81463 82516 83294 84159 85220 86117 88337 90006 90657 91516 92499 92517 93247 93309 93683 94930 95698 95924 96087 97070 97488 99123 99898 100155 100680 101400 103823 104262 104623 106042 107131 107298 107874 109520 109969 110532 111095 112087 112632 113110 115062 115981 116683 117269 117890 118384 
41085 47363 50455 55021 57071 58564 62641 63302 63323 64433 65385 65717 66924 67783 69550 70123 70203 71730 71836 73661 73943 74681 76083 78036 78597 79581 80328 81626 82378 82694 83864 84161 86218 86235 88476 90136 90855 91857 93397 94079 95026 95081 95399 96138 96242 96604 96623 97903 98149 99599 99982 100503 100971 101496 104648 105637 105882 106177 107885 108146 108459 110497 110599 110882 111596 112212 113103 113971 115596 116485 117673 117678 118058 118526 
41753 48068 51428 55407 57865 59015 63019 64148 64651 65042 66108 67007 67398 68385 70351 71315 71624 71992 72182 74297 74494 75153 76524 78988 79785 80750 80908 81880 83125 83922 84137 85103 87052 87358 88991 90139 90911 92168 93944 94784 95204 95833 96013 96140 97081 97738 98222 98730 98827 99975 100532 101355 102178 102388 105384 105871 106117 106922 108069 108523 109085 111366 111426 112195 113054 113456 113508 114908 116558 117372 117998 118836 119469 120134 
41984 49012 51492 56086 58703 59638 63194 64770 65455 66233 66666 67838 67873 68886 71088 71338 71666 72709 73219 74839 75783 76368 77341 79865 79901 80795 81037 82497 83481 84815 85576 85981 87608 87824 89840 90904 91546 92932 93991 95134 95208 96817 97721 98222 98244 98671 98941 99255 99746 100588 101131 101453 102452 102457 105959 106657 106939 107652 108249 108929 109125 112204 113165 113494 113713 114518 115220 115712 117461 118383 118650 118871 119830 120341 
42508 49539 51733 56778 59294 59844 63271 65414 65789 67121 67131 68490 69328 70203 72030 72383 72899 73437 73805 75121 76607 77525 77822 79939 80273 81096 81649 82757 83502 84995 86557 86714 87810 87859 90700 91213 92035 93261 94742 95291 95816 96874 98559 98846 99371 100210 100418 100876 101590 101705 101912 102408 102878 102912 106710 107250 108223 108865 109345 109656 110463 112393 113306 113508 114160 114841 115327 116330 117632 118455 119442 120402 121338 122113 
42671 50421 52019 56844 59591 60176 64041 66188 66627 67844 68657 69254 69606 70525 72457 73037 73148 73593 73858 75801 77573 77954 78287 80655 80883 81894 82099 83118 84088 85871 87252 88220 88971 89926 91678 91758 92999 94069 95195 95741 95998 97335 99119 99875 100385 101212 101784 102704 103449 104297 104434 105045 105696 105713 107113 107402 108862 109362 110000 110950 111798 112618 113621 113928 114352 114851 116290 116919 118026 119376 119478 121380 121633 122957 
42713 50939 53013 57370 60113 60688 64566 66300 66918 68179 69448 70181 70421 71517 72826 73310 74236 74355 74863 75922 78301 79080 79156 81498 81762 82338 82833 83967 84864 86050 87887 88460 89930 90030 92491 92703 93730 94953 95466 96078 97033 97826 99554 100668 101122 101516 102049 102731 103989 104982 105687 105819 106312 107062 107965 108144 109062 110251 110495 111092 112725 112941 114305 114757 115746 115871 117184 117488 118095 119899 120840 121502 122173 123094 
43544 51060 53436 57841 60820 61307 65565 66700 67289 68529 70431 71160 71699 72012 73141 73860 74755 75556 76145 76410 78472 79689 79860 81661 82678 82767 83658 84967 85367 87025 88769 89410 90842 91217 92998 93131 94662 95376 96230 96947 97998 98567 100112 100774 101196 101646 102496 103297 104554 105359 106488 107281 107362 107483 108148 108409 109120 110279 111307 111999 112848 113218 115097 115703 116542 117422 117821 118577 119308 120149 121167 121753 122628 123764 
44160 51542 54197 57929 61440 61948 66282 66874 68255 69069 70491 71932 72214 72584 73592 74527 75543 75688 76363 77332 78665 79826 80794 81877 83188 83781 83858 85362 86068 87641 88977 90136 90858 91844 93422 93679 95632 96517 96860 97668 98730 99684 100513 101765 102513 103489 104362 104385 105503 105986 107451 107577 108279 108950 109003 109297 109659 110394 111833 112288 113534 114396 115121 115715 117368 117739 118058 118890 119849 120571 121648 122553 123063 124050 
45083 51568 55117 58266 62152 62761 66360 67302 68526 69528 71044 72636 72794 73436 74487 74611 76116 77093 77737 78121 79591 80452 81003 82438 83806 84089 85075 86218 86263 87866 88983 90538 91735 92242 94038 94912 96366 97367 98265 98806 99645 100181 101204 101909 102519 104396 104594 105561 106488 106868 108052 108357 109172 109349 110036 111016 111817 112062 112886 113849 114056 114956 115356 116184 117747 117943 118640 119012 120689 121627 122097 123526 124413 124777 
45723 51799 56103 59009 62630 63499 66510 67997 68849 69863 71685 72715 73446 73596 75345 75489 76624 77529 78002 78248 80073 81409 81910 83176 83953 84385 85179 86708 86759 88013 89077 91137 92402 93244 94140 95845 97197 97881 98853 99623 100433 100697 101250 101934 103303 105301 105539 106426 106941 107117 108662 109092 109880 110640 111354 111978 112583 113446 113763 114727 115319 115854 115856 116304 118441 118669 119629 119777 121296 121863 122279 123549 124933 125522 
45861 52517 56632 59547 62753 64205 66636 68497 69158 70557 72105 73544 74409 74667 75515 75763 76904 78521 78765 79525 80367 81915 82568 83689 84308 84426 85252 87338 87629 88579 89229 92062 93163 93562 94860 96594 97954 98130 99723 99774 101416 101907 102056 102546 103443 105734 106488 106931 107602 108580 109053 109383 110443 110733 112284 112904 113563 113804 114104 115478 115905 116186 116772 116958 119019 119258 120347 121310 121708 122835 122977 124133 125213 125744 
46609 53180 57054 60017 63747 65183 67489 69432 70181 70637 72178 73629 74747 75227 76327 76530 77279 78594 79346 79601 80551 82704 83187 84009 84518 85498 86432 87600 88304 88936 89816 92712 94056 94691 95672 97199 97972 98915 99859 100361 101925 102114 103047 103090 103951 106392 107311 107834 108378 108918 109135 110241 111146 111997 112899 113902 114183 114618 115614 116267 116434 116916 117794 118223 119195 119665 120989 122292 122303 123560 123633 125079 125403 126742 
47075 53571 57085 60197 64172 65521 67666 69499 70487 70783 72296 73894 75453 75483 77228 77290 77546 78770 79924 80620 80771 83234 84158 84478 84855 86371 87137 88396 88726 89185 90186 93548 94337 95683 95986 97986 98403 99451 100204 100687 102504 102545 103720 103855 104408 106775 108024 108108 109302 109598 110365 111292 111741 112327 113110 114825 115084 115796 115991 117096 117532 117691 118086 118897 119812 120433 121758 122952 123084 123785 124232 125621 125667 126813 
47325 54532 57553 60416 65093 66507 67877 70295 71352 71916 72745 74319 76430 77306 78221 79206 79810 80128 80182 80997 81333 83619 85125 85310 85489 86858 87565 89170 89609 90442 91268 93986 94372 96095 97025 98943 99444 99965 100220 101284 102825 103697 104229 104538 105390 107420 108499 108988 109654 110078 110696 111578 112083 112533 113559 115181 115341 115841 116488 117293 117594 118024 118171 119591 120163 120667 122185 123666 123906 124366 125074 126105 126737 127758 
47862 54856 58220 60557 65266 66573 68797 71140 71452 72608 72998 75152 76781 78043 78354 79564 80688 81522 81583 81929 82319 84449 86017 86531 86666 87373 88178 89179 90552 90968 92014 94195 94453 96703 97165 99183 100360 100375 100430 101935 103723 104442 104572 104757 105995 107528 108818 109077 110632 111252 111981 112182 113111 113920 114159 115373 116014 116895 117626 118108 118879 119624 120004 120580 120604 121420 122754 124444 124758 124872 125607 126301 127710 127915 
48515 54928 58662 61413 66125 66662 69691 71666 72354 73063 73805 76111 76888 78315 78510 79824 81456 82256 82267 82606 83153 85128 86856 86945 87722 88366 88695 89456 91103 91153 92618 94587 94699 96720 97459 100183 100990 101842 102510 103487 104058 104722 105645 106362 107266 107952 109228 109278 111158 112107 112901 113405 113568 114671 115311 116001 116488 117093 118019 118482 119452 119990 120363 121081 121736 122624 122761 124911 125002 125987 126666 127658 128574 128796 
48593 55810 59413 61806 67125 67871 70547 71956 72640 73630 73985 76908 76969 79302 80093 80812 81852 82808 83141 83188 83202 85530 87514 88194 88416 88562 89064 89520 91170 91535 93322 94932 95216 97564 98502 100826 101708 102111 102886 104485 105111 105749 106676 107219 107546 108513 110174 110893 111390 112241 113192 113544 113613 115653 115719 116714 117439 118311 118758 119560 119796 120838 121497 121585 122148 123094 123937 125119 125651 126418 127116 128167 128942 129940 
48975 56298 59518 62049 67149 68175 71383 71961 73210 74418 74446 77689 78082 79619 80243 81608 82553 83046 83324 84310 85221 86382 88426 88508 89125 89320 89388 90055 91196 92530 94250 95908 96223 98373 99227 101297 102233 103186 103935 104860 105460 106344 107576 107771 108357 108788 110442 111340 112246 113158 113696 114634 114865 116446 117033 117783 118578 119404 119486 119972 120675 121349 122399 122773 123556 124177 124557 126094 127028 128026 128595 129566 129582 130098 
49447 56579 60002 62238 67189 68696 71922 72385 73837 75089 75466 77910 78622 80334 80500 81948 83256 83294 83982 84966 86113 87148 89023 89829 90253 90885 91630 92429 93126 93993 94647 96187 96239 98838 99754 101611 102534 103624 104169 104973 105540 106984 107722 108444 108706 109470 111204 111513 112769 113235 114063 114878 115413 117180 117975 117987 119475 119552 120251 120921 121406 122323 122844 122977 123726 124573 124597 126299 127606 128426 129567 129714 130184 131090 
49888 57163 60870 62561 67391 68858 72098 73282 74804 75981 76733 78848 79761 80456 80645 82359 83986 84976 85833 86303 86769 87164 89041 90292 91227 92189 92724 93560 94279 94860 95598 96566 97178 99172 100183 102505 102821 104340 104785 105110 106320 107782 108101 109098 109414 109660 112095 112893 113329 114154 114611 114961 115764 117991 118009 118574 120301 120490 121406 121662 121968 122742 123654 124245 124499 125033 125994 126532 128566 129252 129776 130359 130724 131167 
50149 57717 60929 62834 68281 69776 72130 74248 75769 76937 77857 79625 80024 80713 80948 82725 84921 85785 86677 87221 87814 88008 89079 90303 92070 92913 93039 94381 94760 95618 95846 96651 97643 99756 101105 103104 103639 104499 105642 106253 106654 108186 108236 109329 109800 110734 112521 113631 114500 115316 115607 116467 117081 118403 119353 119857 121172 121627 122562 123064 123148 123472 123799 124368 124728 125792 126866 126992 128725 129522 130276 130942 131082 131489 
51115 58100 61209 63480 68443 70374 72901 74254 75917 77072 77894 80144 80797 80977 81725 83631 85555 85851 86913 88139 89128 89906 90728 91119 92403 93796 94680 94795 95764 96080 96351 96710 98179 100304 101646 103260 103866 104661 105654 106415 107348 108955 109602 110292 110721 111605 112534 114395 115036 116036 116746 117111 117869 118655 119968 120756 122067 122532 122717 123412 123595 124453 125164 126007 126372 127323 127402 128244 129679 129876 130758 131474 131513 132036 
51865 58723 61251 63676 69365 70538 73567 74968 76673 78046 78929 80312 81789 82004 82498 84244 85814 86705 87792 88595 89995 90407 91507 92251 92925 94502 94843 95504 96230 96695 97097 97114 99096 100669 101684 104168 104169 105272 105761 106802 107443 109856 110144 110644 110912 111843 113016 115063 115127 116823 117162 117748 118562 119470 120533 121122 123050 123211 123621 124258 124932 125181 125461 126353 127276 127733 128476 128921 130586 131338 131548 131914 132009 132954 
52508 58822 61950 64508 69727 71119 74396 75134 77284 78562 79332 80563 82591 82827 83615 84968 86342 87681 87938 89110 90917 91277 91755 92944 93058 95129 96117 96354 96603 96886 97427 98392 99967 101402 101814 104607 105333 106093 106274 107236 107474 110742 111398 111996 112588 112902 113595 115993 116933 117389 118177 118673 118813 120444 120680 121903 123433 123702 123736 125173 125777 126502 127475 128438 129393 129643 130022 130445 130999 131591 131828 132321 133071 133175 
52944 59710 62697 65099 70093 71540 74814 75427 78247 78565 79646 81356 83254 83717 84120 85219 86548 88599 89212 89969 91561 92221 92438 93119 93697 96064 96986 97134 98097 99025 99522 99732 100248 102013 102317 104826 105382 106299 106784 108214 108779 111114 111962 112499 113555 114450 114889 116269 117463 118178 118448 118840 119308 120937 121243 122243 124293 124354 125340 126135 126422 126569 127863 129357 130378 130708 130981 131583 132420 133207 133663 134402 135369 135398 
53211 60166 63586 65881 70319 72013 75216 75802 78592 79343 79895 82027 84146 84190 85179 85487 87191 89222 90124 90152 91850 93171 93508 93900 94520 96701 97936 98134 98217 99330 100292 101128 102095 102498 103494 105000 105503 106867 107401 108589 109647 111912 112948 113077 114416 114816 115124 116359 118147 118980 119896 120694 121197 122115 122877 123585 124585 125580 126449 127023 127119 127995 128828 129731 131102 131764 132175 132530 133472 133845 134645 135105 135849 136770 
53356 60813 63688 66337 70675 72368 75224 76607 79141 79617 80432 82870 84917 85772 86146 86982 87891 90066 90971 91491 92840 94063 94905 95127 95881 97082 98329 99151 99388 99816 100888 101677 102134 102597 104212 105407 106418 107628 108033 109516 110532 112400 113409 114334 114493 114902 115630 117132 118315 119689 120178 120879 121397 122928 123299 123611 125544 126469 127392 128113 129045 129456 129601 129801 131700 131925 133103 133939 134098 134704 135555 136433 136801 136868 
54239 61642 64337 67229 71262 72884 76111 77306 79915 80335 80865 83043 85854 85862 86932 87697 88288 90494 91671 92548 93286 94192 95654 96470 96604 97818 99046 99773 100654 101388 101440 101871 102811 103146 104756 105864 107104 107895 108391 110065 110728 113265 114367 114435 115044 115824 116708 117931 119209 120081 120534 121487 121612 123618 123709 123886 125573 126867 127634 128761 129048 130123 130796 131552 132304 132351 133520 134614 135446 135971 136018 137268 138089 138901 
55124 62160 64441 67493 71265 72991 76900 78221 80073 80816 81725 83317 86785 87181 87641 88465 88603 90800 92196 93205 93597 94661 96630 97477 98314 98843 99676 100141 101106 102243 102467 103106 104023 104627 104948 106733 107727 108228 108457 110152 110980 113669 114790 115264 115527 116033 117263 118464 119288 120292 121434 122316 122503 123952 124056 124748 126393 127469 128111 128972 129820 130128 130981 132549 133488 134248 135002 135405 136109 136310 137006 137523 138213 139727 
55995 62286 64638 68294 71482 73200 77396 78816 80949 81381 82144 84224 87552 88063 88224 89316 89996 91721 93126 93466 93875 95422 97280 98120 99155 99216 100222 100570 101220 103061 103542 104202 104570 105081 105935 107185 108003 108644 109007 111014 111062 114108 115539 116019 116207 117045 117524 118657 119375 120467 121588 122750 123483 124023 124234 125205 127153 128382 129067 129762 130159 130493 131500 133428 134307 134938 135518 135519 136284 136816 137102 137790 138679 140083 
56148 62395 64678 68774 71577 73492 77669 79512 81435 82296 82492 84261 87787 88737 88980 89993 90955 92146 94019 94025 95018 96410 98149 98200 99594 100519 100974 101422 102287 103445 103590 104497 105398 105714 106006 107349 108378 109622 110442 111476 111804 114371 116029 116495 116650 117618 117878 119559 119711 120949 121901 123288 124423 125307 126255 126956 127287 128439 129877 130451 130468 131235 131543 133696 134659 135308 135999 136381 136879 137007 137308 138729 139121 140426 
56768 62698 65621 69236 71651 74047 78229 80463 82320 83002 83903 84583 87867 88880 89281 90951 91854 93085 94903 95821 96396 96849 98368 99050 100328 100795 101409 102387 102963 103869 104325 104541 105928 106524 106825 107887 108866 110593 110842 111776 111950 115044 116979 117276 117334 118166 118729 119991 120111 120970 122336 124009 124804 126106 126465 127875 128749 129152 130570 130757 131182 131371 132007 133735 135606 136212 136295 136466 137044 137451 137817 139635 139917 140469 
56837 63091 65924 70135 71841 74057 78950 80898 83095 83591 84390 84814 88262 89782 90495 91946 92937 93679 95200 96607 96741 97552 98383 99903 100570 101099 102110 102940 103344 104273 104453 104832 106762 107344 107753 108556 109813 111186 111716 112140 112717 115104 117911 118136 118150 118653 118795 120409 120582 121378 122837 124405 125669 126792 127680 127899 129111 129846 131526 132211 132297 132378 132508 134132 136361 136415 136456 137311 137401 138297 138411 139842 140461 141186 
56973 63275 66175 70517 72210 74376 79226 81446 83752 84436 85191 85588 88819 90258 90855 92580 93612 94277 95662 96899 97153 97929 98909 100468 101450 101977 102589 103139 103456 104309 105153 105903 107301 107460 108396 109419 109848 112099 112650 113621 114497 116088 118665 119508 120240 121000 121553 121657 122611 123315 123474 125337 126512 127436 128177 128243 129160 129861 131998 132386 132724 132828 133104 134227 136623 136667 137054 138034 138700 139435 139741 140045 141370 141914 
57047 64192 66918 71103 72249 74600 80150 81695 84374 85160 85901 86715 89274 90706 91618 93371 94576 94737 96157 97649 98100 99055 100050 100871 101551 102165 102883 103414 104029 104350 105808 106152 107419 108045 108820 109825 110481 112606 112698 114416 114624 117032 119303 119927 120460 121413 122271 122540 122814 124274 125272 125556 127171 128329 129143 129340 129781 130212 132022 133014 133150 134098 134462 135019 137425 138425 139134 139705 140420 141093 141671 142555 143045 143691 
57513 65111 66924 71273 72865 74661 80566 82376 84719 85980 86716 87106 89971 91385 91944 94171 95208 95863 96831 98354 98863 99463 100405 101123 102021 102514 103425 104200 104328 104871 106176 107138 107679 108900 109079 110268 111035 112754 113541 114726 115387 117719 119654 119969 120610 122181 123198 124016 124225 124799 126244 126427 127660 128340 129240 129628 130749 131019 132382 133621 133764 134189 134800 135915 137573 139249 139938 140289 140435 141392 142173 143541 144261 144913 
58260 65987 67149 71893 73684 75341 80680 83114 85584 86935 87072 87633 90235 92090 92788 94403 95784 96503 96874 98785 99519 99750 101374 102348 102904 103349 103761 105167 106094 106512 107194 107962 108326 109811 110690 111384 112266 113444 113776 115634 116133 118010 120000 120831 121321 123054 123300 124702 125580 126411 126788 126910 127836 129067 129789 129996 131648 131850 132871 133683 134565 134647 135168 136859 138226 139586 140183 141072 141318 141458 143015 144232 145149 145623 
58663 66360 67798 71977 74122 76237 81350 83402 86556 87160 87346 87995 90810 92189 93405 94847 96637 97020 97875 98789 99554 99986 102237 102476 103165 103925 104181 105264 106298 106583 107218 108462 108550 110008 111404 112234 112570 113464 114079 115747 117095 118314 120185 121812 122567 124054 124692 125092 125840 126619 127041 127930 128791 129624 130183 131072 131731 132188 133624 134018 135391 136005 136627 137651 138873 139923 140601 141222 142214 142894 143714 144843 145395 146045 
58820 66466 68074 72558 74352 76427 81419 84009 87072 87389 87590 88659 91686 92491 94257 95754 97526 98146 98776 98998 100424 101020 103147 103458 103486 104202 105138 105481 106681 107665 108434 108607 108616 110249 111980 112334 112850 113958 114307 115943 117428 118385 120697 122737 123551 124064 124962 125101 126440 127316 128002 128552 129422 130359 130506 131669 132625 133461 133809 134352 135734 136148 136804 138518 139581 140859 141845 142092 143198 144156 144849 145287 146361 146863 
59332 66954 68502 72893 75111 77329 82183 84497 87465 87483 87740 89260 92045 93155 95090 96099 97937 98197 99306 99338 101065 101396 103834 104786 105623 105705 106153 106842 107130 108386 108834 109515 109524 110753 112565 112772 113002 114488 115000 116595 117787 118560 121432 123074 123747 124749 125842 126475 127054 127620 128366 128783 130382 130975 131325 132269 132760 133586 133967 134792 136539 137269 138068 138707 139983 141387 142398 142613 143963 144176 145556 146529 147162 147840 
59417 67777 69316 73061 75608 77847 82325 84612 88092 88240 89144 89494 92162 93379 95773 96818 98332 98378 99709 100007 101761 102238 103890 104884 106040 106874 107509 107916 108078 109044 109951 110449 110887 111001 113365 113992 114578 114905 115795 117313 118216 118609 122346 123125 123981 125648 126234 126615 127440 127848 129282 129806 130713 131581 132183 132333 133126 134222 134880 135507 137240 137675 138928 139642 140458 141475 143125 144023 144949 145305 145589 147011 147233 147976 
59652 67979 69770 73657 76142 78311 82937 85469 88110 88835 89804 90656 92882 93810 96201 97140 98678 99287 100087 100110 102057 102285 103910 105526 106814 107601 107845 108758 109058 109541 110283 111178 112124 112516 114098 115042 115447 116169 116913 118071 118247 118969 123092 124104 124887 125953 126290 127067 128280 128980 129745 130274 131245 132123 132364 132423 133647 134507 135444 135770 138164 138635 139256 140165 141403 142185 143818 144823 145413 145672 146564 147475 147560 148732 
60475 68739 70415 74598 76271 78561 83106 86277 88730 89154 90004 90950 93219 94126 96445 97589 99419 100109 100982 101966 102590 102990 104816 106406 107389 108069 108821 109107 109298 109664 110628 111432 112338 112526 114312 115274 115772 116728 117339 118584 119290 120083 123817 124225 125586 126669 127437 127783 128734 129889 130268 131176 131330 132266 132924 133582 134579 135402 136350 137300 138922 139069 139903 140580 142276 142956 144302 145814 146667 147622 147704 148130 148839 149629 
60624 69644 70739 74708 77160 78835 83938 86668 89301 90135 90234 91726 93788 94225 96690 97936 99910 100880 101519 102792 103495 103817 104901 107193 107415 108831 109585 110253 110561 111404 111467 112027 112380 113059 114977 116262 117117 117520 118130 118632 119398 120345 124487 125172 125755 126940 127461 128090 129154 130396 130515 131447 132206 132303 133806 134034 135098 135759 136703 138154 139837 140822 141712 142541 142916 143837 144975 145926 147340 148119 148981 149246 149850 150177 
60627 70358 71024 75144 77981 78866 84480 86932 90068 90684 91408 92333 94076 95149 97124 98715 99999 101703 101925 103125 104319 105089 105235 107561 107891 109602 109715 111082 111704 112686 112842 113149 114079 114576 115852 116932 117434 118220 118850 119674 120222 120513 124929 125970 126600 127399 128021 128561 129172 130714 130964 132394 132539 132644 134742 134851 135453 135783 136914 138318 140156 141818 142582 143215 143247 144682 145493 146443 148067 148633 149877 149978 150134 150330 
61619 71079 71916 75818 78550 78905 84646 87692 90621 91264 92401 93364 94974 95295 97231 98920 100905 102592 103017 103339 104858 105981 106224 107895 108246 110022 110663 111293 112537 112888 113442 113829 114131 115109 116322 117783 118319 118383 119691 120228 120328 121202 125749 126516 127339 127736 128384 129046 129684 131606 131659 132489 133024 133114 135032 135413 135634 135976 137650 138371 140324 142245 143373 144043 145027 145163 145832 146958 148100 149164 150143 150593 151239 151279 
62405 71507 72026 76568 79108 79891 84998 88191 90923 92154 93046 93577 95306 95503 98136 98933 101643 102606 103166 104210 105178 106628 107591 108449 109195 110079 111600 112573 112810 113379 113622 113959 114228 115531 116775 118134 118364 119229 120077 121092 121828 121933 125769 127469 128308 128404 128733 129666 129838 131706 131965 133004 133607 134280 135936 136544 136684 136989 138549 138843 140544 143116 143518 144569 145449 145608 145987 147024 148693 149634 150797 150926 151375 151754 
62664 71554 72681 77553 79652 79989 85281 88319 91723 92624 93061 94489 96003 96441 98275 99709 101929 103360 104354 104556 105991 107596 107985 108903 109739 111043 112075 113382 113859 114837 115496 116477 116562 117402 117525 119049 119216 119886 120473 121253 122230 123017 126294 127727 129098 130053 130716 131599 132128 132591 133383 133490 133773 134486 136563 136592 137613 138086 138935 139433 140691 143800 144545 145206 145921 146434 146994 147491 148772 150571 151180 151342 151788 152385 
62702 72549 72692 77764 80395 81199 86128 88700 91766 92751 93370 95252 96599 97341 98908 100102 102387 104135 104454 105217 106736 107866 108782 109150 110173 111229 112978 113966 114428 115046 115771 117124 118102 118655 118679 119994 120190 120197 120922 121795 122355 123906 127145 128681 129288 130582 131546 131794 132630 132852 134264 134463 135291 136256 136666 136986 137677 138577 139830 140032 141314 144249 144882 146129 146396 147129 147462 148171 148875 151278 151936 152924 153545 154511 
63627 72897 73786 77902 81354 81651 86579 88713 92632 93352 93776 95940 97249 97655 99743 100963 103154 104166 104924 105499 107303 108290 109577 110393 111101 111397 113397 114941 115252 116066 116371 117170 118943 119775 120617 120810 121198 122028 123015 123432 124172 124378 127940 128924 129732 130805 131690 132297 132873 133026 134642 134791 135859 136791 136854 137127 138357 139564 140219 140920 142148 144532 145084 146493 146729 147177 148457 148958 149552 151895 152045 153553 153984 154904 
64497 73789 74692 78436 81826 82001 86965 88760 93155 94302 95059 96352 97865 98281 100027 101661 103469 104686 105918 106620 107578 108735 109771 110427 111627 112231 113772 115049 115888 116260 116571 117475 118980 119964 121259 121719 122614 123144 124142 124497 125222 126153 128823 129431 129991 131348 132372 132593 133861 134287 135061 135646 136795 137438 138187 138770 139042 140297 140939 141024 142481 145352 145471 146798 147219 148216 148664 149472 149748 152516 153387 154323 155109 155437 
64614 74650 75010 78623 82819 83114 87863 89216 93920 94505 95306 97279 98443 99236 100465 102255 103960 104747 106271 106825 108108 108885 110256 110957 111803 112899 113882 115605 116669 116990 117045 117929 119446 120440 122200 123131 124038 124609 125032 125692 126494 127370 129766 130278 130576 132266 133173 133784 134860 135775 136078 136337 137022 137498 138749 139507 139949 141096 141276 142170 143323 145538 146485 147426 148113 148307 149450 149660 150299 152629 153430 155227 155972 156022 
65291 75581 75700 79192 83743 84024 88391 89989 94395 94816 95346 97882 99251 99830 101148 103159 104063 105654 107012 107748 108613 109832 110933 111918 112042 113427 114557 116264 117547 118011 118961 119925 120108 121266 122453 123969 124522 125029 125792 125825 126999 127494 130216 130673 131424 132855 133786 134275 135180 136542 137077 138016 138050 138944 139816 140700 141594 141672 142407 143129 144271 146339 146659 147912 148586 148777 149973 150388 151041 153032 154048 155365 156843 157779 
65820 75812 76213 80051 83941 84742 88515 90449 94882 95390 95757 98660 100201 100760 102046 103680 104821 105942 107881 108822 108837 110511 111325 112131 112748 113780 114706 116761 117889 118614 119533 120796 120843 121507 123417 124541 124729 125873 126528 126799 127451 128053 130434 130976 131648 133853 134048 134952 135258 137268 138160 138519 139107 139929 140854 141015 141775 141892 143340 144011 144507 147189 148069 148479 148678 149390 150455 150619 151284 153833 154845 156265 157090 158041 
65901 76736 77017 80427 83975 85049 88771 90710 95733 96371 97122 99013 100686 101495 102390 104590 105103 106074 108772 109282 109638 110803 112134 112154 113262 114447 115298 117719 118852 119495 120125 121189 121723 122652 123675 125464 126323 127015 127278 127947 128728 129561 131290 132045 132529 133894 134732 135746 135997 137424 139015 139089 139492 140328 141822 142335 142590 143049 144097 145036 145667 147585 148485 148718 148891 149566 151213 151643 151948 154686 155821 156451 157530 158599 
66786 77612 78362 80826 84973 85400 89254 91585 95753 96702 97985 99856 100812 101664 103255 105123 106109 106840 108944 110130 110926 111916 112424 112982 113336 114518 115906 117861 119196 119909 120949 121866 122512 123417 123694 126058 126462 127582 127766 128944 129933 130910 131768 132417 132604 134727 135277 136290 137163 138385 139578 139810 140169 140437 142582 142785 143651 143963 144635 145155 146317 147828 148967 149014 149233 150525 151367 151928 152912 154765 156013 157405 157831 159391 
67402 78233 78842 81002 85667 86522 89655 91632 96284 97596 98329 100169 100921 102544 103528 105490 106334 107160 109409 110681 111625 112186 112460 113415 113566 115397 115961 118792 119629 120484 121683 122336 123254 123734 124190 126131 127260 128547 128677 129049 130734 131215 132714 132988 133331 135054 135766 136779 138102 138627 140104 140426 140560 141089 142679 143580 143843 144512 145161 145941 146337 148469 149600 150552 151537 152238 152836 153773 153975 155521 156404 157612 158783 160063 
68091 78359 78995 81887 86364 87062 90187 91820 97047 98087 98779 100170 101345 103203 104323 106179 106762 107622 109541 110714 111918 112434 112482 113878 114654 115727 116209 119377 119682 120757 122011 122519 124179 124883 125085 126409 127817 129390 129569 129582 131702 131964 133374 134357 135259 135804 136686 137342 138940 139549 141086 141165 141367 142243 143071 144187 144830 145272 145790 146177 146346 149178 150294 151100 152331 153010 153092 153788 154106 156042 156648 158414 159722 160285 
68990 78372 79830 82691 87292 87360 90591 92484 97724 98453 99592 100886 102149 104077 105166 107179 108047 108084 110047 111285 112353 113052 113990 114496 114880 116234 117191 119426 119905 120785 122910 123352 124252 125673 126501 127448 128274 129918 130078 130481 132577 133498 133610 134982 135969 136740 136759 138048 139329 139662 141660 141836 142588 142593 143897 144456 145505 145885 146869 147393 147477 149202 151117 151683 153256 154218 154560 155044 155516 156670 156862 158977 159959 161220 
69202 79310 80796 83210 88142 88447 91141 93126 98301 99093 100310 101449 102615 104580 105660 107439 108181 109092 110193 111521 113330 114216 114437 115129 115603 116786 118081 120334 120690 121685 123262 124022 124822 126175 126642 128119 128853 130671 130886 131351 133382 134311 134488 135454 136370 136968 137240 138080 140156 140259 141700 142182 142983 143888 144671 144762 146490 146842 146958 147741 148581 149700 151179 152440 153855 155071 155890 156606 157318 157630 158263 159854 160017 162070 
70123 79677 81760 83575 88828 89551 91257 93175 98896 99870 100347 101911 103007 105409 105700 107815 108792 109283 110608 112392 113677 114532 114609 115608 116512 117564 118119 120463 121372 121871 123795 124430 125127 126898 127776 128931 129181 131481 131572 131993 133981 134412 135030 136305 136979 137711 137736 138833 140441 140905 142589 143370 144212 145203 146158 146335 147042 147667 148631 148784 148990 150257 151824 153394 154286 155589 156586 157033 157924 158755 159431 160153 160290 162942 
70125 80281 82112 84281 89472 90078 91762 94119 99873 100620 101257 102587 103254 106364 106698 108416 109779 110754 111626 112595 114357 114684 115681 116592 117486 118404 118619 121270 121937 122422 124417 125427 125820 126945 128662 129012 129521 131994 132888 133186 134385 135131 135202 136910 137954 138277 138449 139517 141044 141667 143357 143528 144323 145577 146258 147244 147270 148361 149468 149510 150405 150982 152736 153890 154715 156182 156903 157182 158088 158943 160002 160694 161108 163205 
70747 80881 82419 85174 89836 90372 92448 94482 100010 101237 101980 103467 103844 106730 106908 108860 109955 111253 112268 113350 115090 115514 116560 116809 118039 119374 119869 121632 122698 123489 124912 125656 126465 127883 128740 129233 129755 132304 133750 134564 135184 135667 136652 137781 138002 139159 139955 140427 141530 142003 143820 144032 144980 145704 146845 147829 148283 148859 149744 150408 150718 151888 153534 154770 154924 156953 157525 157959 158554 159867 160662 161000 161226 163208 
71562 81014 83248 85722 90699 91146 92907 94512 100254 101956 102059 103792 103968 106742 107854 109538 110070 112036 112748 114182 115610 116440 117265 117822 118514 120133 120453 121750 123610 124177 125110 126608 127545 128753 129191 129826 130262 132929 134621 134891 135624 136280 137303 138564 138689 140118 141004 141726 141782 142999 144091 144780 145150 146027 147113 148168 148545 149346 150537 150725 151135 151979 154215 155627 156454 157289 157953 158871 159087 160836 161173 161517 162307 163336 
71899 81853 83617 86586 91690 92606 93662 95419 100795 102301 103030 104085 104285 107401 107971 110061 110455 112932 113109 114995 116237 117313 117674 118657 118736 121110 121288 121972 124189 125154 125753 127099 127982 129065 130131 130670 131289 133900 135462 135480 136464 136757 137676 139025 139222 141012 141267 142564 143496 144070 144321 144855 146031 146210 147903 148484 149450 150208 151273 152230 152509 152582 154563 156036 156907 157579 158019 159757 160746 161809 162773 162986 163449 163606 
72556 82049 84286 86798 92489 92723 94662 95472 101218 103062 103160 104404 105119 108057 108937 110646 111427 113834 114203 115470 117219 117475 117732 119574 120029 121401 122138 122753 124641 125653 126070 127571 128783 129370 130686 131204 132282 134240 136425 136787 137415 137561 138133 139663 139800 141151 142233 142892 143878 144137 145186 146042 146900 147263 148222 148785 150287 151078 151630 152789 153005 153301 154792 156984 157472 157998 158851 159838 161467 162178 163065 163589 163994 164914 
73448 82411 85249 87758 92586 93180 95606 96308 101610 103314 104120 104999 105763 108948 109517 111609 112477 114640 115471 115522 117437 117843 118684 120202 120922 121515 122661 123158 125251 126107 126291 127936 128899 129842 131494 131588 132835 134808 136991 137691 138533 138820 139602 140649 140946 141712 142392 143596 144512 144937 145275 146721 147684 148194 148717 149502 150834 151842 152300 152926 153014 153877 155104 157160 158273 159003 159128 160205 162253 162928 163713 164613 165134 166045 
73522 83099 85545 88709 92759 93484 96504 96520 101632 103668 104473 105391 106119 109794 110229 112199 113248 115053 115776 115815 118303 118854 119847 120797 121723 122386 122973 124037 125472 126714 127113 128098 129830 130717 131734 131894 133746 135096 137760 137816 139356 139954 140647 141202 141352 141754 143004 143683 144864 145190 146191 147505 148281 148288 148806 149602 151605 152613 152661 153662 154110 155055 156033 157798 158723 159320 159447 160394 162565 163347 164285 164834 166074 166847 
74377 84072 86437 88865 93464 94323 97276 98084 102163 104348 104990 106185 106686 110770 111401 112560 113560 115540 116486 117120 119152 119275 119969 121317 122431 123272 123584 125030 125636 127640 127812 128349 130637 131653 132119 133060 134628 135598 137912 138857 139940 140516 141457 142109 142906 143448 144212 144666 144876 145242 146724 147568 148959 149881 150602 150734 152425 152878 152977 154418 154568 155822 156320 158741 159233 160115 160298 161123 163114 163809 165063 165578 166733 167821 
75189 84218 86462 89798 93636 94581 97643 98318 103142 105304 106195 106769 107708 111626 112429 113121 114149 115715 116875 117829 119833 120170 120174 122275 123157 123906 124444 125506 126109 127951 128837 129645 131277 132119 132382 133432 135110 135819 138833 138919 140673 140976 141607 142427 142937 144286 145119 145385 145664 146403 146789 148001 149283 150172 151555 152466 152585 153820 154654 154987 155047 156619 157083 158929 159549 160941 161803 162227 163534 164028 165526 165840 167243 168316 
75711 84300 87423 89840 94383 95126 98064 99232 104067 105715 106212 107436 108314 112091 112521 114060 114962 116417 117359 118581 120226 120649 121641 122714 123832 123942 124795 125681 126460 128772 129418 130361 131994 132350 133256 133683 135568 136289 139597 140447 140839 141145 142477 142951 143039 144580 146010 146333 146968 147752 148705 149602 149750 150835 152310 153450 154226 154249 155027 155576 155884 157357 158001 159123 159736 161386 162533 162910 164084 164136 165666 166375 167559 168428 
75880 84866 87519 90178 94865 96092 98648 100174 104540 106654 106843 108131 108991 112728 113195 114758 115038 116815 118185 119123 121122 121738 122347 122770 123929 124531 124978 125800 126888 129255 129796 130506 132626 133205 133301 134411 136271 137012 140099 140666 141143 141552 142769 143348 143700 144873 146803 146907 147372 147956 148794 150567 151514 152183 153066 154226 154889 155383 155900 156664 157422 158374 158732 159882 160432 162262 163471 163488 164804 165618 165709 166474 167793 169120 
76197 85648 88421 91144 95742 96596 99613 100628 104977 107442 107497 108701 109637 113638 114021 115159 115468 117516 118704 119315 121395 122327 122819 123299 124138 124773 125693 125815 127474 130237 130289 131089 133158 133515 133692 135171 137241 137285 140529 140880 142140 143088 143876 144729 144815 145113 146996 147370 147516 148740 149304 150977 152280 152982 153872 154705 155040 155593 156677 157438 157548 159100 159659 160790 161618 162272 163625 164398 164831 166010 166988 167861 168302 169255 
76658 85729 89045 91269 96306 96762 100505 100635 105515 108193 108536 109132 109868 113986 114362 115284 116261 117640 119650 120322 121647 122883 123248 123380 124639 124923 125942 126908 128349 130293 130447 131459 133934 134742 134978 135737 138127 138764 141290 142210 143186 143337 144360 145700 146543 146953 147623 147656 148095 149428 149460 151658 152606 153211 154276 155077 155499 155995 157350 157901 158001 159591 159813 160980 162402 162407 164009 165382 165924 166020 167105 167930 169163 169349 
77241 86250 89930 92021 96403 97318 100788 101452 105520 108647 108929 109764 110086 114978 115425 116142 116734 117667 120374 120777 122356 123035 123838 124316 125556 125730 126001 127338 129052 130506 131008 131945 134801 134829 135631 136364 138420 139118 141318 142861 144169 144972 145445 146694 147479 148275 149168 149275 149918 150570 151549 152270 152780 153216 155196 155448 155699 156610 157551 158081 158242 160086 160958 161255 162572 162748 164044 165565 166319 166424 167970 168250 169338 170148 
77620 86312 90802 92333 97389 98019 101243 101632 105985 109604 110493 111037 111854 115348 115645 116293 117273 118417 120605 121644 122854 123303 124119 124367 126072 126746 127618 128152 129691 130839 131739 132310 135511 136235 136653 137524 139412 140222 141781 143257 144342 145194 146251 147088 147742 148971 149562 149612 150704 150794 152523 152603 153002 153381 155376 156103 156954 157556 158071 158382 159036 160558 161469 161725 163169 163801 164993 165696 166969 167445 168237 168661 169717 170453 
77737 86712 90992 92426 97524 98551 102054 102810 106922 110423 111191 111238 112759 115581 116103 117140 117697 118820 121110 121688 123698 124194 125007 125982 126892 127681 128517 128738 129831 131201 131967 133079 136159 136860 137138 138402 139466 140760 142675 143790 144912 146124 146719 147734 148138 149793 149924 150438 151164 152158 152537 152718 153889 154548 156115 156587 157392 158154 158333 159146 159278 161378 161938 162619 163575 164398 165311 165764 167577 167598 168892 169750 170104 170990 
78499 86997 91109 93418 97656 98946 102438 103337 107797 110468 111316 112058 112894 116257 117025 117213 117889 119451 121662 122243 123792 124676 125914 126883 127104 128150 129289 130206 131157 131849 132501 133373 136257 137111 137761 138503 139741 141552 142788 144349 145581 146897 147543 147883 148586 149801 150705 150756 151466 152261 153167 154071 154692 155656 156227 156706 157769 158626 159111 159828 159894 161976 162659 163299 164237 165204 165736 166425 167965 168676 169613 170161 170754 171054 
78728 87934 91592 93663 97738 99570 103018 104004 108028 110538 111625 112227 113808 116355 117994 118715 119046 119654 122577 122611 123896 124945 126461 127100 127761 128571 129604 131006 131942 132220 132798 133775 136867 137882 138626 139445 140260 142370 143529 144574 145851 147280 148314 148534 149432 150575 151402 152198 152860 153586 153983 154986 155092 156559 157363 157924 158853 158999 159573 159986 160601 162331 162991 163589 164801 165793 166053 166895 168671 168992 170318 170717 171086 171338 
79333 88719 91887 94568 98079 100114 103641 104180 108793 111073 111762 112412 114509 117138 118624 119214 119898 120564 123246 123853 124030 125477 126554 127267 128660 129243 129937 131119 131981 133059 133547 133868 136869 138351 139089 139527 140818 143031 144023 145279 146673 147771 148992 149256 150291 151311 152216 153032 153178 153893 154579 155827 156006 157405 158023 158546 159612 159957 159968 160354 160876 162371 163211 163836 164915 166271 166951 167005 169265 170231 170981 171979 172167 173010 
79870 89501 91954 94914 98493 101068 103724 104337 109341 111182 112484 112806 114862 117857 119373 119459 119970 121414 123942 124907 125402 126322 127505 127687 129612 130082 131016 132006 132660 133113 134445 134880 137848 138656 139485 139582 140828 143089 144963 145452 147398 148246 149849 149967 150909 151829 152860 153612 154054 154084 155293 156725 157386 157698 158788 159735 160123 161051 161113 161526 162273 163279 163957 164347 165551 167003 167652 168157 169867 170757 171210 172957 173742 174619 
80616 90448 92473 95904 98825 101510 103825 104751 110253 111418 112724 113336 115061 118336 120366 120472 121011 122335 124498 125096 125861 126380 127957 128426 129940 130691 131052 132560 133590 133728 135437 135568 138234 139107 140009 140671 141418 143509 144991 145759 147467 148960 150141 150796 151051 152164 153820 154220 155106 155833 156061 157617 158523 158861 159129 159815 160406 161312 161864 162452 163163 164267 164782 165081 166362 167646 167932 168376 170526 171189 172078 173736 174171 174934 
80841 91413 92679 95958 99467 101802 104801 105230 111086 112118 112884 113449 115810 118460 120778 120794 121267 122551 124773 126045 126458 127276 128781 129377 130238 131478 131869 132625 133645 134093 136416 136922 138495 139569 140408 140777 142382 144491 145727 146724 148238 149000 150910 151555 151673 152707 154177 155089 155284 156195 156369 158518 158561 158872 159559 160163 161394 161668 162806 162808 164060 164561 164834 165690 166396 167995 168983 169788 171043 171461 173003 174001 174905 175563 
81138 91906 93354 96432 100203 102343 104995 105554 111725 112910 113856 114501 116510 119095 121107 121438 122033 122806 125458 126048 127310 127968 129389 129518 130343 132225 132903 133670 134349 134713 136536 137162 138763 139646 140416 141646 143019 145177 146308 147427 148781 149554 151415 152335 152693 153133 155134 155541 155564 156972 157560 159157 159644 160274 160739 160765 161726 162203 162879 163614 164990 165974 166830 166910 167119 168143 169865 170631 171844 172044 173018 174674 175606 176402 
81317 92058 94322 96795 100709 103208 105048 106005 112358 113654 114789 114813 117067 119116 121130 122061 122629 123564 126268 126343 127479 128072 130268 130573 131239 132295 133304 133896 134911 135144 136729 137476 138929 140027 141189 142154 143792 146024 146995 147645 149385 150228 152376 152582 153354 154033 155799 156562 157166 157662 157946 159636 160343 161220 162104 163076 163232 163737 164119 164601 165064 166086 167100 167900 168414 169115 170057 170807 172762 173129 173222 175601 176448 176701 
81445 92455 94586 97571 101153 103227 105929 106221 112755 114389 114982 115242 117944 119619 121993 122216 123442 123766 126710 127621 127661 128963 130714 130966 131248 132552 133594 134579 135060 135273 137378 137647 139755 140312 141851 142195 144234 146294 147993 148713 149817 151098 152697 152732 153482 154745 156428 156812 157788 158388 159349 160212 161317 161637 162861 163352 163763 164657 164742 165705 165805 166546 167880 168678 169207 169629 170170 171638 173170 173187 174053 176545 176578 177548 
81583 93127 94893 98266 101877 103627 106523 107077 113330 114622 115176 115281 117966 119862 122132 122561 123513 124293 127101 127950 127988 129726 131177 131859 132362 133100 134329 134722 135189 136021 138056 138260 139881 140435 142513 142624 144661 146663 148707 149274 150719 151762 152879 152958 154345 155419 156561 157748 158038 159090 160050 160644 161822 162143 163826 164760 165203 165264 165359 166221 166901 167064 168803 169525 169557 170503 170804 172181 173391 173619 174123 176860 177821 178449 
82400 93654 95219 98643 102357 104011 107075 107117 113739 114984 116004 116675 118096 120347 122428 123138 124018 124503 127266 128471 129103 130443 131910 132685 132936 133170 134751 135050 135480 136561 138386 138419 140585 141283 142702 142874 145629 147203 148724 149479 150726 152156 153153 154110 155132 155716 156612 157923 158468 159612 160487 161117 162010 162830 164539 165600 165959 166519 166857 167546 168113 168164 169659 170653 170949 171410 171444 172633 174203 174604 175211 177635 178172 179057 
82434 93923 95268 99207 102751 104794 107630 108601 114338 115102 116689 117281 118546 120933 122949 123610 124700 124721 128220 128765 129474 130909 132557 133404 134264 134452 135058 135893 136378 137290 138480 139145 140591 141758 142969 143890 146411 147871 149636 150474 151176 153049 153627 154543 155257 156612 157300 158271 158719 160026 161344 162104 162652 163603 164670 166291 166825 167778 168678 168936 169698 170675 171085 171323 171960 172606 172865 173454 175138 175809 176525 177926 178998 179221 
82629 94839 95282 99376 103702 104808 108335 108849 114530 115172 117069 117450 119341 121236 123613 123860 125198 125769 129048 129503 129584 131373 132846 133860 134602 134779 135527 136790 136868 138160 138780 139493 141200 142090 143635 144164 146522 148551 150508 150754 151383 153975 154801 155712 156614 157458 157525 158363 159664 160505 161782 162960 163802 163938 164759 166765 167703 168118 169499 169637 170044 170879 171579 171891 172137 172716 173065 174414 175187 176652 176873 178780 179767 180671 
82748 95032 95486 99531 104162 105196 108580 108858 115004 115741 118012 118554 119360 121357 124501 124818 125265 126262 129273 129811 130444 131452 133727 134201 135474 136465 136482 137184 137829 138202 139275 140173 142011 142732 144248 145181 147437 149502 150877 151435 152262 154009 155121 156358 156634 158235 158656 159272 160274 161317 162553 163715 164217 165145 165254 167653 167833 168549 169649 170547 170811 171474 172202 173003 173959 174123 174136 174504 175653 177234 177595 179127 180711 180949 
82794 95194 95798 100122 105022 106008 109374 109543 115624 115856 118346 118866 120343 121584 124836 125756 126511 126973 130183 130554 131058 132443 134020 134813 136202 137274 138264 138675 139644 140565 140949 141044 142444 142939 144678 145841 147618 149654 151275 151738 152627 154423 155261 157057 157527 158561 159619 160233 160295 162283 162882 164295 164539 165805 166342 168026 168450 169457 170587 171300 172189 172200 172662 173081 174316 174537 175005 175585 176262 177674 178620 179789 181177 181581 
83018 95764 96030 100202 105222 106078 110330 110999 115693 116366 118741 119488 120757 122206 125075 126554 126842 127522 130905 131211 131726 132459 134284 135472 136742 137597 138280 139641 140186 140607 141486 142273 142488 143029 145237 146835 147857 149768 151303 152151 152908 154816 155359 157278 157572 159114 160172 160995 161875 163003 163466 164808 164880 166357 166613 168501 168842 170293 170662 172023 172465 172843 173658 174109 175197 176163 176613 177104 177286 178380 179586 180566 181433 182420 
83107 96307 96816 100940 105910 106492 110342 111152 116625 116640 118954 120031 121613 122676 125469 127176 127463 127643 131639 132439 133135 133268 134695 136159 137265 138156 139198 140536 141344 141902 142274 142677 143601 143923 145666 147328 148623 150136 151879 152573 153831 154851 155421 157500 157593 159122 160282 161479 162662 163804 164058 165587 166195 166493 167561 169476 170340 170689 171468 172193 173204 173737 174527 175401 175673 177034 177366 178054 178944 179773 179956 180735 181853 183111 
83571 97095 97699 101121 106902 107789 111056 111295 116825 117364 119720 120867 122601 123383 125665 127705 128028 128472 131857 133101 134088 134525 135307 136350 137951 138278 139702 140643 141969 142792 143376 144057 144625 144921 145860 147517 148670 150473 152573 152866 154338 154888 156163 157986 158451 159860 160434 161818 163620 164076 164317 165649 167039 167332 168536 169963 170466 171079 172011 172942 173479 173759 174651 176103 176515 177173 177830 178079 179633 180062 180487 181332 182055 184050 
84123 97641 98479 101927 107647 107857 111980 112503 116974 118265 120216 121251 122814 124089 125696 128194 129033 129697 131992 133534 134172 135320 135512 136909 138241 138784 140195 141118 142452 143460 143661 144588 144997 145618 146317 148454 149625 151344 153377 154020 154865 155028 156714 158826 159488 160718 160956 162757 163945 164079 164747 165826 167944 168657 169001 170171 170671 171961 172744 173467 173942 174900 175283 176179 176712 177255 177952 178597 179715 180887 181263 181460 182217 184782 
84179 97978 99020 102682 108389 109258 112615 113400 117178 119251 120875 121908 123199 124199 125785 128414 129954 130889 132255 134320 134596 135825 136740 136939 138371 139279 140796 141573 142572 144240 144379 144660 145662 145857 147106 148866 150621 151749 154118 154462 155172 156164 157189 159364 160381 161484 161492 163062 164208 164463 164850 166795 168858 168874 169134 170644 170696 172315 173188 174440 174913 175682 175824 176479 177482 178180 178343 179471 179947 181003 181443 182312 182335 185682 
85024 98886 99265 103243 109363 109991 113042 114088 117712 119474 121373 122079 123479 124469 126765 128698 130603 131787 132992 134832 135123 136377 137088 137626 138687 139993 141614 141796 143372 144281 144883 145299 145833 146675 147256 149773 151037 152631 154628 155133 156160 156421 157984 160319 160488 162314 163307 163776 164495 164791 165607 167284 169572 170486 171421 171571 172303 172711 173883 174590 175477 176476 177060 177458 177520 178865 179462 180264 181061 181143 181960 182676 183025 185783 
85622 99521 100078 103766 110163 111139 113900 114402 118659 119788 122161 122280 124417 124586 127663 129085 131042 132443 133315 134929 135652 136754 137253 137848 139484 140816 141724 142794 143465 145194 145430 145510 146367 147667 148307 149979 151073 153575 155028 155453 156892 157019 158697 161058 161238 162322 163493 164684 165415 166325 167205 168152 170142 170505 172108 172808 172962 172993 174050 175183 175507 176497 177237 177598 177922 179766 180765 180792 181939 182131 183120 183398 183710 186077 
85668 100002 100254 104743 110635 111251 114048 114763 119509 120601 122344 122804 124977 125740 128361 129215 131643 133423 133803 134942 136216 136925 137557 137986 140332 141129 142638 143180 143873 146107 146805 147766 148074 149019 149200 150475 151967 153624 155046 156087 157783 158696 158879 161164 162072 162661 163634 165612 165793 166820 167238 168697 170196 171095 172385 173319 174241 174904 175034 176107 176129 177019 178098 178231 178309 180498 181400 181604 182380 182658 183944 184914 185561 186272 
86187 100807 100899 105399 111074 112225 114788 115138 119818 120936 122739 122812 125780 126453 128513 129807 131702 133462 134654 135101 136647 137923 138758 139123 141169 141724 142682 144045 144780 146617 147494 148083 148782 149080 149998 151300 152407 154235 155063 156694 158782 159714 159765 161304 162513 163240 164628 166467 167002 167255 167783 169593 170780 171121 173035 174099 174446 175772 176671 176911 177721 177804 178234 178903 179469 180530 181555 181630 183075 183862 184266 185123 186269 186591 
86865 100991 101778 105400 111581 112468 115781 116350 120485 121549 123488 123862 126636 127347 128995 130650 132471 133724 135249 135665 137271 137940 138846 139835 141265 141836 143621 144707 145603 147330 147626 148369 149711 150485 150635 151852 152645 154771 155834 157638 159188 160091 160323 162211 163495 163586 164993 166988 167257 167698 167792 169768 171618 171927 173369 174565 174710 176717 177552 178438 178828 179495 179846 179877 180544 180570 182175 182572 183294 184187 184724 185358 186799 187508 
87435 101032 102005 105991 112372 112690 115900 117309 120754 121856 123721 124799 127332 127650 129788 131020 132873 134699 136029 136738 138085 138725 139447 140591 141433 142324 143955 145240 145708 148058 148806 149104 150002 151244 152122 153102 153357 155380 156807 158034 159921 160378 161045 162376 164078 164501 165067 167494 167657 168320 168915 169782 172136 172918 173533 175160 175419 177353 178237 178696 178845 179693 180173 180819 181182 181565 182548 183086 183751 184764 184871 185624 187332 187510 
88314 101121 102358 106220 112561 113011 116880 117918 120937 122764 124036 125392 127513 128481 129824 131590 133723 135356 136281 137111 138904 139155 140205 141041 141739 142856 144594 145767 146248 148286 149768 150140 150980 151668 153044 153582 153950 155762 157103 158793 160697 161502 162214 163376 164934 165264 165513 168464 168470 169036 169790 170768 173108 173379 173735 175379 175645 177402 178906 179468 179705 180613 180641 180941 181994 182961 183086 183604 184660 185763 186340 186368 187476 187909 
88488 101178 102366 106387 112577 113359 117209 118416 120947 123297 124681 125738 128466 129352 130426 132072 134350 135741 137030 137316 139589 139972 141096 142065 142300 143382 144897 146639 146687 148645 150169 150857 151275 152438 153646 154224 154965 156428 157185 159373 161078 162477 163471 164097 165045 165580 166001 168522 168741 169372 170091 171605 173301 174354 175083 176002 176360 177471 179826 180379 181006 181378 182320 182537 182980 183111 183341 183956 184914 186356 186421 186456 187964 188420 
89055 101455 103104 106388 112641 114212 117984 118474 121122 123826 125162 125926 128898 129892 131034 132295 134876 135884 137394 137719 139916 140792 142015 142607 143483 143738 145284 146715 147003 149099 151003 151317 151782 152947 153941 154235 155361 156780 157473 160187 161645 163423 163533 164551 165800 166703 166762 168730 169034 170164 170233 172329 173671 174722 175756 176320 177136 178393 180015 180424 181331 182153 182461 182716 183198 183791 183913 184241 184931 187210 187843 188252 188636 189043 
89235 102161 103138 106623 113449 114729 118242 119469 121147 124736 125493 126349 129153 130892 131198 132517 135594 136041 138319 138544 140142 141445 142551 143234 143677 143996 145958 147497 147692 149587 151384 152107 152778 153553 153942 154477 156048 156865 157695 160466 162072 164051 164308 164721 166298 167316 168210 169267 170005 170784 171691 172567 173959 175154 175929 177014 177381 178531 180296 180948 182230 182792 182871 183712 184462 185376 185889 186621 187398 188170 188365 188578 189071 189411 
89364 102781 103686 107514 114127 115033 118954 120162 121707 125572 126303 126767 129902 131470 131761 133289 136587 136809 138471 138742 140288 142211 142663 143603 143909 144012 146154 148104 148417 150174 151888 152645 152918 153854 154379 154842 156750 157616 157751 161335 162851 165020 165791 166239 167012 167770 169046 169466 170615 171467 172491 173318 174580 176031 176722 177053 178051 179257 180778 181873 182589 183138 183351 184319 185383 185460 186316 187203 187788 188944 189618 190155 190928 191814 
89943 103773 104126 107956 114860 115126 119392 120348 122408 125770 126313 127587 130503 131851 132383 133620 137137 137387 138529 138947 140800 142948 143761 144744 144828 145365 146914 148984 149187 151101 152161 152665 153353 154394 154703 155458 157297 158141 158370 161759 163439 165955 166529 166731 167383 167977 169216 169644 171478 172469 173100 173636 175384 177029 177216 177501 178761 180221 181071 182541 183247 183515 184282 185124 185522 185763 186518 187422 187810 189184 189939 191126 191661 192109 
90551 103806 104725 108576 115760 116643 119842 121072 122655 126539 126950 127735 130726 132302 132889 134094 138051 138552 139377 139949 141063 143766 144427 144805 144853 146179 147249 149456 150356 151652 152404 152984 154098 155251 155322 156286 158192 158351 159212 162675 163655 166258 166795 167688 168613 169107 169864 170708 172260 172558 173704 174474 175828 177877 178609 179289 180156 180381 181072 182857 183980 184818 185160 185391 186349 186578 187200 187455 188223 189743 190702 191452 192503 193311 
91465 103974 105497 109474 115836 117076 120354 121958 123448 126868 127482 128165 130999 132777 133832 134425 138336 139166 140345 141204 141279 144549 145505 145780 146168 146450 147921 149884 151014 151944 152670 153780 154861 155948 156757 156917 158989 159903 160144 163484 164519 166636 167685 168643 168777 169976 170092 171209 172955 173142 174175 175449 176533 178675 178910 179708 180298 181123 181918 183763 184097 185601 186156 186595 186857 187623 188215 189044 189930 190253 191254 191998 193296 194184 
92079 104580 105764 109982 116709 117762 120915 122114 124183 127231 127935 129091 131146 133405 133968 135200 138575 139976 140445 141678 142673 145188 145944 146406 147084 147115 148868 150348 151626 152012 152920 154117 155070 156523 156976 157089 159869 160156 160242 163665 165424 166871 168570 169372 170281 170826 171230 171775 173306 174220 175134 176274 176700 179019 179432 179897 181059 181456 182173 184123 184307 186569 186993 187560 188319 188668 188963 189745 190268 190836 192106 192657 193783 194990 
92669 105168 106048 110294 117061 118186 121896 122845 124453 127492 128879 129528 131166 134143 134528 135568 139211 140033 140804 142297 143386 145938 146780 147185 147827 148097 149606 150488 151700 152081 153603 154245 155588 156705 157602 157718 160311 160813 161809 163673 165701 167067 169195 169660 170758 171019 171250 172402 173811 174546 176023 176866 177563 179372 179595 180376 181666 181811 182320 184528 185013 186877 187843 188149 188682 189468 190332 191111 191163 191614 192807 192952 194356 195244 
93349 105501 106681 110880 118006 118496 122694 123215 124872 127988 129827 130360 131626 135083 135574 135895 139219 140039 141349 143031 143490 146067 146937 147320 148662 149627 149638 150492 152070 152688 153764 155006 156365 156959 158043 158346 160531 160946 162568 164312 165823 167663 169953 170848 170857 171399 171896 172756 174354 174579 176750 177085 178563 179437 180450 180982 182623 182784 183288 184957 185375 187659 187847 188585 189440 189995 190353 191121 191324 192466 193113 193203 194992 195399 
93793 106458 107476 111682 118293 118915 122847 123611 125829 128931 130558 131366 132419 135919 136057 136530 139961 140252 141919 143135 144284 147055 147623 148536 149584 149715 150014 151237 152331 153332 154614 155010 156533 157809 158716 158935 160840 161779 162857 164438 165906 168568 170248 171646 172129 172586 173091 173672 175168 175269 177461 177603 178835 179839 180928 181026 183398 183814 184814 185716 186246 188629 189073 189707 190584 191182 191616 192236 192869 193188 194002 194826 195110 196337 
