215 43 18188
385 877 1582 2401 2853 2926 3562 4299 4558 4952 5336 5408 5851 6738 7100 7963 8470 8521 8700 9022 9875 10534 10929 11493 11871 12362 12998 13205 13233 13847 13863 14692 15446 15983 16295 16606 17207 17483 17570 17771 17791 18070 18214 
687 1631 2365 3243 3343 3499 3588 4921 5777 6341 6742 6857 7107 7643 8530 9138 9876 10065 10165 11025 11871 11877 12696 13136 13313 14130 14895 15255 15623 16162 16720 16821 16978 17020 17864 18680 18907 19459 20009 20309 21134 21748 22162 
1681 2445 3416 3516 3812 4285 4571 5876 5877 6726 6820 7581 7778 7965 9340 10218 11129 11612 12223 12489 13126 13494 13518 13974 14508 14567 15447 16444 16911 17242 17740 18645 18884 18892 19402 19586 20067 20433 20972 21256 22138 22912 23470 
2551 2865 4118 4399 4775 5002 5832 6570 6747 7151 8065 8975 9347 10287 11071 11143 11893 12499 12919 13646 13770 14705 15026 15233 16003 16996 17325 18069 18686 19050 19168 19861 20434 21174 22131 23077 23432 23520 24087 24979 25579 25743 26360 
2790 2890 4945 5901 6074 6587 6863 7778 8285 9238 9656 9957 10583 11319 12152 12533 12882 13013 13273 14167 14962 15781 15863 15969 16918 17172 18273 18661 19555 19860 20193 21157 21342 21618 22206 23360 23854 24511 25081 25281 25736 25821 26626 
3335 4172 5040 6518 7339 8002 9000 9078 9873 10810 11344 12278 13136 14007 14720 15329 16207 17007 17045 17468 17898 17935 18573 19146 19304 20246 21240 22190 23011 23305 24061 24086 24955 25049 25312 25789 26708 26849 27373 27736 28274 29066 29710 
3428 5077 5859 6717 7908 8336 9790 10446 10582 11157 11563 13276 14106 14909 15005 16307 16570 17233 17261 17956 18138 18622 18751 19291 19743 20293 22008 22258 23548 24367 24925 25865 25962 26286 26833 27792 27840 28211 28786 28851 29666 30600 31190 
3909 5290 6325 7637 8071 8463 10755 10787 11442 12354 12959 13891 14831 15249 15907 16326 16671 17746 18093 18726 19589 19678 20459 20953 21770 22294 22352 22884 24450 25100 25322 26663 27082 27696 28312 29058 29611 29988 30335 30393 31181 31395 31839 
4365 6052 6479 8453 9374 10168 11615 12508 12675 12790 13116 14248 15079 16245 16725 17265 17313 18188 18314 19286 19654 20106 21062 21147 22166 23088 23610 24206 25057 25232 25992 26908 27410 28673 29148 29358 30040 30990 31449 32190 32951 33508 33602 
4918 6676 7415 9117 10330 10890 12320 13445 13882 14772 15286 15577 15761 17182 18028 18903 19461 20012 20361 20547 21035 21503 21713 21970 22945 23701 24121 25178 25429 26414 26436 27240 28087 28696 29448 30108 30788 31657 32010 33107 33223 33926 34843 
5301 6696 8034 9966 11259 11893 12791 13909 14334 14824 15483 16463 16669 17989 18206 19094 20030 20648 21026 21521 21538 21961 22630 23044 23783 24180 24226 25396 25431 27209 27399 27645 28812 29181 29800 30463 31040 32597 32858 33152 33714 34536 35020 
5738 6909 8536 10813 12066 12377 13392 14061 14515 15193 15558 17443 18125 18746 19566 19567 20337 21158 22116 22664 22872 23397 24062 24183 24863 25622 25936 26651 27112 27929 28004 28760 29782 30654 30668 31407 31979 33219 33882 34761 35410 35539 36460 
6415 7698 9370 11232 12847 12997 13500 14696 15268 16036 16663 17525 18694 18846 19860 20318 20966 21462 22245 23613 24226 24241 24842 25468 25475 25708 26659 27411 27418 28214 28456 29043 30122 31581 31625 32166 32491 33758 34829 35003 35623 36491 36677 
6687 8577 9948 11277 12949 13741 13775 15390 16167 16874 17583 18072 19586 19917 20221 21272 21388 21579 22880 24582 25379 26287 26517 27316 27932 28481 28986 29065 29558 30245 30994 31487 32324 32330 32890 32910 33047 34376 35434 35935 36717 36787 37250 
7217 8876 10947 11893 13462 14261 15013 15646 16389 17688 18271 18549 20321 21266 22111 22290 22934 23134 23292 25058 26040 26654 27295 27644 28201 28767 29690 30392 30774 31344 31534 32527 32574 32943 33623 33933 34475 34861 36285 36313 37399 38116 38782 
7334 9067 11589 12346 13805 14651 15445 15921 16406 17786 18917 19353 20726 22098 22592 22679 23274 23469 23528 25735 26136 26802 27981 28370 28487 29326 30540 30670 31586 32531 33203 34056 34643 34957 35680 36124 36672 36781 37418 38192 38497 38761 38807 
7835 9467 11806 12838 13964 14702 15577 16431 16807 18520 19388 19557 21492 22527 23537 23707 24306 25030 25253 25927 26792 26973 28880 28972 29582 30180 31052 31484 31741 32911 34048 34210 35586 35880 36135 36184 37348 37762 38586 39516 40456 40861 40970 
7901 10141 12738 12952 14170 15083 16357 16625 17166 19404 20333 20983 21714 22733 23747 23842 25231 25735 25960 26838 27246 28204 29011 29576 29952 30464 31110 31950 32929 33073 34876 34984 36295 36513 36665 37008 37593 38031 39365 40319 40690 41600 41909 
8768 10857 12990 13549 15089 15493 16838 17641 18349 20036 20338 21692 22613 22875 24243 24582 25927 26628 27049 27448 28248 29032 29765 30704 31689 31764 32714 33420 33730 33798 35397 35932 36361 36590 37322 37909 38538 39009 40185 41144 41974 42386 42835 
9540 11836 13142 14211 15093 15752 17011 17916 19289 20421 20629 22637 23446 24408 24978 25334 26073 27243 27678 28644 28912 29979 30679 30961 32585 32971 33119 33621 33944 34211 35528 36457 37150 37473 37702 38782 39481 39687 40312 41421 42110 43005 43430 
9992 12646 13576 14730 15480 16179 17632 18834 19736 21170 21543 23251 23762 25144 25230 25622 26219 28198 28588 28710 29037 30855 31228 32214 32697 33214 33955 34806 35066 35223 35926 36575 38123 38465 39313 40152 40490 40603 41432 42196 42795 43571 44509 
10104 13001 13795 14784 15518 16536 17981 19130 20167 21220 21568 23413 23950 25205 25974 26215 26706 28396 29198 29447 29916 30900 31636 33135 33623 34013 34027 35018 35161 35595 36623 37530 38970 39540 40204 40707 41190 41393 41933 42472 43326 44552 44737 
10259 13649 14158 15463 15767 16637 18945 19602 20551 21573 22410 23952 24798 26131 26929 27445 28079 28508 29424 29975 30177 31065 32490 34036 34769 35542 36209 36840 37490 37701 38260 38825 39105 39795 40638 40846 42000 42571 43435 44399 45351 45882 46335 
10263 14455 15401 15970 16455 17018 19538 19803 21271 22101 22751 24035 25158 26289 27393 27612 28162 29073 30411 30626 31076 31519 33192 35009 35607 35610 36908 37456 37507 38309 38333 39291 40172 40762 40969 41152 42407 43532 44205 44684 46123 46298 47181 
10845 14776 16269 16287 17322 18313 19595 20793 21613 22711 23274 24354 25967 26708 27676 27785 28858 29487 30695 31330 31535 31811 33553 35690 35845 36168 37159 37845 37901 39282 39700 40022 40574 41104 41519 41945 42604 44067 44824 44861 46388 47319 47411 
11282 15136 16587 16973 17560 18576 20038 21029 22502 23388 23702 25132 26692 27610 28427 28679 28861 29697 30769 31609 32326 32662 33749 36176 36516 37118 37643 38511 39444 40400 40792 41724 42389 42919 43316 43563 43733 45040 45354 45393 46865 47930 48591 
11492 15244 17271 17424 18508 19261 20686 21127 23393 23918 24132 25674 27668 28577 29315 29906 30189 30679 31013 32437 32711 33091 34093 37085 37354 38187 38978 39861 40543 40805 41198 42320 43227 43403 43465 44032 45007 45515 45640 46051 47500 48831 49481 
11543 16020 17294 18303 18799 19765 20769 22056 23517 24577 24810 26444 28388 28592 29566 30064 30261 31245 31380 33293 34180 34515 34696 37389 37468 38538 39976 40553 41023 41706 42505 43273 44110 44206 44372 44860 45160 46422 47380 47501 48436 48979 50231 
12262 16047 18223 19088 19490 20759 20846 22611 24465 25073 25530 26798 29180 29437 29943 30477 31377 32097 32378 34082 34217 34655 35022 37426 38294 38838 40078 40976 41033 41847 43099 43595 44495 44544 44803 44875 45452 46961 47437 47849 48735 49126 50843 
12458 16752 19185 19318 19715 21107 21203 23277 24566 25773 26620 27540 30133 30458 30659 30825 32371 33345 33993 34376 34598 35140 35215 37677 38529 38890 40659 41765 41989 42115 43374 44224 45239 45498 46469 46622 47487 48219 48458 49113 49575 49601 51817 
12916 17041 19887 19926 20621 21881 22226 23709 25404 25828 27147 27656 30235 31011 31648 32526 32987 34103 34339 34673 35452 36133 36566 37842 39484 40347 41585 41813 42101 42391 43852 45204 46194 46796 47565 47810 48558 49067 49263 50190 51038 51584 52431 
13161 17538 20432 21203 21929 22217 22554 24186 25577 26008 27209 27720 31141 32007 32972 33611 34219 34498 34979 35839 35902 36362 36791 38167 40412 40573 41814 42145 42312 43238 44560 45924 47166 47394 48015 48404 48586 49238 49417 50321 51092 52488 53333 
13923 17616 20965 21922 22655 23182 24139 24749 25742 26186 27616 28504 31538 32532 33713 34228 34851 35213 36189 37024 37045 37614 38534 38758 40699 41223 42038 42368 42754 43866 44951 46699 47839 48032 48577 49513 49996 50096 50220 51207 51960 52735 54332 
14063 17696 21342 22483 22789 23184 24638 25443 26693 26754 28428 29355 32348 32706 34500 35158 35380 35748 36643 37067 37392 38026 38853 38958 40953 41649 42404 43115 43909 44671 45011 47489 48753 49369 49556 49775 50536 51499 52026 52729 53297 54026 54610 
14903 18151 21488 23113 23914 24525 25359 26113 27688 28535 28876 29759 33097 33733 35333 36246 36823 37798 37872 38039 38215 39123 39422 39512 41131 42264 42655 43624 44113 44757 45995 48415 49666 50517 51192 51632 51908 52239 52351 53081 53621 54443 55472 
15542 18757 21722 23309 24650 24960 25811 26456 28203 28825 29377 30335 33415 34079 35381 36479 37651 37885 38000 38546 39183 39929 40510 40846 41435 43161 43187 43899 44771 45610 46827 48930 50145 50909 51392 52411 52918 53290 53783 54499 54738 54971 55633 
16232 19598 22049 24173 25193 25383 26709 26911 28690 28852 29575 30357 33888 34238 35521 37383 37880 37954 38626 38976 39531 40190 41241 41884 42542 43417 43418 44027 44972 45737 47299 49372 50287 51613 51615 53373 54114 54218 55061 55596 56298 56629 57104 
16690 19824 23043 24174 25541 25735 27187 27416 29134 29834 30702 31337 34682 34903 36045 37902 38568 39008 39023 39367 39929 40895 42207 42228 43526 44246 44617 45596 45758 46679 47606 50040 50632 52012 52032 53822 54995 55020 55746 56123 56395 57557 57885 
16727 19983 23354 24640 25663 26428 27889 28857 29600 30444 31606 32604 35461 35614 36925 38385 38785 39913 40562 40819 41163 41733 42848 43439 44424 44790 45717 46041 46881 47416 48464 50573 50991 52105 52904 54528 55613 56245 56705 57209 57290 58104 58960 
16940 20238 24006 24710 26008 26851 28150 29714 30095 31379 31998 33053 36124 36470 37250 38946 39343 40211 41077 42021 42192 42621 43490 43581 44878 45189 46052 46390 47715 48363 49430 50613 51410 53016 53134 55237 56308 56400 57492 57843 58554 59389 60346 
16987 21005 24168 24726 26247 26972 29018 29878 30461 31670 32763 33595 36899 37114 38117 39176 40076 40862 41084 42650 43063 43709 43872 44117 45059 45917 46641 46896 48133 48723 50210 50660 51616 53049 54000 55968 56862 57484 58286 58492 58950 59717 60942 
16994 21743 24562 25602 27000 27450 29133 30246 31144 32409 33661 34047 37839 38773 39583 40052 40399 41346 41782 42802 43681 43729 44643 44807 45274 46196 46653 47502 48613 49438 50213 51652 52404 53956 54627 56289 57029 58337 59091 60049 60303 60590 61231 
17730 21757 25406 25886 27359 27919 29437 31134 31911 33103 34196 34406 38326 38879 39960 40355 40733 41354 42589 42936 44324 44389 44711 45754 45855 46471 47180 47823 49504 50107 50770 52011 52970 54043 55404 56960 58000 58607 60027 60863 60911 61492 61847 
17843 21889 26268 26391 27575 28750 29442 31667 32575 33244 34633 35628 38677 39531 40460 40465 41602 42190 43356 43628 44860 45594 45953 46602 46873 47632 47662 48207 49949 50372 51553 52328 53005 54499 56100 57014 58505 58925 60766 61796 61844 61961 62951 
18806 21896 27060 27888 28495 28953 30041 31708 32677 33425 35122 35965 39066 39635 40719 41005 42376 43053 44037 44143 45293 45788 46764 47513 48148 48621 48927 49115 50252 51002 52088 52869 53537 54898 56613 57579 58764 59418 61426 61913 62375 62461 63620 
19595 22761 27166 28231 28994 29662 30963 32479 33230 33587 35715 36911 39839 40499 40904 41095 42865 43832 44522 45206 45323 46224 47541 47684 48341 49587 50160 50450 50795 51868 52907 53413 53553 55010 56738 58419 59624 59754 62358 62521 63201 63883 64606 
20415 23739 27816 28409 29396 30167 31821 32811 33484 34186 35821 36951 40191 40612 41339 42194 43129 43932 44894 45459 46035 46845 48071 48176 48443 50164 50272 50497 51358 52701 53517 53794 54784 55157 57385 58704 59887 60704 62985 63180 63432 64776 65766 
20611 24483 28813 29059 29572 31095 32760 33158 33803 34946 36299 36980 40659 41577 41983 42909 43918 43964 45503 46036 47036 47199 48583 48979 49538 50363 50554 51007 51709 52744 53978 54544 55458 55740 57965 59678 60884 61881 63936 64637 65628 66248 67164 
20952 24936 29051 29121 29626 31924 33650 34098 34929 35882 37269 37402 41153 42344 42868 43784 44024 44577 46457 47337 48136 48981 49833 50451 50949 50994 51864 51960 52298 52927 54166 55500 55567 56406 58941 59888 61585 62464 64559 65228 65906 66991 67900 
21211 25697 29105 29480 29928 32173 34347 34570 35585 36655 37304 38283 41768 42682 43731 44134 44679 45246 47456 47932 48404 49059 50265 50811 51828 52153 52863 53404 53583 53982 54582 55560 56503 56524 59582 60863 61690 62954 64774 65999 66686 67775 68420 
21811 26287 29524 30202 30990 32848 34858 35195 36526 37641 38102 38485 42448 43205 44265 45200 45962 46934 48147 48956 49432 50030 50958 51337 52323 52764 53558 53632 54527 54632 54634 55960 56783 57444 60306 61590 62299 63079 64806 66320 67394 68421 68621 
22049 27240 29724 30295 31197 33751 35774 36241 37026 38203 38823 39720 42662 43391 45184 45204 46481 47084 48548 49547 49598 50897 51931 52413 53133 53146 54296 55107 55764 56719 57609 58321 58524 58908 60902 61623 63003 63786 65646 66487 67902 69393 70271 
22665 27763 30134 30538 31255 34070 36659 36921 37493 38437 39539 40571 42858 44061 45275 45819 46508 47587 49355 49726 50686 51414 52382 53347 54059 54479 54701 55109 56364 57202 58432 59429 60114 60895 61736 62607 63834 63852 65931 67271 68752 69952 71102 
22827 28533 30360 31196 32082 34726 37384 37840 38217 38588 39708 41318 42955 44529 45685 46651 46941 47880 49828 50341 51154 51950 52965 53626 54715 55543 56052 56606 57477 57575 58696 60399 61195 61224 62222 62856 64207 64221 66772 67876 69207 70593 71883 
23180 28972 30395 32011 32743 35189 37417 38122 38767 39065 40062 41814 43261 44546 46154 47423 47495 48003 50740 51045 51504 52194 53288 54161 54961 56364 57189 58087 58316 58734 59029 60668 61895 62348 62854 63078 65053 65762 67043 68161 69814 71564 72176 
23530 29263 30877 32951 33751 35941 38243 38965 39748 40395 41298 42125 43772 44754 46439 47701 48670 48697 50812 51359 51583 52731 53858 54490 55181 56385 57215 58236 58612 58767 59897 60870 62150 63211 63533 64309 65686 66166 67158 69105 69947 72189 73081 
24181 29588 31047 33482 33965 36060 39095 39810 40728 41598 42041 42594 44655 45439 46507 48389 49256 49829 51033 52250 52869 53796 53872 54767 56151 56659 57260 58464 59462 60353 60558 61574 62895 64099 64262 65152 65757 67040 67303 69689 70102 72925 73920 
25019 29980 31452 33511 34694 36797 39958 40630 40815 41810 42064 43217 45192 46378 46609 48721 50012 50016 51776 52430 52944 54719 54771 55257 56528 56876 57298 58695 59852 60822 61105 61768 63750 64567 64766 65521 66369 67244 67716 69961 70589 73796 74109 
25487 30784 32183 33743 35134 36799 40068 41453 41665 42726 43364 43889 46045 46506 46706 49583 50670 51303 52350 53418 53792 55358 55729 56284 57224 57906 58895 59753 60466 61108 61662 62766 63935 65290 65578 66326 66715 67576 68465 70471 70644 74114 74895 
26062 31317 32893 34374 35490 37642 40155 41816 42249 43651 43788 44250 47038 47585 48431 49719 51475 52258 52374 54124 54451 55760 56230 56699 57762 58623 59681 60647 61461 61837 61898 63297 64577 65799 65990 66642 67667 68569 68798 70483 71400 74883 75074 
26643 31640 32924 35240 36247 37739 40807 42270 42773 43816 43928 44606 47100 48374 48806 50546 52294 53079 53620 54443 54855 56207 56374 57419 57786 59333 59847 61623 62353 62751 62796 63576 64760 66168 66941 67690 68141 68829 69749 70525 71574 75237 76049 
27520 32318 33287 35817 36281 37822 41555 42297 42797 44815 45706 46129 48007 48843 49213 51428 52454 53692 54392 54643 55545 56665 57129 58407 58578 59751 60449 62277 62981 63781 64323 65218 66141 66890 67642 68147 68801 69688 70392 70788 72545 75777 76745 
27811 33102 34098 35872 36949 38610 41916 42927 43458 45158 46475 46581 48243 49185 49658 51986 52723 53798 55043 55317 56156 56973 57218 59106 59188 60650 61595 63189 63889 64126 64777 65335 66325 67173 67918 68924 69540 70511 70512 70802 73002 76522 77051 
28359 33973 35013 36575 37776 39184 42522 43734 44557 45975 47242 48121 48893 49462 49993 52932 52976 54324 55164 56241 56404 57523 58457 59808 60430 60658 62457 63503 64535 64909 65153 65766 67134 67994 68591 69254 70299 71414 72389 73017 73020 76579 77260 
28984 34001 35443 37447 37836 39852 43000 43758 45072 46367 48097 48351 49775 50736 51609 53491 54407 55152 55572 57145 58128 58540 59495 60156 61094 61576 63051 63528 65426 65622 65909 66590 67653 68758 68822 69762 71054 71693 72417 73873 74860 77160 78130 
29686 34644 35770 38316 38884 40625 43721 43876 45365 47203 48715 49328 50368 50825 51994 54001 55008 55260 56012 57982 58372 59519 60388 60475 61322 61635 63702 64609 66156 66297 66766 67234 68196 69536 69561 69873 71826 72045 72622 74340 75304 77863 78340 
30447 35313 36704 38726 38942 41046 43723 43924 45981 47297 49433 49725 50866 51446 52359 54538 55220 55768 56304 58548 59150 60518 61495 62189 62217 63065 64133 65575 66808 67742 68022 68711 69043 69614 70052 70086 71937 72580 72652 74811 75791 78591 79550 
31215 35648 37211 39025 39620 41929 44371 44624 46901 47406 50163 50742 51235 51625 53230 54762 55230 55890 56499 59090 59751 61279 62336 62579 62596 64057 64543 65812 67668 68574 68580 69201 70018 70227 70650 71160 72171 72956 73105 75058 76513 79261 79658 
31245 36167 37471 40007 40856 42558 44697 45556 47745 48698 50513 50770 51898 52107 54176 55753 56639 57406 57602 59238 59928 61717 62684 63641 64100 64213 64967 66178 68644 69004 69187 69483 70282 70726 70978 72081 72331 73628 74128 75119 76597 79850 80628 
32170 36647 38357 40548 40973 43078 45112 46224 48601 49549 51249 51642 52786 52837 55168 56314 56669 57916 58533 59844 60413 62134 63383 63960 64644 64916 65964 66891 68890 69181 70063 70568 71078 71143 71202 72302 72956 74471 74556 75324 77563 80709 80925 
33050 37025 38410 41357 41805 43417 45607 46362 48702 50161 52148 53125 53180 54049 55803 56865 57176 58131 59249 60620 61105 62762 63984 64893 65675 65696 66821 67243 69741 70678 70864 71816 72486 73045 73867 74437 75189 75220 75290 75981 77749 81117 81496 
33684 37447 39008 42297 42910 43478 46223 46490 49088 51069 52426 54010 54905 55517 56358 57172 57503 58449 59771 61016 61166 63295 64724 65181 66119 66966 67906 68641 70627 70695 71083 72082 73132 73586 74373 74967 75433 75949 76804 77153 78565 81577 82138 
34006 38391 39378 43052 43453 44343 46359 46950 49484 51622 52572 54378 55772 55825 57197 58142 59124 59150 60180 61731 62644 63418 65307 65735 66562 67568 68721 69538 71165 71591 71964 72141 73558 73932 74884 75713 75785 76873 77007 77552 78626 82153 82795 
34472 38449 40320 43563 44541 44864 47143 47605 49606 52195 52806 54619 56498 57181 57298 58296 60075 60624 61325 61935 62893 63528 65802 66229 66939 67886 69327 70332 71736 72256 73246 73765 74021 74176 75491 76596 76916 77742 77831 77950 78915 83150 83724 
35023 39173 41157 44401 45336 45441 48043 49021 49735 52447 53600 55295 56704 57798 58316 58480 60545 61249 61382 62327 63551 64517 66766 67169 67469 68487 69419 71046 72624 72926 73994 74445 74821 75783 76136 76900 77604 78448 79239 79469 80321 83632 83982 
35652 39712 41338 44759 46227 46561 48878 49553 50335 53241 54317 55476 57601 58089 58588 58667 60705 61281 61545 63160 63594 65141 67021 67898 68782 69134 70376 71310 73015 73691 74702 75621 76187 76319 76966 77391 78000 78548 79898 80383 81093 83995 84706 
36648 40142 41987 44930 46971 47387 49574 50496 51411 53570 54818 56026 57989 58876 59517 59524 61213 61986 62618 63847 64100 65925 67135 68281 68873 69547 71368 71439 73634 73873 74720 76228 76951 77248 77694 78037 78069 79277 80300 80945 81980 84111 85660 
37219 40409 42092 45888 47656 47918 49605 50578 51868 54100 55766 56998 58156 59681 60429 61384 62302 62660 62773 64645 65166 66243 67248 68830 69317 69972 72250 73221 74011 74864 75358 76684 77406 77991 78374 78660 78709 79603 81177 81840 82429 84856 86399 
37664 41303 42603 46450 47990 48770 50098 50798 52678 54383 56550 57106 59069 60379 60820 62276 62902 63456 63913 65389 65984 67101 67397 69130 69892 70648 73009 73796 74875 75703 75899 77196 78218 78756 78901 79793 79988 80859 81510 82176 82982 85697 87194 
37829 41828 43592 47423 48434 48947 50679 51598 53623 54447 56709 57692 59686 60415 61422 63104 63417 64198 64696 66185 66718 67423 67587 70120 71067 71376 73769 74126 75724 76156 76647 77571 79058 79917 80323 80969 81510 82456 82537 83171 84033 86002 87803 
38647 42653 44467 48189 48708 49773 50986 52020 54301 54865 57647 58256 60159 61233 61881 64064 64689 64801 65523 66602 67325 68270 69206 70866 71817 72592 74071 74944 76510 76576 77007 77628 79810 80820 81548 81577 81656 83171 83544 84116 84814 86185 87937 
39441 43620 44733 48960 49432 50245 51521 52927 54913 55235 58354 58734 61156 61253 62115 64347 64881 65657 66372 67054 68005 68782 70020 71695 71852 72794 74295 75629 77490 77502 78442 78742 80393 81498 82063 82881 83556 83998 84352 84725 84921 86920 88415 
40129 44307 45278 49278 49655 50863 52087 53361 55695 56324 58666 58951 61447 61500 62770 64708 65484 66355 67221 67852 68779 69706 70098 71738 72624 73245 74871 76532 77540 77588 79123 80056 81208 81787 82862 83541 84295 84508 85291 85303 86280 86924 88934 
40693 44878 45713 49397 49888 51494 52177 54140 55787 57063 59426 59482 62277 62505 63755 65690 66258 67141 67291 68578 69197 70310 70414 72039 73462 73561 75580 77482 78188 78986 79332 80548 82071 82962 82971 83845 84591 85297 85790 86630 87054 87869 89244 
41552 45404 46524 49744 50216 51843 52513 54478 56671 57859 59748 60214 62433 63291 64547 66164 66935 67718 68322 68743 69592 70514 70750 72590 74105 74159 76177 78372 79014 79560 79775 80950 82633 83860 83889 84369 85287 85803 86711 87045 87714 88855 89289 
42457 45778 47179 50650 51052 52517 52821 54889 56925 58762 60405 60918 63097 63355 65389 66234 67206 68151 68961 69116 69676 70783 71246 72965 74606 74812 76601 79311 79718 80550 81198 81440 82723 84699 84749 85339 85981 86059 87185 88166 88928 89305 90292 
42540 46441 47615 51385 52129 53331 53561 55201 57710 59381 60936 61162 63583 63610 66250 66398 68156 68628 69323 69683 70365 70915 71884 73817 74926 75063 77362 79998 80939 81223 82069 82903 83090 85066 85238 85883 86965 87948 88017 88801 88992 89780 90695 
42791 47233 48025 51626 52964 53555 54049 55218 58169 59400 61880 62413 63826 64272 66490 67212 69110 69409 70129 71040 71683 72239 72262 74539 75048 75688 77412 80844 81482 82071 82987 83025 83691 85541 86462 86689 87660 88094 88788 88968 89504 90068 91322 
43059 47551 48290 51865 53178 54180 54615 55778 58849 59656 62692 63292 64495 65218 67419 67449 69502 70239 70335 71245 72005 72848 73335 74946 75834 76466 77524 81003 81801 82390 83322 83324 83901 85874 86692 87255 87899 88201 89597 89973 90714 91199 92282 
43365 47614 48998 52537 54076 55009 55264 56773 59248 60054 62989 63912 65241 65928 68166 68951 70350 70491 71317 71541 72614 73042 73794 75883 76155 76552 77821 81693 82180 83365 83741 84310 85235 86236 86759 87648 88521 89341 90095 91037 91744 91960 93236 
43465 48555 49692 52698 55049 55530 56519 57576 59966 60362 63819 64850 65313 66696 68463 69697 71122 71962 72788 73123 73396 74014 74751 75902 76951 77058 78395 81800 82715 84113 84141 84484 85814 87090 87127 88617 89531 89703 90474 91065 91882 92362 94016 
43982 48983 50017 53549 55131 55575 56681 58133 60106 60612 64801 65238 66296 66904 68495 69717 71490 72693 72809 73136 73996 74976 75567 76896 77268 77583 79315 82709 83525 85048 86015 86625 87529 88041 88753 88983 89868 90461 90694 91358 92077 93005 94721 
44515 49705 50584 53790 55165 56022 57254 58492 60855 61424 65459 66178 66895 67216 69399 70665 72166 73389 74020 74211 74896 75141 76286 77496 77812 78010 79826 83440 84038 85130 86356 87123 87630 88378 89686 89871 89917 91279 91328 92199 92379 93894 95119 
44673 50613 50720 54386 55514 56671 58124 59432 61208 61720 65691 66627 67702 67996 69900 70976 72446 74332 74380 74896 75650 76107 76801 77818 78376 78542 80728 83795 84106 85213 86646 87360 88441 89245 90673 91089 91531 92443 92501 93071 93345 94395 96066 
45360 51047 51287 55357 56345 56672 58573 59842 61616 61872 66496 66871 68131 68378 69996 70987 72665 74601 75576 76502 76585 77118 78109 78955 79599 79970 81227 84689 85014 85481 87076 88242 89241 90210 91191 91407 91605 93302 93746 94667 95491 95937 96683 
45717 51645 52146 55633 56423 56886 58836 60208 61670 62162 67379 67733 68163 68534 70842 71407 72964 75377 75925 76903 77303 77560 79055 79136 80230 80637 81568 84992 85627 86538 87867 89185 89638 90676 91422 91854 91855 93972 94776 95401 96371 96636 96891 
46446 52324 52445 56622 56980 57633 58990 61172 61965 62372 67551 68219 68511 69327 71814 72771 73605 75588 76253 77104 77353 78415 79718 80380 80875 81472 81737 85956 86757 86809 88538 89931 90909 90979 92016 92679 93564 93974 94871 96001 97297 97702 97805 
46839 52970 53079 57389 57439 58614 59388 62090 62226 63013 67864 69203 69338 69404 72027 73230 74219 75667 76828 77226 77488 79248 80545 80599 80901 81618 81917 86636 87347 88319 88864 90229 91426 91517 92153 93265 94478 95074 95390 96791 97632 98248 98644 
47030 53943 54820 57891 58040 58999 59954 62527 62722 63589 68644 69682 70416 70458 72139 73661 75064 76650 77629 77699 78619 80208 81119 81181 81534 81943 82685 86780 87782 88963 89648 90542 91758 92276 92934 94166 94916 95648 96075 97720 98560 98728 98976 
47446 54685 54831 58567 59423 59985 60927 63183 64104 64137 69533 69767 70647 71389 72538 74138 75651 77149 77788 78773 79140 80895 81131 81291 82005 82421 83482 87743 87848 89794 90160 91315 92660 93280 93779 94860 95215 96139 96235 98484 99061 99476 99508 
48057 54886 55051 58683 59975 60779 61223 63286 64493 65378 70184 71045 71244 72333 73537 74621 75762 77432 77822 79723 80252 81815 82494 83012 83573 84298 84796 88447 88634 90364 91009 91555 93407 94083 94780 95825 96468 97225 97243 98904 99659 99833 100004 
48359 55648 55793 59340 60887 61333 62192 63568 64993 66312 70837 71077 71400 72646 73770 74911 75990 77456 77988 80717 81676 82556 82757 83061 83928 84786 84904 88806 89506 90836 91156 91987 94098 94807 95797 96053 97256 97383 97839 99273 100613 101476 102370 
48478 56420 56634 59913 61834 62085 63011 64004 65052 66466 71625 72086 72666 72992 74765 75576 76232 77595 78197 81337 82210 83479 83896 83938 84821 85232 85752 89561 90256 91776 92387 93246 94184 95506 96426 96456 97921 98816 99552 100253 100716 101558 102681 
49047 56965 57908 59948 62013 62140 63506 64641 65519 67030 72472 72609 73069 74034 75664 76653 77613 78429 79351 82147 83136 83976 84161 84994 85113 85394 86063 90042 91169 92073 92444 93268 95085 96362 97408 97583 97994 99384 100054 100356 100936 101785 102845 
49577 57201 58341 60691 62572 63364 64381 65238 66432 67681 73323 73519 74236 75224 76437 77353 78144 78912 79987 82407 83882 84707 85389 86032 86612 86933 87911 90398 91759 92656 92781 93931 95931 96840 97922 98498 98702 99958 100574 101467 102349 102838 103550 
50178 57662 58834 61489 63054 63937 64788 66090 67019 68517 73596 74376 75186 75691 77023 77800 78712 79506 80524 83154 83967 85522 85904 86100 86898 87680 88729 90478 92749 93211 93519 94401 96360 97347 98905 99548 100128 100831 101575 102117 102959 103821 104373 
51081 57942 59175 61909 63159 64878 64920 66688 67552 69292 74127 74388 75762 75907 77308 78478 79123 80129 80872 83369 84904 86021 86279 86431 87528 88528 89442 91006 93323 94179 94748 95653 97202 97665 98957 100543 100849 101203 102103 102616 103242 104619 105359 
51785 58075 59328 62198 64048 65521 65567 66821 67854 69665 74749 74797 76038 76043 77684 79123 79367 80312 81729 84101 85683 86279 86289 86869 87694 88879 89742 91874 93441 94880 95121 96174 97667 98484 99529 100737 101382 101756 102829 103337 103935 104690 105901 
52167 58870 59446 62822 64239 65820 66509 67604 68496 70076 75730 76358 77291 77803 78569 79139 79696 80953 82597 84537 85820 86444 86613 87423 88065 89164 90134 92381 94011 95559 96295 96461 98161 98658 99646 101051 102298 102302 103093 103953 104447 104709 106861 
52436 58970 59813 62847 65179 66169 67024 68317 69339 70312 76459 77414 77691 77968 78577 80075 80428 81147 83239 84776 85912 87377 87407 87790 88557 89879 90845 93339 94465 96175 97149 97768 99041 99170 100582 101078 102799 102898 103916 104082 105418 106145 107085 
52737 59345 60255 63332 65947 66172 67760 68429 69608 71220 76552 78000 78793 79152 79864 80937 81933 82370 83584 85527 86367 87436 88127 88232 89446 89991 91513 93449 95086 96414 97527 98149 99857 100228 101403 101835 103667 104042 104160 104965 105679 107072 107784 
53525 60088 60858 64008 66895 67605 68160 68834 70317 71698 77276 78909 79004 79943 80040 81595 82234 82565 83907 86247 87242 87530 89076 89771 90363 91231 92447 93826 95620 96601 97652 98832 100314 101109 101563 102004 104312 104653 105292 106133 106650 107250 108589 
54474 60674 61198 64693 67177 68072 68575 69705 71119 72096 78079 79165 79921 80919 81199 82511 83336 83432 84467 87178 87303 88268 89791 89911 90731 91494 92888 94126 96325 96743 98379 99366 100935 101567 102495 103303 104814 105048 106075 106709 106793 107897 109470 
54602 60726 61522 64798 67727 69071 69501 70338 71674 72545 79021 79924 80564 81019 82143 82956 83960 84523 85344 87461 87592 89018 90551 90559 91068 92453 93825 94508 96974 97170 98452 99915 101921 102404 102601 103644 105423 105847 106664 107034 107738 108180 109817 
55371 61075 61848 65345 68700 69898 70649 71514 72377 73205 79721 80905 81501 81636 82147 83610 84214 84838 85528 87702 88326 89621 90742 91453 92209 93147 93927 94773 97921 98014 98948 100518 102138 103125 104066 104391 106242 106656 107588 107773 108635 109453 110248 
55434 61930 62807 65412 68903 69903 71243 72166 73097 73555 79763 81540 81907 82558 83043 84595 84652 84911 85815 88303 88576 89898 91159 91481 92230 93320 94825 95350 98490 99036 99546 101030 103103 104061 104330 104392 106692 107671 108144 108357 108998 109475 110317 
55774 62791 63731 66242 69117 69997 71396 72677 74030 74968 80655 82255 82299 82759 83799 84735 85388 86034 86696 88396 89451 90829 91201 91677 92342 94320 95118 95482 99032 99282 99625 101425 103710 104203 104829 105059 106849 107846 108926 109898 110558 111496 112017 
56589 63043 63989 66506 69478 70196 72144 72687 74977 75570 81458 83192 83382 83879 84412 84961 85787 86230 86798 88946 90151 91391 91631 91699 92753 94868 95501 96070 99818 100396 100750 102199 103738 104515 105365 105547 107195 107890 109857 110062 110622 111521 112980 
56925 63527 64526 67419 70441 70527 72560 72730 75501 75900 81974 83685 84102 84415 85337 85796 85979 87229 87556 89883 90980 92277 92774 93363 93683 94875 96297 96366 100617 101154 101217 102689 104341 105446 106148 106858 107587 108632 110135 111020 111217 112043 113259 
57526 63652 65040 67812 70460 70886 73278 73739 76496 76990 82534 83815 85004 85103 85368 86662 87404 87462 88121 90834 91932 92642 93603 94496 95101 95195 97172 97738 101549 102163 102736 103259 104375 106054 106865 107574 108045 109059 111080 111140 111980 112378 114196 
58231 64610 65329 68186 71260 71770 74213 74812 77160 77900 83353 84478 85341 86140 87120 87666 88654 88790 88992 91145 92467 93341 94297 94783 95965 96819 97870 98117 102422 103102 103194 103752 104772 106283 107670 107826 108909 109543 111763 112162 112239 112618 114601 
58845 64704 65889 68368 71833 71903 74887 75636 77200 78572 83581 85453 85954 86238 87588 88630 89201 89687 90073 91627 92637 93444 94465 94862 96365 97698 97972 99047 102794 103309 103831 104047 105577 106668 108584 109478 110142 110577 111967 112376 113227 114182 115538 
59272 64803 66806 68967 72169 72524 75498 75863 77207 79049 83668 85585 86173 86687 88484 88672 89431 90490 90863 92533 93233 93452 95429 95672 96747 97851 98046 99894 103793 104292 104818 104936 105864 107429 108848 109742 111010 111098 112519 113483 113914 114617 115590 
59640 65643 67437 69610 72540 73162 75756 76752 77647 79089 84494 85813 86234 87495 88611 89144 89634 91048 91154 93355 94268 95221 95636 95790 96852 98823 99218 100398 104579 105530 105761 106462 107396 107820 109406 110006 111603 112584 113132 113583 114574 115149 116291 
60084 65908 68410 69778 73031 73546 75794 77477 78446 79135 84672 86587 87324 88167 88749 90012 90101 91958 92401 93623 95200 95737 96511 96795 97506 99628 99647 100428 105552 106474 107293 108236 109179 110047 110694 110959 112410 112911 113873 114540 114744 115913 116737 
60772 66718 68530 69982 73159 73846 76447 77697 79428 79442 85111 86940 87888 88171 89499 90075 90987 92511 92920 93954 95385 96183 96594 97015 98055 100001 100066 101053 105769 107217 107587 108896 109271 110713 111521 111671 113397 114188 115169 115541 116042 116712 117000 
60773 67321 68679 70890 73790 74763 76605 78050 79471 79781 85227 86984 88844 89225 90109 90923 91738 92564 92960 94864 95923 96577 97106 97884 98526 100117 100192 101604 106293 107996 108501 109721 109870 111569 112050 112308 113588 114538 115441 116019 116447 117364 117485 
61475 67678 68909 71045 74392 75195 76679 78300 79762 80660 85263 87612 89074 89746 90345 91304 92451 92623 93063 95295 96081 97325 97669 98863 99073 100456 100685 102220 106817 108783 109215 110441 110824 112054 112502 112600 113698 114731 116199 116699 117469 118177 118839 
62448 68588 69849 71854 74732 75429 77320 78837 80300 81285 86186 87734 89450 90602 90869 91376 92698 93374 94235 96078 96625 97474 98305 99065 99402 100877 101164 102270 107677 109096 110159 111069 111139 112895 113595 114397 115359 115847 116444 117256 117716 118948 119475 
63120 69020 70046 72112 75340 76140 78140 79416 80472 81996 86442 88109 90222 91136 91662 92308 93044 93775 94562 96507 97560 97847 98440 99308 99607 101460 102057 102384 107712 109184 111007 111837 111955 113512 113917 114784 115592 116523 117124 118105 118147 119604 119685 
63185 69827 70493 72254 75432 76948 78498 80236 80750 82847 87254 88425 90229 91207 92658 93463 94413 95138 95165 97461 98324 98628 99300 100082 100171 101720 102555 102662 107987 109804 111520 112057 112480 114374 114708 115253 115780 117029 117870 118512 118811 119694 119988 
63362 69929 70628 72302 76139 76992 79194 80954 81413 83527 88194 89378 90892 91897 93244 94202 94526 95850 96051 98186 98601 99617 100254 100357 100394 102098 103226 103817 108478 110336 111597 112301 113237 114455 115556 115722 116298 117697 118525 119415 119851 120555 121550 
64062 70767 71311 73244 76633 77361 79747 81108 81771 84507 88258 89807 91496 92172 93498 94489 95333 96244 97168 99093 99708 100621 101267 102060 102988 103309 104233 104824 108798 111125 111614 113252 113716 115175 116117 116796 117633 118442 119402 119943 120086 120992 122221 
64435 71576 72238 73554 77209 78262 80481 81811 82401 84805 88455 90758 92382 92798 94228 95214 95479 96591 97599 99521 100633 100754 101621 102135 103902 104550 105534 106332 108851 111731 112064 114036 114709 116162 116753 117585 118071 118818 119701 120889 120969 121326 122584 
64770 71992 72246 74527 77719 78666 81149 82088 82866 85525 88581 90840 92540 93133 94491 96108 97064 97424 98057 99786 101418 102066 102749 103296 104268 105159 106161 106555 109050 111834 112993 114267 114981 116753 117636 118218 119168 119986 120875 121847 122045 122922 123835 
65730 72054 72425 75021 77880 79118 82034 82402 82945 85885 88819 91642 93482 93505 95454 97001 97397 98110 98832 100229 102329 103262 103477 103881 104928 105302 106790 107683 109377 112249 113690 114802 115225 117518 118346 118614 119178 120961 121185 122167 122714 123121 124262 
66689 73028 73150 75876 78712 79758 82508 83156 83341 86575 89303 92392 94175 95094 95884 97077 98096 98278 99506 100624 103316 104298 105132 106010 106897 107490 107980 108149 110203 112423 114072 115786 116666 117852 118779 119093 120025 121066 122094 123084 123811 124705 125438 
66956 73586 74010 76340 79025 80347 83431 83659 83959 87117 89809 92595 94836 95423 96664 97759 98692 99291 100045 100999 103460 104625 106011 106618 107144 108005 108706 108960 110223 112960 114080 116181 116849 118752 119444 120056 120902 121891 122605 124016 124045 125414 126198 
67945 73724 74670 76993 79922 81129 84185 85159 85367 87759 90727 93304 95128 95716 97046 98689 99677 99785 100365 101796 103581 105550 106331 107242 107819 108228 108799 109202 110632 113447 114683 116926 117623 119606 120039 120872 120942 122728 123359 124068 124490 125464 126844 
68508 74577 75129 77134 80191 81780 84250 85218 86006 88363 91709 93488 96018 96506 97445 99273 100438 101301 101518 101848 104088 106353 106540 107643 107892 108600 108945 109231 111198 114164 115668 117130 118558 120103 120641 121504 122063 123098 123710 124570 125004 125511 127609 
69120 75262 75857 77947 80558 81810 84412 85870 86964 88486 92426 93763 96363 97314 97615 99277 101132 101693 102096 102930 104904 107188 107299 108073 108900 109474 109497 109878 111598 114314 116572 118102 118588 120830 121188 121996 122174 123508 123916 124992 125671 125790 128218 
69825 75435 76215 78719 81191 82690 85216 86511 87040 88981 92812 94497 97066 97837 98355 100227 101953 102715 103090 103859 105735 107973 108743 109462 109593 109661 110120 110879 111786 114454 117343 118628 118869 121131 122109 122397 123083 124455 125273 125980 126480 126533 128566 
70430 76084 76944 79171 81767 83413 85217 86886 87082 89142 93106 95298 97102 98526 98983 101120 102173 103664 104002 104974 106311 108455 109169 109749 110354 111163 111171 112054 112367 114643 118051 118933 119193 121703 122343 122636 123938 124741 125659 126416 127144 127522 128631 
70673 77063 77800 79422 81992 83800 86104 86954 87144 89269 93955 95404 97489 98783 99951 101195 102979 103716 104415 105323 107005 109126 110053 110160 110944 112100 112652 113293 113544 115498 118157 119801 119982 122227 123072 123320 124850 125707 126548 127299 127845 127949 128656 
70868 77155 77893 79543 82391 83892 86994 87059 87669 89294 94009 95442 97803 99205 100631 101544 103649 104014 104739 106271 107785 110020 110061 110667 111200 112468 113486 113875 114277 116004 118822 120139 120180 122972 123921 124305 125565 126143 127524 127554 128503 129462 130010 
70993 77276 78302 80051 82799 83962 87362 88060 88802 90190 94246 96045 98285 99864 101289 101944 104648 104723 104955 106586 108509 110405 111033 111435 111617 113078 114091 114845 115364 116944 119666 120489 120937 123628 124762 125551 126467 126616 127877 128085 129055 129736 130224 
71963 77652 79244 80814 82814 84793 87920 88195 89756 90952 95100 96827 99101 100444 101470 102231 105454 106048 106470 107153 109079 110869 111330 111741 112432 113632 114874 115451 116321 117634 120226 121122 121133 124495 125262 126311 127346 127752 128287 128927 129585 130025 130987 
72683 77933 80032 81373 83782 85527 88593 89565 90127 91708 95497 97200 99130 100877 102287 103266 105703 106110 106724 107332 109261 110925 111608 111754 112828 114235 115480 115918 116549 118255 120770 121253 121519 124643 125817 127250 128053 128887 129881 130680 131606 131690 131970 
73337 78863 80211 82287 84087 85990 88791 90538 91061 92659 95927 97799 99835 101486 103055 103892 105782 106683 107302 107353 110088 111102 112056 112547 112957 114690 116118 116709 117034 118847 121509 121835 122805 124933 126724 127452 128961 129390 130423 131642 132366 132745 133021 
73606 79664 80683 82663 84735 86921 89398 91281 91836 93452 96724 97860 100829 102294 103170 104511 105944 107007 108268 108846 110645 111618 112185 112920 113930 114996 116881 117691 118437 119664 122009 122975 123671 125899 127175 127785 129046 129783 131381 131989 132736 133086 133559 
74205 80112 81307 83176 85261 87806 90137 91529 92378 93715 97187 97985 101525 103054 103530 105257 106350 107234 108489 109344 111381 112313 112455 113167 114909 115956 117873 118615 118698 119840 122873 123003 124394 126608 127930 128783 129960 130724 132335 132417 133525 134141 134788 
74399 81094 81552 83734 86196 88754 90885 91835 92780 94001 98039 98596 101957 103290 103901 106162 107343 107934 109477 110453 111626 113037 113316 113355 115683 116956 118221 119281 119560 120699 123266 123636 124519 127402 128615 129171 130938 131446 133017 133869 133970 134236 135342 
74553 81193 82070 84424 86284 88903 91063 92522 93579 94342 98336 99089 102750 103562 103924 107046 107756 108377 110037 111239 111846 113148 114091 114118 116320 117913 118747 119295 119966 120824 123461 123868 124876 128077 129260 129482 131210 131915 133241 134420 135190 135512 136466 
75219 81205 82458 84566 87105 89526 91919 93221 93910 94733 98699 99684 103051 103666 104748 107633 108549 109270 110791 111655 112384 113596 114832 115707 116547 118641 119224 120247 120877 121591 124400 125021 125224 129048 130081 130157 131611 132179 133393 135182 135953 136358 136713 
75564 81568 83205 84573 87549 89983 92723 93819 94664 95406 98903 99695 103439 104267 105316 108332 109288 109972 111627 112410 112741 113696 115641 116083 116858 118791 120129 120360 121636 121949 125144 125717 125948 129757 131012 131101 132406 132471 134027 135564 136695 137455 137910 
76264 82091 83298 85066 88263 90184 93146 93828 94942 95542 99623 100206 103720 104513 105411 109291 109650 110445 111977 113380 114007 114024 115672 116467 117408 118856 120908 121310 122470 123450 125403 125746 126554 130732 131646 132309 133196 133607 134751 136188 136736 138331 138557 
76633 83028 84251 85078 88668 90634 93155 94742 95192 96191 100524 100531 104271 105313 106152 109362 109777 110749 112122 113834 114777 115293 116666 117247 118248 119316 121841 122274 122986 124001 125809 125856 127284 131259 131939 132428 133591 134129 134958 136687 136956 138942 139533 
76813 83186 84789 85374 89232 91514 93749 95653 95756 97028 101135 101359 104638 105512 106357 109412 110178 111194 112573 114070 114840 115313 116982 118213 118945 119583 122707 123417 123560 124466 126338 127233 127816 131416 132919 133044 133890 134738 135158 137653 138505 139765 140603 
76844 83811 84961 85824 89673 92178 93993 95821 96680 97898 101551 101869 105264 106395 107052 109460 110312 111209 113173 114925 115836 115948 117109 119107 119477 119657 122964 124119 124851 125149 127177 128203 128444 131937 133380 133944 134301 135004 136158 138338 139017 140201 140851 
77745 84311 85569 86113 90591 93105 94343 96544 97348 98865 102483 102639 106125 107369 107841 110436 110789 112024 113511 115207 116243 116419 118006 120045 120280 121218 123365 124782 125120 126099 127246 128838 129130 132448 133681 134712 135229 135851 136180 139219 139241 140479 141823 
78045 84408 86276 86841 91360 93219 95263 97472 97682 99803 103093 103699 107016 107896 108393 110878 111267 112467 113796 116138 116940 117295 118375 120356 121106 121667 123779 125386 125685 126948 127822 129683 130040 132892 134681 135654 136197 136788 137766 139257 139749 141464 141962 
78912 84937 86290 87281 91648 93926 95979 97784 98489 100056 103610 104240 107143 108857 109605 111027 111512 112531 114376 116666 117529 117564 119138 120358 121575 122259 124031 125633 126335 127040 128180 130637 130640 133154 135188 135934 137192 138183 138450 139897 140198 141466 142023 
78954 85769 87132 87426 92176 94234 96947 97921 98631 100744 103764 105012 107754 109134 110450 111806 112544 113215 114713 116979 118374 118552 119864 121178 122094 122493 124781 125997 127148 128087 128369 130638 131495 133523 135302 136774 137460 138454 138509 139901 141109 141668 142530 
79135 85992 87669 87827 92288 94587 97677 97942 98895 100805 103841 106001 108724 109965 111239 111985 112807 114189 115017 117606 119148 119370 120387 121372 123063 123916 125347 126763 127691 128403 129101 130804 132436 134072 135490 136836 138316 138587 138675 140885 141456 141957 142657 
79938 86044 88434 88583 92384 95246 97703 98831 99655 101096 104555 106982 109575 110439 111725 112418 113319 114511 115610 118602 120080 120864 121736 121967 123616 124228 126314 127589 128577 129211 129959 131519 132942 134120 136391 137240 138557 139370 140171 141337 142430 143177 144105 
80596 86384 88540 89313 93323 96231 98048 99402 100439 101518 104974 107016 109612 111061 112314 112939 114241 114598 116518 119454 120507 121439 122568 123038 124319 124367 126591 128076 128674 129485 130356 132208 133250 134748 136988 137710 139179 139402 140345 141588 142966 143967 144262 
81233 86611 88948 90261 93926 97175 99029 100306 100801 101558 105543 107622 110079 111831 113126 113400 115017 115095 116722 120016 120616 121753 122801 123444 124325 124846 127150 128732 129207 129907 130426 132361 133929 135262 137498 138618 140170 140587 141350 142306 143354 144336 145251 
81664 87353 89487 90670 94454 97810 99723 100792 101598 101819 105630 108379 110275 112526 113200 113804 115400 116135 117207 120026 121375 121868 123467 123588 124689 125072 127376 129114 129293 130313 131144 132623 133991 136134 137898 139059 140575 141350 141370 142581 143720 145079 145705 
82151 88202 89587 90882 94850 98703 99975 101177 101800 102376 106491 108411 110500 112629 113982 114615 116149 116168 117333 120746 121514 122288 123839 124709 125144 125804 127438 129172 130056 130986 132131 133015 134610 136138 138385 139744 140768 142337 143220 143899 144865 145206 146234 
82546 88379 90119 91101 95081 99563 100904 101684 102314 102507 106965 109025 110567 113329 114189 115467 116918 117212 118151 121134 122154 123219 124180 125383 125857 126637 127653 130168 130494 131856 132379 133047 135471 136327 138930 139786 140873 142414 143345 144589 145626 145995 147122 
82926 89331 90496 91942 95203 99590 101340 101877 103254 103816 107428 109234 110809 113893 114210 115544 117496 118289 118820 121991 123108 123469 125073 126146 126952 127450 128441 130267 131008 131884 132483 134045 135936 136566 139202 140385 141653 143082 144075 144745 146424 147050 147921 
83370 89968 90872 92636 95598 99704 101781 102180 103696 104462 107914 109754 111653 114305 115231 115744 118162 118395 119075 122284 124085 124527 125206 126621 126980 128167 128821 130373 131452 132359 133366 134596 136428 136925 139268 141259 142320 143683 144193 145617 146957 148021 148095 
83463 90217 91235 93610 96202 100370 102776 103302 104600 104856 108240 110279 111886 115243 115731 115907 118597 119193 120141 123158 124140 124981 125259 126668 127642 128212 129803 130481 131562 133333 133898 135151 137231 137255 139885 141620 142555 143763 144755 146026 147895 148611 149037 
83956 91126 91417 94399 96931 100608 102938 103863 105234 105239 108935 111180 112329 115987 116866 117343 119206 119904 120744 124084 124159 124998 126169 127018 128336 129203 130447 130719 132351 133685 134005 135716 137275 137408 140060 142041 143521 144159 145496 146028 148719 149110 149336 
84783 91929 92275 94774 97606 100940 103608 104487 106037 106687 109202 111208 112554 116170 117732 118420 119342 120557 121197 124490 125066 125309 126778 127022 128912 129391 131221 131264 132770 134077 134870 135867 138047 138476 140200 142714 144190 144417 146424 147118 149238 150062 150782 
84987 92854 93668 95724 98069 101661 103795 105216 106811 107120 109755 111422 113534 116733 117995 119209 119607 121139 121552 125277 125898 126869 127706 128431 129164 130211 131267 132106 133581 134749 135200 136477 138557 139171 140574 143321 144561 145302 147151 148130 149981 150784 151175 
85102 93126 93913 96012 98753 102175 104246 105854 107233 107346 109907 111760 113847 117714 118753 119658 119866 121736 122734 125494 125951 127600 127984 128955 129208 131028 131428 132909 134446 134872 135782 136743 138858 139596 140695 143649 144663 145924 148132 148777 150022 151360 152258 
85389 93779 94660 96819 99424 102326 104919 106082 107943 108930 110785 112154 114658 117985 119091 120159 121064 122594 123258 125852 126440 127720 128897 129745 130499 131982 132331 133618 134940 135827 136212 136988 139630 139996 141261 144544 145248 146735 148238 149367 150054 151966 152312 
86219 94485 94842 97298 99991 103300 104981 107072 108842 109596 110909 112710 115087 118985 119567 120332 121391 122618 123714 126257 126552 128615 129324 130505 130667 132218 132351 134223 135740 136609 137021 137892 139955 140825 141731 144979 145617 147684 148515 149604 150583 152156 153274 
86378 95299 95664 97649 100960 104170 105880 107544 109734 110068 111821 113132 116061 119815 120183 121189 122151 123108 123876 127089 128077 128639 129758 131366 131369 132952 133326 134560 136244 137189 137321 138515 140573 141630 142260 145026 146399 148166 149231 150320 151381 152620 153526 
86481 95890 96882 97703 101347 104831 106148 107650 109978 111022 112396 113153 116683 120526 121064 121200 123054 123160 124667 127792 128621 129581 129770 132262 132994 133310 134165 135024 136275 137660 137874 138930 140815 141720 142505 145149 146554 148290 149274 150966 151734 152809 154454 
86741 96523 97004 97881 101603 104985 106812 108294 110301 111719 112767 113947 117017 121246 121811 122599 123794 124201 125583 127842 129156 129655 130562 132735 133480 134105 134337 135223 136773 138467 138703 139705 140831 141933 143244 145869 147283 149068 149842 151306 152662 153483 154684 
86838 97342 97602 97982 102276 105427 107001 108901 110714 112410 112943 114556 117119 122116 122568 122774 124156 124941 126568 128755 129668 130116 131391 132835 134134 134360 135128 136201 137723 138583 139474 140634 141631 142811 143730 146322 147612 149941 150919 151716 153261 154387 154970 
87752 98289 98343 98926 103188 105783 107680 109807 111261 112733 113710 115264 117202 122814 123711 124320 125240 125582 127535 129690 130116 131058 131929 133310 135014 136003 136640 137312 138254 139199 139888 141166 141745 143161 144636 147312 148473 150198 151782 151987 153841 154599 155555 
88133 99117 99997 100265 103410 105988 108122 110272 111392 113206 114128 115348 117780 123464 124401 124431 125735 126033 128448 130667 131637 132607 132781 134124 135633 136711 137664 138063 138468 139303 140023 141734 142484 143343 144996 147848 149142 151101 152742 152954 154056 154900 155714 
88184 99745 100827 101752 103840 106172 109107 110373 112212 113501 114604 116336 117894 124231 125068 126012 126404 127247 128902 130837 131910 133144 133251 134655 135736 137652 138230 138492 139124 139559 140262 142162 142951 143581 145424 148182 149643 151265 152845 153925 154699 155598 156709 
88218 100676 101614 101815 104281 106685 109407 110604 112238 114367 115373 117247 118334 124767 125614 126106 126615 127583 129756 131095 132084 133430 134033 134738 136181 138299 138590 138860 139703 139944 140717 142721 142955 144458 145891 148812 149971 151909 153346 154565 155692 156369 157019 
88586 101002 102107 103014 104508 107354 109461 111220 112501 114525 116044 117892 118951 125085 126051 126885 127827 128050 130497 131568 132204 134090 134920 135487 136806 138402 139363 140032 140674 140741 141391 143183 143577 144958 146505 149702 150688 152136 153916 154887 156395 156745 157151 
89165 101573 102670 103084 105479 108068 110138 111557 112603 115247 116753 118462 119132 125483 126159 127208 128061 128567 131445 131646 133062 134470 135288 135927 137714 139191 140244 141049 141154 141699 142371 143475 144447 145685 146551 150573 151101 152834 154535 155640 157192 157380 157879 
89249 101759 102966 103895 105509 108561 111105 112170 113119 115801 117533 118473 119808 125588 126448 127610 128790 129717 131903 132437 133160 135444 136389 136516 137936 140149 140858 141108 142030 142944 143414 144139 144499 146536 147035 151204 152102 153225 155108 155835 157244 157793 158844 
89665 102726 103365 104654 106134 109131 111477 112572 113154 115879 118207 118683 120543 126507 126735 128055 129249 130084 132899 133029 134048 136225 137381 137992 138671 140337 141433 142327 143160 143479 144103 144355 144877 146763 147486 152092 152371 153738 155175 156490 158122 158760 159435 
89927 102982 103900 104929 106789 109568 111581 113239 113830 116126 119073 119867 120958 127237 127880 128436 129712 130357 132989 133897 134385 136268 137630 138924 139013 141009 142062 142724 143871 144548 145158 145865 146740 147086 148166 152362 152883 154262 156153 157195 158252 159219 159593 
90577 103009 104380 105220 107457 109684 112495 113896 114161 116617 119209 120129 121004 127470 128505 128805 130030 131317 133195 134274 134944 137148 137972 139271 139959 141820 142957 143615 143882 145385 146246 146961 147861 148516 148612 153295 154001 154872 156737 157787 158289 159256 160322 
91234 103804 105297 105346 108414 109787 113098 114155 114540 116746 120050 120724 121362 127511 129110 130015 130971 131729 133660 134947 135041 137581 138628 139510 140858 142777 143913 144704 145326 145885 147103 147814 148786 149453 149556 153499 154845 155586 156844 158379 158950 159421 160538 
91317 104051 105824 106752 109180 110108 113769 114243 115330 117530 120572 121376 121686 127681 129756 130317 131235 132382 134340 135318 135795 138343 139566 140024 141584 143150 144300 145430 145525 146817 147894 148166 149018 149958 150309 154142 155430 156200 157576 158553 159483 159930 161099 
91990 104242 105920 107393 109998 110734 114754 115367 115518 117884 121448 121492 122306 128653 130419 131207 132036 133150 134736 135525 136137 138675 140486 140770 141759 143247 144958 146317 146925 147786 148282 149012 149493 150700 151133 154578 155980 156688 157927 158626 159667 160486 161604 
92936 104954 106381 108305 110706 111617 115706 115947 116144 117895 122033 122186 122972 129360 130454 131676 133031 133455 135042 135926 137065 139327 141177 141869 142239 143683 145444 147027 147180 148635 149604 149908 150706 151131 151844 155323 156370 156875 158245 159360 159827 161235 162316 
93092 105579 107258 108853 111306 112167 116031 116454 117132 118243 122771 123369 123647 129978 130850 131890 133213 134275 136039 136816 137951 140140 141718 142339 143194 144024 145533 147533 147727 148892 150105 150530 151336 151455 152606 155694 157100 157416 159170 160176 160288 161473 162996 
93498 106557 107367 109338 111790 112954 116492 117439 117586 118652 122941 123896 124257 129983 131094 131913 133900 135260 136726 137728 138632 140420 142153 143153 143245 144926 145804 147582 147827 149617 150521 151048 151729 152259 152646 156053 157588 157879 160161 160967 161909 162203 163027 
93785 106779 108134 110166 112087 113346 116641 118128 118482 118721 123068 124832 125541 130762 131497 132184 134779 135653 137512 137824 139625 140997 142336 143213 143588 145690 146588 148437 148531 150033 151062 151875 152794 153711 154360 156073 158286 159236 160882 161214 161973 162841 163562 
94632 107386 108293 111033 112437 113840 116845 118728 119722 120417 123565 125489 126423 131698 132374 132412 135116 135656 138287 138573 140296 141588 142492 143941 144425 146322 147488 148504 149262 150066 151558 151973 153349 154075 154702 157004 158690 159874 161775 162325 162608 163807 163874 
95604 107898 109125 111780 112573 114450 117648 119007 119831 121205 124198 125944 126697 132275 132693 133316 135398 136177 138511 138628 141014 142046 143077 144607 144678 146850 147757 149448 150072 150477 151821 152913 153423 154223 155652 157732 159617 160265 162354 162767 162838 163986 164901 
96469 107901 109624 112505 112739 115439 118258 119704 120317 122171 124951 126668 127136 132581 132838 134238 135591 136686 138925 139362 141236 142669 143694 144762 144857 147269 148501 150028 150486 150793 152372 152993 154018 155123 156557 158183 160232 160583 162788 163241 163458 164008 165418 
97261 108767 110158 112524 113182 115956 119079 120163 121238 122595 125718 127188 127853 133268 133795 134820 135864 137434 139724 139774 141446 142960 144184 145489 145970 147395 148765 150690 151512 152511 152970 153296 154425 155577 156713 158840 161094 161934 163349 163452 164399 165059 166200 
97666 109328 110280 113224 113568 116307 119857 120645 122000 122950 126712 127614 127881 133740 134099 134900 136736 138342 140671 141024 141891 143795 144718 146215 146669 147930 149253 151073 151647 152555 153325 153855 155263 156461 157192 159094 161976 162857 163730 163901 165087 165267 166535 
98451 109901 110691 113491 113645 116495 120192 121191 122440 123341 127178 128315 128729 134496 134662 135456 137486 139056 141333 142249 142736 144666 144963 146761 147638 148653 150208 151814 152027 152706 153763 154329 155933 157435 157491 159751 162623 163361 164333 165079 165483 166303 167312 
99209 110245 111048 114193 114277 117169 121161 121839 123118 124198 127742 128479 129064 135235 136210 137183 137981 139274 142130 142587 142759 144754 144991 147279 148314 148887 151129 152095 152627 153252 154193 154938 156816 158103 158706 160586 163461 164361 164384 165931 166209 166558 167909 
100041 111029 111112 115083 115335 118065 121310 122141 124068 125036 128018 128708 129941 135502 136242 137379 138186 139527 142685 143063 143503 145236 145263 147652 148760 149582 151407 152966 153521 154312 154521 155675 156877 158643 159380 160779 164121 164463 165051 166523 166716 167067 168879 
100591 111103 112084 116073 116767 118950 122147 122898 125002 125785 128881 129416 130818 136447 136804 137559 138465 139911 142781 143221 143783 145639 146113 148218 149709 149889 152129 153577 154490 155274 156036 156977 157309 159559 160510 161376 164620 165245 166212 167317 167978 168758 169453 
100992 111266 112938 116444 117488 119108 123030 123308 125957 126024 129239 129668 131363 136499 137147 138217 139266 140697 142979 143717 144644 146189 146543 148700 149854 150098 152925 154398 155411 155949 156472 157427 157646 159911 161139 162238 164838 165307 166798 168159 168981 169706 170428 
101411 111666 113684 116869 117805 119294 123253 123767 126563 127247 129275 130006 131815 137247 137681 138600 139856 141523 143474 143747 145037 146218 146670 148996 150779 150924 153228 154680 156108 156387 156882 157834 158231 160752 161923 162685 165044 165633 167515 168804 169969 170832 171389 
101488 111901 113867 117519 118649 119483 123622 124321 127207 127625 130093 130890 132046 137302 138187 139401 140411 141843 144058 144845 145643 146325 146984 149721 151609 151678 153380 154808 156802 157310 158083 158900 159729 161551 162148 162747 165462 166041 168434 169696 170716 171677 171685 
102189 112619 113880 117887 119142 120440 124196 124609 127442 127857 130712 131218 132891 137793 139183 139893 141045 142152 144821 145212 145783 146653 147483 150282 151702 152533 153661 155676 157586 158551 159192 159769 160698 161751 162517 163450 166063 166215 168701 169985 170984 172067 172643 
102578 112932 114095 118617 119455 121311 124307 124704 128354 128484 131559 132328 133364 138779 139394 140385 141549 142605 144877 145558 146344 147098 147778 151170 152431 153431 153686 156087 158259 158654 160161 161107 161433 162688 163243 163657 166526 166801 169447 169996 171754 172767 173283 
102824 113573 114709 119137 120362 121423 124457 125069 128365 129337 132370 133188 134272 139130 139915 140543 141876 143087 145744 145979 147174 147881 147966 151384 152976 153877 153927 156342 159133 159371 160768 161392 161549 163262 163570 163791 166981 167412 169630 170024 172256 173563 174330 
