13 249 49310
248 1142 1343 1445 1786 2668 2702 3688 4561 5060 5414 5529 5636 5644 6174 6436 7071 7498 8185 8613 9381 9689 9835 10097 11084 11400 12292 13125 13145 13824 14267 14864 15587 16485 16901 17784 18626 19490 20117 20323 21045 21412 22027 23026 23513 24128 24356 25114 25572 26274 26820 27512 28214 28282 28676 28902 29627 29738 29792 29864 30193 31111 31434 32430 32690 33065 33749 34569 35267 36119 36974 37148 37715 38523 38609 39138 39152 40124 41042 41854 42497 42798 42996 43258 43508 44035 44201 44732 45562 46321 46532 47074 47236 47328 48130 49017 49765 50698 51173 51203 51546 52196 52810 53403 54349 55090 55307 56018 56306 56769 57727 58442 58774 59602 60077 60422 61387 61976 62166 62848 63587 64459 65349 65738 66523 66861 67027 67151 67360 67396 67433 67727 67996 68185 68264 68503 68944 69608 69618 69797 70388 70633 70664 70797 70996 71021 71391 72239 72733 72853 73357 74345 74367 74877 75006 75855 75929 76060 76573 77036 77482 77872 78695 78896 78980 79938 80325 80371 81359 82321 82661 83452 84148 84191 84364 84516 85342 86311 86478 86700 87311 87922 88631 88720 89642 90277 90886 90914 90987 91306 91940 91942 92042 92702 93098 93475 93921 94616 95190 95786 96575 96935 96981 97403 98073 98763 99282 99427 99815 99959 100733 101094 101488 101980 102700 103072 103962 104439 104828 104965 105864 106137 106779 106893 107493 108399 109023 109474 110131 111016 111076 111913 112769 112943 113041 113302 113370 113920 114608 115305 115818 116209 116468 117038 117281 118254 119216 120209 120903 
370 1686 1999 2807 3339 3487 3602 3772 5302 5977 6070 6200 6240 6449 7324 7327 7783 8016 8398 8954 9818 10255 10309 10382 11519 11775 12778 13873 14701 15630 16077 16978 17863 18092 18135 18273 18766 20239 20508 20686 21891 22863 23434 23675 23874 24423 25381 25849 26264 26801 27451 27704 29209 29902 30782 30858 31315 32296 32465 32654 33139 33616 33983 34310 35004 35704 36368 36895 37107 37602 38104 38398 39212 39712 40088 40665 41351 41848 42747 43581 44263 45077 45735 45951 45995 46959 47870 48433 48674 49595 49620 50556 51523 52342 52951 53210 53549 54188 54944 55155 56016 56224 56470 56478 57047 57487 58131 58344 58698 59147 59531 60204 61140 61661 62179 62317 62955 63679 63733 64278 64726 65225 66063 66421 67110 67321 67674 67898 68228 69044 69981 70204 71192 71909 72056 72681 73666 74439 75085 75590 76495 77266 78201 78567 79356 79650 79930 79965 80677 81246 82146 82299 83186 83682 83746 84559 85056 85352 86155 86696 87499 88074 88559 88887 89606 90058 90512 90921 91113 91886 92164 92459 92922 92990 93965 94758 95089 95368 95897 95913 96711 97686 98189 99151 99632 99810 100453 100483 100886 101697 102254 102442 103144 103790 104440 105229 105705 106013 106592 107464 108205 108669 109164 109900 110586 111224 111337 111719 112232 112981 113685 114023 114409 115347 115475 116318 116605 117086 117453 118104 118473 119339 119817 120521 120917 121036 121104 121812 122116 122724 123152 123329 123789 123902 124212 125173 125621 126151 127023 127166 128143 128425 129098 129099 129440 130326 130687 131153 131313 
491 1899 2535 2993 3575 4056 4832 4943 6086 6630 6648 7138 8020 8548 8556 9371 9699 10219 11213 11753 12229 12901 13422 13734 14046 14622 15116 15684 16448 16671 17328 17630 18130 18967 19161 19852 20851 21124 21339 22038 22438 23202 24324 25105 25296 25948 26003 26163 26461 27030 27516 28278 29313 30520 30914 31155 31505 32690 33339 33795 34046 34783 35627 36019 36366 37196 37974 38135 38326 38388 38594 39133 39213 39811 40978 41848 42050 42478 43662 43796 45009 45168 45895 46013 46540 47087 47910 48441 49365 50385 50834 51436 52148 53104 53387 53840 53848 54717 55675 56349 56580 57109 57872 57928 58685 58978 59420 59962 60572 61429 61662 62499 63296 64205 64675 65121 65427 66142 66518 67135 67538 68374 69047 69414 69548 69911 69969 70776 71313 71786 71912 72338 72562 73476 73972 74275 74921 75089 75375 76130 77480 78434 78941 79726 80642 80927 81773 82163 82736 83251 83469 83916 84444 85327 85619 86403 86943 87871 88238 89101 89833 90343 90602 91268 91382 91505 91518 92084 92357 92423 92910 93686 94586 95354 95381 96073 96212 96584 97262 97917 98877 98985 99345 100072 100325 100627 100899 101837 102742 102783 103464 104207 104221 104877 105600 106337 107304 108211 109110 109196 109978 110970 111577 112467 112997 113207 113606 114088 114405 114528 115212 116139 116563 116922 117798 118467 119123 119405 120118 120724 121087 121737 122064 122823 123270 123781 124197 124894 125827 126634 127480 127735 127909 127980 128804 128865 129270 129872 130245 130918 131233 131497 131803 132298 132892 133824 134220 134609 135163 
613 2426 3299 3783 4164 4860 4968 5430 6873 7602 7830 8209 8736 9534 9630 9908 10892 11397 11767 12102 12423 13101 13653 14656 15454 15989 16536 17101 17140 17427 18313 18920 19089 19160 19879 20651 20944 21865 22778 23442 24153 24163 24516 25811 25970 26539 27083 27623 28168 28538 28572 29139 30162 31265 31395 32311 32857 33737 34725 35222 35452 35801 36733 37240 37326 37599 38066 38939 39764 40499 41041 41525 42210 42865 43738 43886 43904 44159 44752 45299 46221 46792 46843 47107 48036 48084 48132 48505 49468 51099 51653 52535 52630 53810 54100 54329 54479 55545 55697 56634 57450 58108 58124 58687 58732 59153 60323 61227 61592 62293 62299 63290 63532 64968 65571 66058 67042 67885 68117 68466 68748 69188 69989 70166 70224 70278 70796 71594 72105 73055 73852 73969 74133 74915 75579 76177 77039 77228 77537 78153 78897 79464 80342 80487 81554 81966 82044 82916 83486 84294 84845 85746 85890 86526 86569 87295 88251 88457 88963 90047 90778 90875 91740 92037 92626 92652 93119 94064 94171 94786 95218 95887 96100 96193 96462 97361 98087 98987 99026 99487 99810 99886 100083 100399 101373 101477 102153 103079 103234 104170 104299 104535 104610 105621 106013 106887 108135 109054 110047 110565 111247 112216 112557 112857 113588 114557 115315 115465 115740 116335 117184 118103 118859 118974 119384 119523 120229 120431 120584 121378 122339 123250 123806 124452 124492 125303 125682 125872 126493 127410 127888 128029 128348 129337 130034 130112 130587 131217 131426 132202 132929 133864 134291 134529 134677 135261 136121 136917 137233 
1095 2798 3535 3903 4257 5651 6395 6968 7016 8007 8082 9152 10065 10874 11115 11726 11802 12254 13180 14154 14306 14414 14725 14728 15663 16807 17008 17356 17807 18203 19133 19689 20230 20624 21205 21773 22279 22855 23788 24606 24846 25792 25928 26901 27101 27860 28022 28456 29390 30143 30684 31378 31895 32859 33188 33756 33909 34260 34876 35238 35759 36363 36846 38193 38420 38900 38996 39981 40066 41004 41986 42551 43198 43259 44149 45120 45783 45918 46517 47249 47663 48096 48794 49735 50267 50400 50660 51111 51660 51942 51998 52911 53411 54549 55328 55975 56247 56334 57181 58040 58138 58983 59377 60067 60690 61667 62401 62732 62903 63100 63644 63689 64162 65216 65744 66993 67373 67964 68329 68922 69667 70305 70692 70724 71401 72300 73284 73442 73927 74368 74585 75141 75760 76536 76843 77354 77445 77516 78505 79197 80101 80993 81283 82224 82955 83922 83963 84473 84605 85515 86442 87005 87864 88405 88838 89017 89395 90245 90474 90924 91882 92383 93190 94004 94345 94459 95274 95540 96251 97227 97483 98458 99317 99615 100551 101126 101352 101705 102029 102741 103703 104614 105392 105670 106219 106363 107162 108104 108605 109049 109997 110247 110423 110892 111184 111708 111918 112639 113277 114164 114394 115279 116168 117099 117595 117698 117823 118329 118469 118628 119613 120017 120722 121140 121366 121497 122378 122600 123237 123362 123915 124635 125204 126134 126601 127601 128477 128901 129690 130039 130609 131537 132226 132501 132928 133125 133958 134389 134938 135908 136035 136809 137336 138295 138595 139565 140268 141236 142006 
1563 3266 4045 4196 4562 6431 6819 7073 7281 8553 9419 9568 11036 11739 12567 13322 14182 15064 15387 16150 16206 16275 16391 16839 17517 18250 18516 18736 18794 19085 19589 20615 21538 21765 22497 23213 23761 23856 23859 24958 25768 26067 26154 27287 28151 28552 29044 29345 30285 31255 32209 32931 33354 33700 34330 35022 35650 36592 36649 37334 38056 39037 40000 40326 41297 41888 42134 42352 42550 43168 44087 44475 45364 45727 46477 47008 47818 48495 48616 48975 49260 50064 50129 51015 51090 51144 52072 52751 52807 52830 53356 53737 54069 54723 55901 56031 56746 57429 57506 58476 59181 59581 60553 60588 61058 61872 63197 63732 64269 64273 65169 65552 66507 67425 67441 67957 68109 68146 68590 69879 70051 71052 71962 72616 72714 73536 74355 74729 74891 75122 76082 77018 77502 77632 77997 78647 78687 78867 79683 80176 81160 81861 82123 82687 83388 84013 84794 85229 86091 86699 87255 87555 88470 88956 89262 89399 89647 91058 91709 91943 92311 92768 93502 94281 94631 94745 95851 96502 96568 98019 98737 98806 99530 100244 101347 102138 102915 103112 103411 103776 104145 104760 106099 106356 106669 107060 108079 109092 109983 110650 111060 112025 112088 112805 113192 113351 114097 114193 114240 114607 115199 115597 116494 117753 117921 118149 118927 119296 119905 120116 120731 120871 121440 122233 122870 123361 124008 124825 125557 125621 126608 127363 127899 128180 129129 129783 130652 131378 131705 132509 133005 133973 134857 135147 135657 136177 136182 137044 137249 137692 137837 138116 138147 138446 139508 140273 140438 141593 142699 
1685 3335 4572 4811 4857 7063 7964 8790 8991 9851 10688 10991 11996 12083 12883 13610 14513 15715 16122 16924 17382 17474 18471 18495 19280 19617 20601 21333 21334 22048 22356 22952 22956 23912 24835 25619 25816 26291 26601 27417 28161 28963 29134 29566 30280 30893 31822 32362 33015 33371 34137 34206 34791 35679 36054 36455 36794 37300 37548 38036 38822 39094 40583 41174 41422 42311 42796 43398 43401 43909 44882 45292 45765 46041 46757 47584 48340 49258 49344 50002 50666 50677 50844 51932 52902 53437 53499 54040 54851 55711 56057 56543 57047 57061 57193 57302 57653 58047 59018 59830 60566 60755 61537 62076 62402 63017 63389 64107 64870 65448 65489 66552 67509 68464 69301 69391 69662 70144 70684 71275 71411 71894 72537 72902 73361 73602 74610 75146 75267 75546 76400 77561 77744 78732 78967 79449 80092 80420 81333 82124 82599 83527 83581 84135 84611 84940 85247 85848 86114 87151 88139 88434 89112 89872 90349 90699 91018 91806 91892 92355 92871 93220 93616 94644 95347 95909 95993 96685 96926 98789 98854 99254 100241 101007 101811 102739 102976 103547 103970 104210 105171 105696 106201 106857 106951 107150 108958 109682 110676 110753 111582 112264 112762 113353 113459 114437 115382 115591 115643 115788 116442 117342 118191 119041 119631 119701 119966 120396 121112 121936 122263 123042 123634 123900 124538 124618 124766 125311 126115 126892 127102 127752 128445 129151 129899 130888 131808 132483 132538 132561 133352 134668 135301 135825 136650 137346 137875 138342 138881 139849 140542 141526 141736 142396 143133 143465 143802 144051 144170 
2245 3483 5516 5979 6155 7850 8906 9454 10079 10789 11101 11358 12954 13952 14215 14896 15170 16264 16641 17602 18453 18942 19291 19520 19768 20462 21418 22336 23284 23608 23717 24176 24705 25252 25858 26611 27161 27850 27940 28210 28847 29672 30458 31274 31817 32773 33255 34217 35015 35531 36415 37398 37961 37990 38815 39493 39812 40789 40876 41405 41902 42378 42553 42993 43480 43948 44309 45269 45550 45775 46148 47028 47627 47955 48515 49310 49474 50442 50725 51099 51368 51723 51834 52710 53882 54719 55377 55876 56068 56420 57151 57862 58438 58787 59384 59693 60018 60862 61175 61968 62945 63516 63819 64445 64606 65485 65827 66524 67259 67839 67909 68009 68019 68562 70164 70336 70854 71761 72372 72579 72806 73635 74086 75051 75734 75745 76515 76725 77162 77298 77593 77886 78475 79500 80422 80749 81470 82351 82725 83442 83473 83972 84618 85077 85390 85927 86573 86590 87179 87974 88140 88824 89824 90736 91215 91486 92316 92583 93199 93879 94042 94506 94544 95247 95630 96599 96979 97042 97802 99467 99545 99984 100337 101393 102472 102758 103538 103724 104526 104769 105501 106188 106374 107659 108372 108650 109072 109999 110770 111499 112172 112766 113026 113736 114387 114550 116221 116838 116995 117748 117980 118874 119103 119656 120437 121173 122100 123084 123919 124442 124512 124579 124594 125537 126259 126593 126899 127018 127199 127692 128059 128487 129485 130350 130846 130977 132707 133536 133555 134554 134776 135323 135888 136834 137661 138258 138634 139109 139609 140733 140865 141924 142008 142857 143408 143848 144164 144803 145383 
2870 4113 6399 6968 7286 8177 9400 10201 11199 12128 12797 13240 14143 14199 14888 15447 15624 17070 17248 17659 18761 19069 19623 20253 21151 21858 22700 22949 23460 24553 24571 24935 25933 26328 26913 27517 27768 28566 29101 29299 29445 30222 30827 31329 32058 33600 34163 34943 35155 35703 37373 38062 38258 38884 39743 40541 40588 41254 41911 42556 43313 43609 44504 45056 46030 46476 46720 47248 47779 48751 49110 49331 49408 50124 50394 50761 50838 51236 51871 52584 53199 53564 54189 54788 55120 55125 55856 56857 57633 58278 58296 59016 59788 60305 61236 61749 62455 63201 63616 64523 65409 66048 66080 67041 67276 67465 67948 68591 69001 69811 70746 71148 71901 72888 73175 73629 73868 74337 74375 75143 76008 76525 77450 78113 78207 78936 79059 79136 79306 79834 80095 80387 81083 81547 81751 81768 82528 82590 83529 84030 84132 84201 84874 85696 86271 87248 88211 88705 88978 89010 89595 90308 90531 91229 92048 92353 92485 93185 94171 95154 95568 95772 96704 97472 98138 98578 99362 99643 100286 100866 101018 101492 102201 102382 102545 103044 104264 104728 105684 105951 106901 107890 108308 109304 110018 110750 110785 111723 112364 112840 113726 113817 114778 114972 115062 115135 117160 118001 118368 118926 119326 119977 120973 121076 121603 122120 122122 123207 123920 124898 124900 125449 126431 126674 127649 127744 128482 128885 128962 129246 129972 130616 130754 131216 132028 132918 133674 134036 134595 135121 136028 136527 136944 137261 138329 138809 139046 140014 140876 141452 141674 142482 143230 143511 143754 144314 145107 145302 145861 
3545 4259 7371 8309 8835 8961 9622 11055 11526 12362 13461 14224 14927 15316 15388 15796 16436 17282 17703 18586 19324 19515 20468 20834 21922 22691 23295 23333 23738 25466 26166 26475 27075 27604 28047 28146 28293 29334 30114 30974 31620 32552 33003 33402 33513 34567 35022 35083 35685 36389 38030 38301 38443 39009 39826 40771 40885 42150 42221 43525 43953 44770 44896 45395 46601 47400 47980 48006 48767 49295 49846 50487 51188 51413 51805 52200 52275 52674 53456 53859 54389 55210 55381 56254 57251 57939 58500 59131 59752 60673 60847 61355 62116 62500 62617 63565 64366 65334 65419 66322 67013 67529 68168 68700 69472 70209 71151 71719 72313 73297 74048 74166 75054 76041 77006 77742 78036 78751 79748 80138 80186 81146 81840 82729 83267 83861 83926 84266 84695 85187 86077 86338 86509 87430 88086 88834 89368 89514 90187 90995 91522 92303 92560 93538 93754 94714 94748 94937 95375 95964 96545 96832 97107 97642 97690 98349 99077 99128 99837 100678 101183 101685 101977 102231 102269 103231 103732 103761 103769 104493 105113 105818 106096 106962 107765 108200 108892 109444 110307 111164 111558 111715 112247 112836 113379 114182 114542 114923 115057 115776 116492 116822 117135 117354 117696 118605 119161 119549 119905 120384 121263 121588 122512 123157 123976 124541 124670 124903 124995 125735 125751 125905 126903 127890 128138 128387 128998 129319 129629 130404 130675 131603 132542 133526 134253 134553 134978 135193 135684 136453 137444 137580 138565 139276 140009 140776 140926 140999 141899 142568 142641 142992 144139 144298 145131 145667 145974 146860 147130 
4092 4770 7737 8432 9697 10226 10463 11460 12420 12716 13840 14645 15322 15573 15986 16865 17731 18096 18279 19501 19841 20744 21275 21406 22178 23648 24063 24372 24768 25613 26527 27120 27335 27695 28976 29702 29705 30177 31144 31496 32129 33365 33418 33777 34423 35562 36443 36451 36688 37198 38423 39267 39296 39708 39857 41750 42550 42731 42929 43575 44258 44997 45670 46529 47493 48173 49098 49305 49948 50071 50203 51437 51588 52534 53282 53724 54001 54236 54300 55250 56182 56596 56654 56695 58140 59037 59303 59679 60675 61592 62412 62761 62891 63040 63114 64281 64571 65997 66233 66682 67612 67998 68512 69262 70450 70850 71433 72269 73214 73451 74868 75316 75855 76089 77457 78064 78821 79483 80189 80523 80795 81877 82021 82938 83389 83935 84125 85095 86032 86783 86956 87031 87895 87916 88988 89305 90010 90960 91741 92713 92903 93287 93753 94224 94802 95786 95834 96411 96651 97367 97497 98157 99151 99329 99364 100117 100379 101231 101911 101987 102046 102608 103333 103428 103975 103999 104040 104425 105073 105558 105885 106653 107064 107490 108500 108804 109307 110205 111171 111506 111735 112454 112865 113313 113395 114620 115576 116423 117047 117090 117224 118214 118354 119326 120320 120459 121273 121763 121962 122242 122292 122906 123426 124224 125104 126022 126515 126618 127074 127477 127764 128036 128514 129446 129555 129726 130390 131371 132072 132192 132493 132898 133653 134208 134575 134983 135784 136167 136735 137610 138021 138601 139113 139367 140679 140780 141593 142125 142389 143143 144045 144433 144526 145224 145455 146215 146618 147438 147838 
4551 4908 8301 8968 10428 10904 11786 12226 12729 13246 14076 15442 15923 16739 16857 17223 18212 19160 19663 19857 20705 21048 22244 22973 23250 24145 24487 24564 24892 25634 26775 27298 27781 27825 29589 30364 30423 30732 31998 32437 32701 34339 34941 35135 35265 36266 37302 37709 37892 38771 39156 39405 39985 40275 41165 42046 43545 44526 44821 44916 45641 46400 46807 47210 48266 48778 49443 49792 50274 50654 50657 51791 52285 52769 54000 54761 55568 55991 56858 57813 58188 58688 59324 59424 60199 60355 60801 60969 61076 62591 63078 63609 64184 64470 65191 65386 65752 66873 67870 68638 69213 69799 70581 71419 71899 72861 73244 73881 74685 74731 75576 75925 76289 76530 77821 79003 79035 79510 81046 81633 82516 82848 83569 84301 85083 85796 85990 86452 86746 87089 87978 88881 89651 90363 90643 91526 92203 92608 92891 93773 93922 94697 95158 95973 96391 96842 97454 98100 98678 98702 99664 100541 101507 101686 102610 103518 103699 104348 104469 104849 105428 105452 105471 106079 107046 107826 108589 109089 109353 109657 110100 111020 112000 112333 112586 113517 113848 114714 115293 115988 116639 116640 116907 117694 118264 118504 118900 119381 119787 120558 120597 121223 121818 122312 123241 123720 124493 125015 125339 125958 126526 127221 127903 128702 129009 129459 129880 130354 130856 131498 131657 131951 132385 132851 133825 134122 134211 134800 135655 136436 136905 137398 137466 138065 138421 138568 138718 139540 140152 140802 141610 142442 142455 142964 143696 143787 144008 144261 145029 145257 145828 146000 146903 147453 147833 148540 149142 149477 150164 
4578 5517 8888 9328 11258 11783 11854 13157 13650 13654 14136 15754 16092 17404 17835 18359 18479 19572 20234 20695 21646 22541 23020 23388 24009 24259 25007 25199 25735 26345 27195 27824 28573 28783 29769 30609 31328 32214 32418 32882 33786 35245 36239 37116 37284 38237 38333 38911 39470 40224 41086 41894 42328 43045 43904 44154 44164 44769 44936 45520 46111 46412 47126 47829 48759 49275 49693 50306 50606 50664 51440 52236 52572 52846 54303 55651 56274 56352 57553 57881 59017 59205 60106 60560 61307 62132 62778 63256 64009 64918 65612 66560 66930 67563 67720 67825 68140 68794 69368 70222 71157 72116 72527 72744 73001 73288 73920 74097 75611 76174 76509 77501 77969 78845 79756 80465 81117 81377 81575 81876 83180 83977 84150 84653 86028 86410 86844 86946 87601 88150 88554 89103 90340 90920 91713 92386 92638 92707 93183 94450 95259 95570 96455 97087 97428 97938 98300 99222 100064 100661 101601 101893 102291 102648 103597 103600 103814 105060 105596 106491 106538 106898 107126 107815 108495 109051 109094 109998 110802 111371 111607 112382 112801 113543 113953 114293 114591 114980 115749 116744 116745 117311 117637 118099 118583 118950 119120 119713 120337 121242 121486 121489 122227 123269 123995 124536 124634 125605 125967 126808 127670 127963 128036 129600 129852 130602 130742 131604 131716 131900 132895 133751 133951 134789 135233 135479 136449 137043 137357 138108 138381 138968 139664 139973 140694 141261 141775 142014 142821 142975 143301 143532 144385 144616 144985 145683 146461 146621 147113 147761 148722 149525 150149 150251 151238 151283 151747 152009 152733 
