299 40 193286
573 919 1464 1566 1732 2067 2324 3289 4186 4429 5380 6012 6155 6198 6301 7228 8051 8884 9217 9757 10598 10772 11352 12042 12811 13456 13906 13919 14765 15246 15580 16006 16710 16852 17163 17693 17971 18231 18740 18784 
1063 2029 2954 3739 4606 4849 5028 5358 6079 6190 6866 7177 7640 8344 8915 9369 10179 10832 11523 12462 13134 13572 13716 14343 14661 15437 16159 16177 16610 16994 17454 17702 18183 18531 18925 19677 20477 21390 22138 22319 
1072 2594 3210 4364 4718 5223 5865 6342 6475 7132 7394 7835 8445 8947 9237 9880 10448 11032 12430 12920 13201 14013 14164 15264 16211 16452 17452 17658 17926 18835 19523 20012 20952 21683 22232 22382 22608 23365 23833 24214 
1314 3060 3869 4674 4977 5677 6446 7155 7785 8256 8588 9032 9081 9907 10709 11551 11734 11793 12979 13480 14328 14895 15098 15417 16988 17635 18166 18459 18724 19284 20355 20656 21906 22184 22565 23416 24121 24405 25000 25929 
1841 3570 4598 5197 5393 6640 7155 7296 7903 8992 9792 9951 10122 10336 11555 12214 12815 13499 14498 14922 15192 15936 15949 16511 17476 18521 18768 19255 19648 19820 20667 21296 22249 22898 23351 23559 24230 25065 25579 26010 
2319 3741 4811 5377 6274 6903 7329 7424 8467 9208 9821 10899 11328 11353 11817 12285 13486 14350 14943 15082 15259 16346 16389 16938 18437 19253 19394 20341 20442 20976 21905 22852 23344 23646 23666 24044 24732 25318 26325 26430 
3094 4373 4866 5592 6303 6959 7740 8175 9336 10161 10836 11048 11397 11826 12225 12826 14392 14593 14996 15666 16405 16454 16760 17600 18523 19866 20509 20683 21146 21228 21980 23589 24261 24686 24959 25374 25999 26856 27216 28166 
3572 4629 5566 5615 6384 7199 8043 8851 9908 10669 11343 12232 13038 13345 13634 14514 14570 14708 15909 16817 17686 18594 19383 19601 19683 19880 20916 21837 22376 22934 23493 24285 24664 25433 25992 26519 26618 27379 27447 28409 
3786 4716 6178 6665 7606 7960 8979 9270 10027 11088 11806 12264 13921 14680 14934 15664 16118 16890 17008 17671 18572 19058 19463 20090 20475 21403 21896 22160 23164 23974 24006 25277 25355 25473 26912 27501 27834 28546 28608 29525 
4423 5536 6850 7343 7949 8638 9907 10221 11096 11682 12500 12807 14486 14820 15213 15809 17093 17592 17602 18577 18922 19821 19909 21077 21782 22374 22515 22768 23494 24901 25348 26221 26736 27732 27838 28306 28829 29127 29157 30131 
5115 6480 7078 8285 8746 9296 10371 11149 11725 12595 13363 14077 14630 15180 15659 16455 17518 18359 18831 19773 20134 20831 21772 22323 23312 24180 24880 25776 26646 27577 28146 29113 29838 30179 30223 30407 30622 30658 30951 31595 
5385 6633 7345 8999 9524 9541 11067 11441 12168 13138 14100 14631 15381 15716 15825 16568 17573 18979 19068 20015 20869 20875 22336 23135 23813 25002 25105 26009 27577 28142 29122 29229 30198 31197 31942 32540 33166 33632 34582 34951 
5910 7599 8296 9767 9995 10381 11210 12294 12750 13196 14917 15642 15684 15937 16514 17285 18384 19368 19734 20496 21274 22221 22441 23705 24386 25517 26424 26784 27690 28774 29183 29952 31008 31304 32291 33045 34100 34625 34843 35885 
6760 7992 8511 10209 10336 10387 11556 12791 13083 13392 15457 16497 16503 16927 17304 17713 18662 19926 20443 20742 21751 22535 23398 24035 24693 25675 26512 27351 28184 29457 30214 30865 31749 31947 32588 33426 34901 35295 36170 36203 
7373 8007 9020 10741 11716 12285 12670 13227 13249 13879 16165 16875 17853 18526 19225 19543 20169 21107 21592 21977 22909 23520 24170 24195 25681 26008 27007 27865 28441 29511 30930 31373 32723 32884 33158 33598 35571 36096 36326 37132 
7952 8566 9058 10850 11977 13031 13999 14985 15658 15947 16438 17280 18664 18950 20005 20207 20338 21907 22397 23168 23539 24360 25102 25967 26005 26251 27162 28411 28790 30101 30959 31468 33015 33301 34107 34546 35686 36995 37661 38178 
8121 9455 9885 11594 12532 13206 14664 15269 16148 16895 17033 17511 19316 20068 20225 20544 21148 22725 23640 24344 24374 24375 25559 26097 27053 27693 28542 28597 29150 30676 31954 32028 33041 34245 34446 34848 36214 37970 38874 39703 
9066 10085 10311 12342 13064 13739 15487 15984 16259 17051 17166 18399 20068 21064 21416 21430 22285 23013 23920 24449 25338 25507 25769 26719 27563 28358 28766 29048 29542 31245 32597 32740 33068 34340 34767 34875 37194 38244 38949 40649 
9426 11006 11645 12358 13330 14200 15811 16158 16291 17173 17909 18554 20459 21551 21798 22793 22829 23938 24416 24627 25748 26227 27006 27058 27864 28849 29190 29191 29903 31632 33373 33535 33723 35123 35579 35959 38048 39223 39579 41111 
10325 11530 12224 13276 14279 14648 16008 16489 17395 18323 18608 19506 21338 21566 22318 23563 23936 24625 25370 25657 26441 26869 27234 27644 28302 29296 29510 29522 30174 31667 33666 34561 35223 35567 36362 36927 38709 39248 40553 41241 
11224 11786 12365 14253 14509 15249 16696 17491 18369 18932 19030 19525 21791 22633 23345 24013 24258 24643 25680 25682 26934 27336 27903 28017 28562 29625 30038 30910 31434 32420 33785 35000 36034 36977 37069 37429 39640 40120 40829 42185 
11605 11894 13230 14502 14878 15949 17326 18272 18565 19617 20277 20677 22038 22642 23580 24162 24318 25088 26012 26822 27496 28163 28697 29093 29281 29751 30563 31429 31730 32868 34225 35717 36278 37144 37342 37460 40475 40857 41398 43176 
11983 12247 13369 14727 15696 16840 17623 18626 19076 19903 20732 20886 22525 22972 23693 24458 24957 25307 26039 27650 28373 28818 29793 30597 31488 31645 31734 32567 32806 33312 34795 36081 37133 37596 38058 38530 41185 41499 41851 44067 
12104 13068 14330 15251 16017 17785 18106 18682 19768 20199 21526 22209 23263 23335 24004 24964 25693 26266 26441 28608 29258 29620 30684 30891 31753 31964 32927 33648 33992 34107 34908 36364 37337 37785 38947 39709 41487 42394 43280 44698 
12477 13824 14819 15590 16562 18321 19098 19402 19990 20979 22465 22669 23537 23985 24324 25878 26478 26734 26895 29501 29619 30199 31107 31303 32700 33558 34189 34207 34927 35648 36125 36489 38001 38956 39478 40144 42468 43443 44400 45236 
12502 14626 15318 15878 17176 19056 19395 20092 20859 21081 23351 23770 24684 25343 26067 26380 27408 27863 28428 29938 30271 30358 31148 31946 33054 33622 34665 34950 35003 35673 36561 36696 38799 39127 40245 40831 43280 44322 45044 45673 
13160 15424 16320 16373 17399 19322 20351 20863 21773 22390 23402 24201 24745 26329 26621 27252 27570 28855 29112 30697 30802 31465 32026 32786 33316 33997 34847 35330 35619 36441 37018 37747 38958 39821 41108 41480 44216 44952 45786 45965 
13576 16054 16505 17192 18263 19423 20402 21716 21797 22434 23434 24552 25449 26569 26695 28002 28537 29079 29701 31182 32170 32912 33276 34106 34919 35549 36342 36591 37239 38155 38805 39667 39937 40664 42019 42277 44975 45624 46073 46818 
14472 16437 16925 17986 19211 20374 20551 21817 22529 22582 24165 25481 25865 27064 27454 28570 28987 29617 30312 31393 33051 33432 34185 34858 35513 36462 36888 36989 37658 38728 39637 40657 40870 40982 42929 43217 45277 46450 46912 46968 
14553 17135 17409 18670 19369 20681 21040 22054 23087 23740 24673 25613 25904 27844 28045 28741 29327 29938 30909 32147 33270 34334 34996 35058 35868 36672 37001 37229 37690 38929 40415 41048 41704 41903 42965 43881 45892 47276 47961 48530 
14874 17672 18257 19123 19705 21044 21549 22978 23652 23743 25278 25882 26610 28790 29712 29802 30531 30628 31613 32722 34063 34608 35992 36883 37046 37173 37693 38261 38554 38985 40880 41695 42546 43109 43876 44291 46541 47503 48570 48820 
15710 18439 19062 19180 19904 21293 21658 23748 24580 24615 25390 26812 27758 28861 30456 30651 31493 31635 32040 32978 34919 35193 36731 37693 38069 38350 38700 39095 39514 40418 41864 42168 42649 43997 44649 45353 47018 48055 49254 49846 
16030 18969 19431 20207 20943 21371 21745 24103 25454 26061 26888 27767 28245 29700 30712 30721 31685 32366 32680 33314 35678 36653 37278 38375 38813 39538 40286 40437 41118 41796 42236 43045 43772 44087 45104 45469 47878 48528 49416 50564 
16988 19365 19913 20462 21800 21967 22786 24515 26412 26761 27311 27803 28399 30665 31266 31924 32296 33354 33542 33734 36348 36720 37409 39020 39516 40140 40995 41529 42055 42615 42898 43781 43938 45011 45203 46291 48692 49384 50285 50746 
17895 19769 20692 20719 22007 22178 23754 24682 26870 27071 27823 28813 29092 30694 31574 32595 32870 33491 34440 35034 36976 37120 38393 39546 39693 40835 41909 42418 42452 42622 42976 44245 44329 45530 45745 46412 48709 49821 50832 51349 
18848 20115 21590 22215 22308 22372 24580 25143 27465 28350 28419 29030 29952 31164 32126 32617 33064 33835 35111 36086 37947 38939 39733 40654 40766 40980 42661 42834 43734 44402 44680 45027 45044 46271 46531 47180 49112 50401 51669 52371 
19382 20666 22286 22814 23156 23246 25100 25236 28211 28683 28900 29060 30543 31979 32953 33675 33958 34209 35811 36396 38552 39714 39975 41515 42431 42638 42672 43418 44257 44886 45692 46442 47406 48201 48217 49202 50199 51057 52443 52812 
20079 21378 22633 22826 23658 24467 25774 26496 28663 28743 29117 29841 30993 32648 33725 34427 34920 35766 36674 36685 39485 40070 40262 41620 42804 43269 44121 44866 45548 46125 46539 47509 48045 48687 49225 49600 51051 51207 53239 53833 
20734 21934 23246 23909 24066 24937 25989 27267 28664 29010 29679 30543 31854 32689 33782 34509 35051 36104 37250 37714 39497 40922 41360 42254 43403 43431 44318 45465 45921 46183 46704 48340 48710 49059 50177 50680 51295 52044 53633 54751 
20859 22362 23427 24585 25553 26138 26988 27481 29209 29232 30460 31133 31982 32744 34743 35329 35499 36171 38182 38421 39712 40993 41636 42461 43802 44663 44856 46417 47048 47129 47417 48379 49650 50381 50851 51063 52233 52932 54107 54855 
21419 22490 24347 24763 26292 26825 27293 28471 29894 30269 30909 31567 32750 33003 35232 35641 35816 37038 38515 38728 40673 41108 42621 43506 43844 45326 46098 46437 47420 48126 48197 49239 49975 50538 51620 52618 52875 53724 54494 55303 
21913 22551 25334 26043 26390 27099 27493 28764 30826 31400 31498 31990 33261 33772 36099 36352 37308 38237 39295 39930 41045 41283 43410 43516 43951 46287 46602 46612 48207 48786 48963 49634 50675 51349 51945 53164 53405 54292 54953 55612 
22524 22838 25446 26331 26802 27897 27923 29039 30954 31656 31692 32232 33433 34292 36519 37398 38098 38525 39964 40892 41784 42730 44061 44749 45706 47243 48031 48377 48775 48824 49254 50518 50910 51408 52396 53361 53876 54912 55953 56669 
23264 24111 26047 26405 27077 28073 28995 29434 31786 32250 32628 32748 34151 34813 36636 37450 38662 39121 40336 41587 42241 43625 44998 45480 45869 47724 48460 49233 49558 50135 50261 51485 51839 52703 53097 53961 54319 54927 56496 57584 
23998 24499 26115 26668 27810 28751 29043 30094 32098 32650 33204 33350 34442 35483 36820 38340 39563 40061 41153 41890 42600 44047 45759 46566 47237 48352 49328 49348 50049 50258 51042 51746 52177 52950 53354 54114 55071 55136 56890 58175 
24909 25878 26554 27560 28512 29513 30430 31268 32875 33653 34435 35218 36200 36270 37285 39180 39833 40973 41281 41944 43274 44989 46434 47341 48116 48568 49560 49654 50168 50545 52041 52826 53111 53896 54326 54597 55280 55843 57366 58281 
25585 26713 27078 27772 29512 29823 31390 31891 33112 33791 35050 35817 36629 37099 38190 39786 40691 41116 41450 42682 43862 45170 46738 48293 48783 49569 49967 50623 51312 51976 52122 53004 53248 54100 54638 55383 55693 56639 57525 58602 
25705 27414 27670 28738 29850 30156 31929 32102 34060 34831 35498 36694 37096 37102 38336 40185 40954 41706 42232 43524 44302 45567 46944 48903 49217 49665 50041 50892 51449 52205 52953 53652 54356 54728 55658 56171 56653 56694 58369 59074 
25872 27707 28356 28922 29978 31147 32054 32123 34206 35589 35948 37287 37907 38144 38998 40486 41735 42609 43187 44080 44325 45671 47097 49365 49568 50551 51253 51472 51766 52561 53348 54361 55257 55481 56423 56718 56987 57132 59219 59819 
26354 28079 28925 29323 30648 32112 32422 33112 34351 36083 36174 37916 38545 38881 39571 40643 42341 42775 43464 44501 45417 46577 47750 50051 51043 51568 52441 53370 53805 53813 54594 54823 55966 56867 57297 58129 58883 59864 60057 61006 
26355 29007 29057 30032 31034 32244 32429 33692 34473 36908 37410 38421 38973 39013 39903 40796 43129 43346 43967 45095 45820 47357 47942 50135 51299 51632 52572 54307 54499 54577 55072 55999 56845 57599 57840 59106 59490 60028 60118 61704 
26772 29709 29931 30137 31702 32412 33318 34081 34836 37667 37794 38999 39631 40273 40279 40972 43402 44192 44287 45132 46680 48354 49146 50588 52164 52596 52744 55285 55322 56270 57113 57634 57704 57764 58532 59608 60239 60368 60976 62294 
26876 30516 30585 31496 32165 32578 33416 34384 35005 37694 38190 39197 40433 40567 41543 42526 43978 44467 45316 46020 46681 49170 49946 51060 52238 53128 53671 55972 56126 56934 57385 58191 59131 60028 60381 61316 61521 62106 62768 63377 
27026 31143 31838 32555 32678 33442 34391 35263 35907 38600 39027 39967 41431 41698 42546 42771 44556 45171 45938 46734 47635 49502 50097 51572 52313 53872 54052 56154 56957 57825 58167 59183 60088 60927 61138 61472 62248 63033 63751 64733 
27112 31564 32676 33046 33373 33914 34983 35444 36822 39050 39897 40101 41812 41954 42565 42983 44915 45751 46250 47163 47816 50230 50404 52431 52858 54319 54466 56914 57450 58277 59045 59682 60225 61365 61431 62093 62321 63916 64224 64990 
27338 31687 33585 33732 33890 34473 35377 35751 37813 39908 40282 41131 42363 42926 43856 44533 45493 46705 47435 48137 48965 50435 51335 53211 53372 54456 55178 57564 57942 59104 59681 60557 61052 61649 61738 62981 63970 64008 64715 65534 
28290 31843 34175 34251 34480 34736 35544 35965 37947 39965 40633 41805 43032 43585 44083 44627 45654 47686 48584 48932 49420 51193 51729 54197 54657 54882 56151 58144 58859 59575 59744 60576 61693 62344 62806 63116 64187 64284 64721 66427 
29229 32183 34434 34680 35665 35966 36241 36769 38403 40020 41486 41872 43310 44174 44340 44971 46026 48602 48757 49845 50209 51352 52276 54384 55445 56265 56780 58449 59815 60219 60624 61454 62572 63158 63620 63745 65117 65252 66150 66936 
29430 32938 34788 34927 36632 37425 38393 38482 39171 40850 42019 42502 43823 45126 45254 45826 46132 49462 50084 50161 51053 52077 52822 55119 56112 57034 57650 58714 60686 61453 62010 62349 62869 63873 64433 64461 65391 66234 66572 67165 
29642 33316 35572 36265 37162 37697 39292 39610 40520 41336 42822 43209 44086 45876 46606 47406 48216 49814 50481 50892 51092 52678 53255 56067 56870 57977 58490 59005 61316 61895 62169 62369 63188 64696 64944 65022 65687 66860 67830 67919 
29646 34291 36247 37038 37661 38325 39399 40143 41007 41965 43690 44478 45471 46613 47081 48394 48767 49932 50821 51248 51857 53041 54135 56225 57063 58232 58983 59177 61465 62791 63440 63940 64039 64751 65748 66258 66875 67816 67855 68676 
30329 34608 37217 37750 38440 39177 39738 40385 41660 42007 44173 45161 45644 47096 47296 48988 49466 50638 51315 51793 52270 53743 54805 56491 58026 59157 59862 60171 61798 63200 64303 64561 64900 65741 66517 67344 68306 68361 69358 69766 
30830 34821 37414 37805 38584 39653 40191 40514 42164 43103 44574 45465 45678 47408 48264 49494 49968 51324 52312 52664 52703 54674 55721 56982 58814 59964 60441 61078 62663 63414 65092 65247 66204 66832 67308 67577 69210 70073 70920 71479 
31821 35380 37597 37814 38871 39751 40278 41218 42778 43122 44594 45582 45706 47746 48654 49883 50130 52059 52695 52887 53125 54773 56283 57024 58910 60521 61451 61964 63609 64273 65173 66073 66525 67190 68280 68953 69304 70643 71143 71542 
32298 35578 38225 38308 39291 40585 40862 41407 43697 44231 45415 46156 46513 48208 48757 50190 50968 52179 53016 53891 54035 55089 56745 57921 59484 60935 61902 62487 64014 64654 65189 66541 66741 67825 69206 69294 70032 71568 71717 72667 
32842 36132 39053 39116 39809 40850 41840 42235 44355 45036 46207 46641 47500 48574 49561 50261 51847 52700 53509 54380 54456 55780 57712 58891 59868 61754 62656 62666 64580 65536 65738 67079 67274 68760 69444 69863 70644 72160 72839 73623 
33330 36271 39667 40634 41412 41737 42642 43015 44792 46007 47144 47328 47997 49524 50334 50881 52532 53320 53636 54419 54789 56544 58264 59415 60347 61862 63370 64165 64832 66381 66507 67765 68343 69643 70479 70812 71747 72593 73272 74619 
33402 36325 40087 40948 41826 42518 43274 43620 44954 46949 47724 47914 48594 50173 50716 51050 52637 53866 54051 55007 55298 57147 58748 59586 61194 62480 63884 64186 65225 66745 67233 68193 69288 70313 71312 71820 71988 73200 74085 75528 
33891 36361 40752 41889 42717 43054 43738 44710 45061 47938 48205 48745 49190 50461 50728 51165 53073 54709 55693 56371 56408 57652 59588 59711 61599 63223 64380 64849 65545 66954 67557 69080 69919 70421 72039 72919 73093 73266 74690 76312 
34836 37111 40890 42787 42976 43142 44359 45145 45443 48673 49601 50278 51114 51677 52216 52967 54035 54908 55987 57299 57792 58411 59990 60964 62429 63586 65047 65118 65680 67173 67861 69175 70782 71144 72420 73525 74211 74669 75318 76535 
35770 37648 41188 43636 44331 44493 45190 45603 46570 49438 49868 51271 51798 52017 52332 53330 54297 55666 56903 58047 59044 59471 60753 61659 63390 63769 65950 66841 67175 67560 68403 69568 71472 71627 73338 73906 74273 75669 75949 77084 
36466 38392 41491 44231 44999 45426 46253 46923 47540 49988 50221 51955 52345 53106 53269 53952 55146 56603 57715 58655 59305 59487 61323 61978 63698 63990 66580 67524 68306 69151 69730 70391 72119 72868 74023 74344 74379 75974 76010 77177 
36522 38563 41749 44663 45195 46253 47158 48098 48567 50735 51170 52333 52700 53691 54624 55121 55832 56722 58331 59300 59783 60617 62212 63058 64295 65279 67389 67646 68363 69369 70596 70730 72287 73647 74538 75303 76172 76218 76324 77390 
37380 39025 42015 45427 46338 46409 47869 48341 49045 51707 51712 52651 53027 53703 55472 55641 56612 56773 58699 60069 60109 61360 62315 63871 65189 65720 68217 68846 69493 69527 70804 71197 72904 73726 75452 76356 76768 77632 77732 78288 
37943 39315 42466 45721 46670 47282 48407 48721 49450 51840 52729 53568 54458 54893 56114 56286 57122 57205 59236 60420 60615 61375 63300 64050 65513 66295 68464 69246 70231 70754 71562 72390 73223 73905 75815 76428 76947 78388 79276 79956 
38271 39491 42557 45880 46764 47628 48621 49133 49542 52350 53329 54417 55069 55563 56324 57266 58239 58920 59873 60906 61583 61843 64087 64616 65597 66375 68899 69698 71059 71697 71877 72630 73728 74700 76301 76889 77932 79159 79549 80191 
38628 39861 43296 46867 47383 47826 49528 50443 51216 52944 53983 55261 55980 56163 56645 57365 58269 59631 60685 61523 62059 62349 64506 65059 66511 66995 69449 70477 71339 71962 72429 73198 73984 75303 77032 77096 78747 80059 80242 80590 
38686 40391 43459 47083 48347 49117 49533 50971 51319 53194 54616 56120 56480 56653 57017 58178 58870 60610 61677 62474 63096 63566 64574 65163 66939 66996 69875 70873 71818 71973 73266 73674 74314 76175 77855 78643 79696 80562 80933 81749 
39675 41244 44098 47269 49077 49726 50171 51876 52760 53251 54634 56278 57269 58208 59056 59746 60245 60889 61728 62753 63147 63733 64919 66058 67594 68115 69973 71332 71928 72522 73483 74556 75157 76181 78294 79395 79944 81356 82085 82910 
40026 41977 44945 48002 49666 50176 50897 52776 53057 53393 54644 56562 58263 58670 59575 60633 61392 62234 62982 63349 63475 64646 65238 66404 67880 68834 70120 71358 72615 72670 74321 74941 75472 76305 79220 80382 81062 81562 82570 83209 
40415 42684 45482 48175 49765 51020 51515 53255 53454 54129 54759 57313 58416 58917 60054 61612 62474 63112 63176 64040 64354 65344 65774 67015 67968 69489 70985 72290 73162 73744 75232 75762 76596 77218 80206 80748 81810 81877 83193 83868 
41069 43389 45529 48756 50192 51693 52175 53638 54053 55063 55439 57372 58785 59146 60244 62333 62632 63808 64428 65295 65941 66493 67026 67037 68367 70404 71753 73192 73804 74748 75676 75792 77050 77860 80737 81580 82328 83089 83588 84406 
41323 43626 45745 48842 51108 52297 53266 53750 54383 55796 55837 58101 59646 60255 60475 62346 63554 64790 65567 66433 67014 67189 67343 67686 68703 70553 71985 74057 74099 75324 76497 77320 77643 78306 80850 82009 82334 83791 84414 84496 
42048 44077 46614 49015 51466 52318 54168 54674 55218 56473 57104 58152 60102 60588 60661 62639 63613 65304 66434 66871 67344 67569 67619 67722 68946 71066 72629 74125 75118 76264 76903 78074 78272 78696 81820 82448 83136 84281 85374 85378 
42735 44394 47058 49315 51507 52492 54723 55000 56072 57450 58435 58885 61001 61952 62334 62696 63903 65932 67206 67795 68656 69575 70383 70849 70919 71790 73371 74865 76008 76926 76963 78432 79010 79497 82771 83762 84207 85271 86292 87270 
42975 44997 47183 49572 52476 52716 55478 55703 56770 58318 58812 59017 61036 62050 62852 63534 64434 66879 67587 68783 69622 70532 71528 72415 72961 73690 73751 75551 76010 77444 77774 79232 79247 79559 83345 84650 85222 85536 86443 87975 
43486 45913 47390 50109 52810 53653 56224 57073 57891 58359 59429 59871 61983 62549 63021 63716 64636 67349 67843 69150 70156 70622 71923 72590 73896 74189 74447 76078 76697 78271 78344 79471 79988 80256 83636 85074 85432 85833 87313 88627 
43954 46658 47497 50614 53708 53864 56906 57286 58494 58862 59608 60363 62053 62854 63291 63781 65342 67788 68210 69856 70182 71089 72279 73113 74294 75239 76070 76987 77507 79028 79736 80376 80797 81075 83734 85984 86183 86599 88254 89148 
44553 47041 47647 50861 54095 54962 57086 58028 58579 59604 59655 60817 62835 63562 63957 64318 65727 68138 68258 70703 70787 71564 72905 73728 75140 75323 76705 77632 78058 79896 79912 80901 81538 82420 84674 86050 87063 87459 89205 89873 
44987 47118 47674 51813 54274 55806 57854 58838 58918 60589 61584 62441 63085 64551 65500 66077 66521 68700 69495 71671 72575 72836 72912 74520 75465 75662 77500 78358 78635 80564 80895 80988 82016 83032 85249 86343 87951 88151 89707 90090 
45699 47155 48126 52030 54759 56358 58216 59563 60348 60780 61944 63182 63896 64709 65747 66591 66730 69156 70305 72086 72793 73538 74144 75195 75922 76361 77583 78541 78918 81420 81871 82403 82669 83700 86198 86812 88460 89054 90062 90500 
45768 47511 48218 52708 55179 56513 58872 60365 60845 61422 62438 63285 64447 64724 65804 67157 67512 69687 70533 72827 73799 73928 74510 75456 76004 76448 78322 79059 79757 82058 82676 82927 83582 84334 86435 87500 88802 89158 90910 91768 
46307 48119 49206 52805 55880 57253 59646 60733 61642 62125 63305 63363 64841 65403 66689 67804 68045 70491 71141 72909 74555 74593 75097 75877 76595 77487 78583 79695 80721 82800 83330 84306 84628 85361 86764 88028 89227 89439 91893 92312 
46614 49095 50083 53098 56250 57880 60388 61392 61848 62188 63861 64857 65345 65456 67068 68367 68493 70565 71798 73214 75485 76399 77396 78051 78552 79036 79937 80924 81600 83130 83477 84415 84794 86000 87680 88236 90070 90848 92207 93194 
47524 49772 50581 53262 56808 58630 60935 61782 62188 63116 64197 65661 66312 66873 67412 69258 69435 71374 72168 73829 75541 77006 77768 78522 78650 79324 80313 81466 81868 83821 84513 84960 85039 86493 87830 88716 90368 91635 92861 93385 
47655 49879 51538 54102 57247 59321 61414 62418 63178 63825 64226 65951 67055 67254 67982 69365 69827 71979 73108 74335 75917 77736 78767 79436 79604 80516 81228 81801 82727 84048 84927 85415 85653 86855 87836 89428 90935 92509 93648 94541 
48136 50279 52480 54839 57503 60035 62232 62867 64101 64676 65631 66257 67946 68673 69579 69965 70581 72297 73469 74349 76218 78343 78960 79580 80487 80683 81725 82109 83481 84996 85182 85456 86151 87397 88451 90089 91824 93195 93846 94614 
48799 50756 53021 55397 57652 60699 63137 63403 64960 65257 65771 66391 68257 68772 70574 70661 71347 72699 73869 74548 77111 78410 79769 79911 80587 81649 82174 82730 83613 85803 85837 86218 86673 88103 88867 90546 92347 93453 94751 95342 
49213 51589 53692 55469 58607 60923 63844 64565 65344 65434 65839 67377 68775 69221 70678 71163 72311 72820 74153 74582 77668 78575 80094 80167 80597 82417 83315 83959 84018 86165 86365 86802 87307 88932 89723 91006 92755 94101 94919 95896 
49481 52563 54237 56004 59602 61404 64768 65691 66392 66709 67208 68261 68844 69908 71553 71885 73066 74015 74180 75519 77935 78635 80610 80764 80822 82572 83948 83970 85008 86369 87060 87517 87904 89365 90080 91179 93627 94442 95187 96280 
50317 53203 55058 56119 60502 61873 64840 66350 67094 67849 68550 68911 69711 70663 71706 72722 73153 74202 74553 76109 78135 79160 80939 81575 81848 83468 84036 84541 85946 86795 87162 88278 88888 90218 90311 91814 93975 94963 95624 96386 
51195 53234 55575 56466 60860 61935 64988 67094 67135 68043 68620 69642 70317 71606 72500 72818 73203 74364 75409 76690 79028 79498 81790 82768 82790 84137 84728 85516 86586 86839 87726 89041 89875 90625 90697 92653 94476 95082 96591 97274 
51533 53547 56343 57041 60946 62819 65202 67115 67385 68365 69521 69656 70837 72163 72899 73031 73915 75219 76334 77538 79290 79641 82716 83264 83629 84547 85173 86497 87280 88107 88838 90001 90680 91136 91370 93094 95105 95380 96722 97538 
52192 53877 56727 57750 61589 63220 65262 67424 68309 69231 69589 70586 71468 72383 73429 73465 74302 75556 76638 78012 79468 80051 83243 83660 83681 84845 85381 86911 87564 88788 89581 90505 90685 91170 91572 93522 95202 95938 97347 97915 
53097 54607 57576 57772 61798 63911 66241 68080 68622 69807 70074 71095 72182 72914 74397 75172 76166 76457 77297 78329 79953 81012 84107 84517 85319 86006 86869 87757 87993 89562 90212 91495 92484 92721 93631 94547 95746 96315 98079 98492 
53599 55027 58101 58386 62374 64096 66315 68809 69126 70700 71644 71696 72356 73543 74878 75928 76171 76747 78111 78353 80759 81483 84826 85585 86222 86986 87505 87812 88140 89876 90704 92309 92967 93873 94581 94841 96441 97016 98288 99052 
54402 55667 58256 59341 62702 64506 66325 69389 69466 70922 72089 72690 73124 74201 75595 76588 76820 77190 78648 79150 81704 82538 85678 85757 86678 87353 87527 88010 89067 90431 91343 92362 93463 94624 94990 95641 96882 97560 99119 99447 
55004 56584 59229 60278 63613 65192 66385 70309 70596 71419 73032 73818 74332 75252 75831 76903 77041 78010 79110 80123 81932 83370 85831 86280 87559 88418 88488 88913 89520 91139 91417 92822 93512 94758 95835 96736 96951 98113 99446 99871 
55084 56641 60048 60784 64499 66175 67244 71245 71968 72318 73853 74508 75192 75437 76200 77716 78420 79310 79819 80519 82334 84364 85984 86539 88454 88943 89401 90090 90868 91596 92237 93408 94372 94867 96664 97556 98198 98244 100099 100434 
55821 57024 60167 60952 64802 67156 67543 71999 72061 72655 74078 74621 75537 76269 76388 78687 79180 79933 80528 80998 83297 84396 86579 87117 89382 89599 89872 90945 91406 91694 92836 93643 95059 95544 97269 98121 99087 99232 100630 100850 
55918 58012 60369 61666 65771 67168 67811 72240 72720 73226 74511 74880 75941 77001 77966 78820 79801 80217 80604 81928 83540 85037 87084 87915 89902 89907 90495 91018 92250 92455 93348 94642 95941 96467 97859 98482 99391 100196 101193 101335 
56713 58969 60492 62147 66115 68121 68810 72355 72819 73410 75073 76038 76585 77817 78060 78975 80133 80697 81180 82112 84525 85146 87132 88238 90897 90945 91429 91473 92698 92765 93441 95381 96773 96910 98006 99373 100008 100517 101885 102636 
56778 59419 61182 62519 66452 69021 69743 72683 72884 73892 75990 76237 77561 78479 78931 79726 80670 81188 81957 82882 85002 85887 87610 89201 91701 91761 92337 92910 93754 93941 94694 95991 97095 97476 98596 99894 100534 101430 102636 103503 
57574 59969 61483 63222 67054 69872 70302 73002 73702 73961 76467 76504 78398 78945 79034 80579 81081 81914 82091 83099 85333 86505 88077 89681 92592 93422 94002 94434 95272 95290 96124 96987 97973 98796 99251 99935 100556 102213 103441 103735 
57998 60032 61489 63799 67166 70373 70948 73692 74621 75016 76621 77164 78408 79844 80139 81033 81676 82289 82880 83193 86284 87483 88196 90036 93271 93527 94922 94961 95624 95845 96625 97918 98557 99557 99708 99970 101449 102839 104022 104781 
58412 60479 62366 63848 67267 71053 71111 74061 75425 76177 77060 77850 79332 80068 80403 81628 82212 83131 83552 83688 86841 88171 89099 90342 93535 93649 95042 95407 95785 96081 97104 98854 99654 100314 100749 100941 102093 103773 104916 105209 
58784 61335 62900 63973 68250 71994 72209 74908 75633 77160 77313 78324 79391 80163 80693 81849 83059 83970 84123 84452 87561 88373 89363 91183 93887 94372 95409 95416 96435 96575 97571 99049 100421 100714 101160 101164 102370 104103 104956 105297 
59740 61939 63524 64208 68334 72828 73210 75458 76510 77246 78211 78457 79906 81086 81790 82588 83675 84901 85569 85614 88062 89066 89618 91914 93919 94454 95830 96589 96620 97352 98478 99104 100951 101710 101923 102083 102480 104978 105671 106539 
60259 61946 63950 64868 69206 73561 73891 75994 77404 77668 78397 78843 80733 81409 82701 83437 84029 85630 85687 86178 88916 89653 90451 92253 94837 94920 96121 97427 98299 98865 99817 100393 101742 102334 103101 103243 104020 105395 105766 106955 
60313 62172 64653 65700 69449 74463 75153 76730 78386 79169 79540 80058 81329 81880 82877 84242 85204 86283 86588 87580 89811 90746 91425 93029 95553 95775 96491 97491 98767 99808 100711 101292 102326 103060 103889 104475 105222 105477 105798 107819 
60823 62721 64775 65873 69787 75069 75218 77196 78793 80138 80681 81112 81333 82604 83693 85158 85279 86904 87854 88510 90751 91094 92269 93689 95619 96732 97021 97955 98899 100186 101546 102105 102602 103110 103946 105197 105508 105525 106368 107998 
61383 63629 65056 66236 69900 75225 75793 77547 79465 80183 81268 81430 82038 83400 84447 85372 85469 87683 88056 88887 91000 91390 93006 94141 96205 97201 98112 98826 99774 100340 101693 102845 102853 103723 103973 105962 105965 105995 106444 108500 
62284 63645 65212 66347 70187 75469 76682 77696 79905 80846 81281 81609 82123 84241 85014 85487 85720 88004 88689 89034 91021 92027 93445 94905 96760 98196 98720 99669 99790 101317 102076 103514 104490 105361 105765 106713 107179 107873 108079 109244 
62754 63892 66001 67013 71106 76266 77534 78160 80192 81410 81515 81645 82448 85155 85344 86482 87466 88043 89224 89654 91222 92660 94295 95879 97444 98664 98794 100191 100660 102166 102513 103951 104799 106117 106160 107584 108187 109179 109278 109578 
63455 64824 66595 67490 71264 76633 77822 79106 80944 81569 82378 82956 83271 85783 86431 87329 87651 88193 89229 89810 92081 92779 94679 96244 98275 99370 99738 100613 101311 102406 102991 104239 105358 106597 107101 107883 109070 109200 110126 110690 
64453 65640 67583 68573 72263 76904 78068 79985 81285 81711 83212 83527 83951 86509 87421 87707 88274 88854 89953 90594 92292 93076 95452 97131 99203 100340 100604 100621 101540 103216 103846 104892 106103 106796 107391 108639 110036 110194 111066 112020 
65135 66146 67633 69503 72681 77104 78599 80184 81839 82044 84044 84517 85516 87038 88394 88656 88837 89116 90035 91184 92391 93958 95762 97927 99687 100390 100711 100999 101572 103767 104492 105629 106844 107363 107398 109264 110739 111214 111497 112200 
65666 66423 68599 69712 73592 77288 79142 80625 81908 82282 84467 84922 85588 87584 88962 89111 89792 90428 91220 91290 93229 94698 96095 97984 100416 100615 101590 102266 102622 104468 105464 106335 106888 108333 108619 109925 111066 111434 112042 112416 
66323 66505 68639 69962 73921 78254 79632 80656 82704 83677 84538 85620 85777 88553 89713 89848 90327 91340 92016 92851 93469 94829 96684 98675 100977 101444 102103 102863 103003 105230 105761 106537 107098 108408 109360 110767 111250 112029 112771 113573 
66552 66933 68789 70088 74805 78376 80418 81187 82723 84291 84719 86455 87262 88641 90352 91294 92117 92729 92779 93799 94346 95142 97235 99507 101596 102517 102732 103757 104515 106021 106193 107104 107967 109332 110293 111188 111383 112302 113000 114360 
66949 67261 69398 70740 75051 78811 80768 82096 83376 85049 85390 86604 88173 89073 90894 91854 92717 93165 93813 94287 94973 96142 97525 100197 102235 102954 103807 104774 105563 106635 107223 108027 108679 110320 110542 111610 112534 113520 113882 114469 
67298 68237 69925 71517 75880 79542 81169 82968 83845 85246 86122 86611 89001 89887 91795 92791 93758 94371 94536 94573 95541 96510 98401 100339 102344 103495 104229 104898 106470 107534 108374 108406 109015 110825 111500 111893 112919 113823 114317 114763 
67725 68562 70460 71584 76808 80071 81423 83215 84062 85537 86728 87086 89656 90392 92526 93313 94362 95120 95675 96274 97257 97473 99066 101303 102554 103815 104751 105296 106545 107883 108857 109674 109802 111069 111863 112680 113482 114643 115070 115483 
68634 69273 71294 71892 77678 80360 82334 84075 84425 86289 87534 87989 89751 90405 93508 94020 94751 95808 96597 97181 97843 98747 99491 102073 103464 103844 105659 106596 106680 108880 109861 110007 110711 112013 112793 113586 113810 114849 115131 116043 
69383 69729 71516 72880 78678 80890 82336 84496 84565 86311 88272 88815 89960 91139 93818 94262 95744 96700 97543 98195 98990 99629 100495 102889 103718 104588 106509 107201 107446 109054 110139 111055 111563 112701 113495 114410 114426 115150 115215 116190 
69550 70057 71941 73108 79642 81507 83104 85453 86423 87182 89239 89462 90179 91817 94095 94405 95945 97487 98180 98653 99133 99943 100527 103027 103834 105104 107306 107426 107809 109114 110245 111069 112392 112937 113653 115376 116061 116203 117028 117296 
70014 70385 72929 73714 79981 82071 83284 86097 87002 87202 89428 89559 90526 92058 94796 95499 96765 98211 98787 99035 99498 100851 101600 103946 104933 105768 108283 109040 109917 110826 111678 111719 113129 113872 114081 115547 116129 116509 117898 118538 
70424 70839 73150 73835 80941 82202 84085 86174 87723 88332 90160 90800 91399 92648 95220 96406 97232 98594 99586 100431 100869 101132 101884 104216 105170 106539 109181 109699 110577 110928 112108 113078 113306 114434 114788 116514 117461 118093 118758 119624 
71152 71981 73392 73968 81147 82685 85061 86772 88543 88714 91150 91658 92367 92851 95405 97277 97498 99237 99829 100654 101198 101700 102292 104718 106099 106613 109593 109846 110899 111695 112252 113705 114293 115338 115901 117385 117462 118978 119965 120585 
71216 72892 73689 74414 81591 83245 86017 87742 89042 89900 91455 92194 92495 93318 95774 97382 98437 99881 100387 101406 101662 102587 102765 105303 106652 107087 110451 111275 111821 112730 112925 114559 114618 116259 116501 117802 118282 119328 120145 121350 
71449 73381 74242 74723 81813 83368 86351 88238 89129 90296 92367 92995 93541 94504 96101 97871 99357 100160 101096 101838 102028 103300 104192 105651 107095 107642 110681 111417 112747 113636 113897 114875 115245 117121 117619 118232 118534 119501 120542 121466 
72399 74190 75211 75788 82405 83609 86464 89028 89786 90984 93332 93668 94388 94782 96785 98120 100115 100778 101560 102215 102627 104102 104904 106289 107490 108480 111118 111737 112800 114110 114478 115815 116208 117589 118069 118646 118911 119924 120726 122025 
73195 74839 75630 76217 82993 83692 86472 89181 90650 91874 94261 95138 95730 96281 97738 98765 100826 101784 101830 102528 103388 104887 105661 106730 107547 108948 111774 112373 113230 114750 115648 116223 116768 118260 119208 119353 119679 120363 121300 122321 
73239 75423 76627 76883 83023 84293 87470 89234 90799 92533 94907 95320 96377 96995 98018 99548 101272 102007 102367 103195 104028 104951 106331 107384 107989 109231 112051 112472 114163 114954 116454 117160 117646 119117 119469 119608 119989 121171 121397 123219 
73836 75874 77432 78121 83078 84890 88025 89811 91524 93238 95411 96078 96898 97543 98293 100341 102247 102484 103297 103869 104536 105224 107193 107496 108008 109296 112062 113443 114744 115072 117038 117736 118629 119157 120084 120361 121185 121759 122184 123451 
73959 76586 78091 78334 83615 85743 88760 90704 91687 93434 96315 96835 97794 98646 99475 100435 102669 103663 103841 104627 104742 105814 107264 107499 108373 110152 112886 114200 114850 115743 117861 118665 118978 119826 120797 121504 122499 122719 122803 124130 
74495 77460 78437 78722 83693 86080 89366 91144 92172 93978 97110 98065 98664 98680 99870 101318 102974 104576 105202 105434 105664 106200 108182 108459 109419 110823 113475 114891 115136 116532 117889 119580 120180 121024 122002 122174 123206 123549 123710 124257 
74718 78351 78581 79266 84013 86526 90110 91430 92946 94326 97491 99009 99312 100301 100786 102145 103344 104876 105673 106118 106717 107492 108236 109323 109743 111684 114018 115771 116116 117417 118841 119680 120623 121625 122950 123686 123923 124266 124543 125398 
75137 78558 78905 80107 84151 86778 90963 92401 93814 94674 98024 99710 99947 101173 101856 102413 104206 105515 106267 106942 107630 107665 108496 109612 110593 112643 114068 116149 116783 117848 119510 119982 121488 121751 123847 124421 124437 124659 124860 126183 
76061 78835 79080 80995 84314 87713 91000 93067 94305 95028 98116 100212 101151 102131 103000 103205 104408 106150 106306 107841 108496 108849 109261 110043 110813 113229 114974 117006 117051 118284 119719 120462 121684 122364 123924 125155 125639 125872 126380 126600 
76354 79754 80287 81544 84557 87971 91220 93647 95229 95247 98180 100513 101893 102473 103748 104352 105049 106261 106549 108709 109238 110115 110677 110767 111110 113471 115667 117513 117632 119013 120560 121108 121738 123260 124833 125721 126318 126595 126749 127553 
76743 80047 81144 81860 85004 88516 91854 94413 95321 95490 98719 100708 102627 102857 104033 105329 105419 106935 107377 108902 110007 110920 111647 112440 113254 114223 116140 118011 118916 119767 121502 121595 122068 124213 125480 126390 126904 127237 127440 128170 
76979 80581 81149 82840 85408 89263 91964 95201 96106 96133 99324 101607 103101 103950 104284 106180 106318 107371 108117 109835 110856 111094 111948 113076 113507 115005 116652 118836 119400 120447 121929 122927 123277 125080 125730 127044 127539 127781 128291 128593 
77650 81574 82240 83703 85666 89668 92469 95842 96925 97456 99495 101928 103738 104603 105291 106392 106667 107954 108605 110289 111207 111954 112641 113659 114372 115348 116665 119618 120244 120977 122672 123472 123779 125108 125901 127065 127657 128565 128585 128793 
78170 82379 83262 84103 86227 90463 92908 95963 96976 98255 99575 102412 104574 105035 105335 106907 107788 108549 108784 110444 111593 112110 112797 113953 114850 116059 116884 119992 120434 121440 122700 123856 124725 125157 125915 127751 128420 129462 129659 130357 
78255 82687 83593 84536 86830 91132 93297 96457 97012 98734 99981 103359 104888 105486 105695 107587 108535 108581 109740 110972 112054 112743 112940 114808 115811 116497 117047 120655 120673 121913 122853 123907 125539 125553 126592 128650 129638 129776 130250 130498 
78470 83614 84047 85212 87492 91562 93455 96677 97882 98774 100454 103696 105214 105834 106420 108448 108683 108847 110341 111276 112906 113607 114131 115727 116251 116704 117888 121054 121777 122586 123715 124247 125811 126407 126968 129311 130588 130839 131796 131988 
78471 84121 84653 86069 88038 92190 93945 97640 98096 99174 100962 104651 105867 106552 107386 109136 109147 109217 110739 111419 113471 114563 114761 116290 117146 117500 118462 121347 122095 123021 124035 124828 125903 127051 127673 130093 130722 131328 132781 133429 
78510 84381 84944 86521 88650 92191 94511 98230 99060 100121 101171 105053 106251 107347 107933 109220 109260 109485 110852 111929 113687 115530 116074 116827 117188 117716 118963 121940 122879 123885 124075 125311 126452 127755 128381 130695 131687 132136 133263 133470 
79225 84432 85653 86909 89532 92963 95136 98850 99472 100151 101379 105332 106609 107412 107948 110107 110643 111624 111877 112105 114276 115947 116617 117261 117351 117878 119279 122009 123334 123983 124303 125635 127357 128309 128388 131620 132585 133257 134111 134947 
79658 84558 86290 87548 89913 93960 95143 99138 100148 101060 101738 105493 107515 108361 108945 110518 111162 112568 113097 113957 114929 116137 116787 117671 118226 118671 119315 122181 124214 124700 124714 126183 128345 128609 128645 131792 132754 133814 134776 135649 
80343 84848 86893 88460 90151 94907 95419 99969 100810 101947 102788 105548 107521 108977 109348 111095 111344 113516 113592 114523 115176 116372 117749 117932 118709 119028 119411 122719 124676 125286 125747 127019 128402 129229 129570 132096 133323 134774 134916 136204 
80468 85782 87108 88783 90439 95210 95890 100171 101348 102571 103578 106188 107529 109140 110296 111330 111779 114368 114829 114852 115991 117098 118458 118509 119200 119801 120545 123336 125453 126331 127239 127793 128722 129905 130559 133079 133669 135480 136093 136538 
81384 86007 87278 89047 90944 95414 96141 100466 101628 103111 104175 106283 107717 109175 111159 111934 112133 114440 115670 116407 116885 117732 118888 119410 119449 120722 121034 123568 126432 126529 128135 129080 129935 130619 130820 133179 133994 136259 136483 137357 
81947 86268 88251 89317 91649 95854 96557 101110 102400 103237 104863 106358 108105 109420 111403 112771 113386 114780 116057 116492 117264 117833 119749 120656 120754 120802 121866 124494 126887 127299 128961 129831 130808 131388 132164 133632 134334 136910 137812 138292 
82841 87180 88787 89743 92061 96559 97398 101265 102888 103877 105739 107273 108494 109956 111888 113047 113571 115275 116695 117231 117578 118288 120746 121154 121375 122290 123171 124637 127471 127932 129448 130616 130868 131924 132343 133849 134888 137031 138703 139454 
83035 87748 89619 90332 92722 96582 97749 101828 103281 103963 106602 108123 108829 110852 112873 113120 113919 115671 117275 117493 117678 118436 121170 121324 122351 123342 123998 125029 127850 128791 130001 130765 131396 132723 132740 134314 135552 137701 138907 139681 
83543 88074 90423 91073 93609 97255 98382 102024 104024 104364 107121 108376 109154 111125 113003 114016 114221 116093 117888 118833 119095 119527 121804 122055 122367 124120 124696 125712 128704 128864 130677 131646 131940 133539 133765 134531 136170 137710 139276 139991 
83721 88547 90742 91895 93756 97577 99135 102699 104753 104788 107741 108490 109580 111126 113095 114638 115565 116847 118782 119813 120338 121006 122314 123052 123139 124451 124701 126622 129539 129949 131014 132389 132885 134276 134349 134753 136232 138681 140017 140204 
84259 88890 91122 92695 94326 98070 100025 103522 105510 106103 108190 109161 110440 111973 113724 115279 115961 117413 119588 120659 121118 121261 122409 123070 123790 124984 125883 127522 130320 130751 131073 133367 133746 134991 135104 135847 136679 139586 140204 141060 
84925 89344 91915 93281 95191 99058 100241 103579 105729 106140 108432 110116 110701 112383 114472 116252 116425 118219 119883 120776 121516 121834 123306 124101 124481 125404 125889 128160 130611 130923 131250 133410 134368 135245 135601 136088 137471 139860 140659 141278 
85098 89355 92066 94278 95664 99231 100424 103588 105811 106160 108501 110449 110999 112522 115431 117044 117334 119009 120450 121527 121666 122584 123863 124580 124645 126321 126472 128738 131493 131921 132033 134403 134737 136038 136296 137222 137485 140694 141626 142122 
85231 89390 92794 95119 96524 100036 100763 103798 106298 106824 109198 110458 111822 112683 116321 118018 118692 119095 121289 121716 122197 122781 123967 124706 125665 127293 127663 129269 131687 132747 132817 135340 135359 136965 137753 138064 138290 141081 142342 142797 
85465 90288 92846 95463 96651 100619 101271 104021 107259 108012 109309 111344 112148 112699 116625 118317 119040 119241 121901 122174 122252 123308 124006 124868 126614 127401 128354 129352 132198 133235 134049 136076 136642 137312 138167 138419 138506 141716 142671 143583 
86095 90742 93073 95690 96821 101130 101725 104135 108123 108946 109450 112237 113208 113642 117611 119114 119653 120384 122311 122645 123004 123518 124536 125378 126811 128310 129354 129445 132508 133992 134944 136371 137439 138382 139032 139312 139402 141872 143360 143645 
86214 91036 93810 96295 97455 101843 102690 104844 108474 109215 109834 112612 114145 114710 118436 119870 120425 120712 123235 124204 124878 125490 126485 127348 127776 128933 129785 130050 132879 134162 135873 136753 137613 139182 139191 139593 140127 142840 143944 144650 
86430 91741 93940 97209 98113 102416 103087 105198 109208 110117 111068 113353 114404 115197 118839 120405 121082 121126 124048 124819 124952 125652 127419 127436 128522 129040 129912 130406 133620 134523 136071 137278 138417 139447 140432 140874 141091 142964 144049 145028 
87278 92536 94809 97770 98168 102452 103553 105629 109699 110550 111428 113721 114570 115487 119676 120959 121826 122622 124969 125110 125457 125832 128017 128878 128976 129286 130833 131679 134045 134669 136787 137692 139396 139642 140538 141659 142077 143948 144846 146027 
87694 93169 95571 97907 98288 102689 103673 105723 109877 111313 111962 114353 114600 115554 120230 121812 122664 123366 125897 126277 126658 127605 128808 129730 130610 131100 131906 132000 135043 135646 137354 137863 139745 140017 141065 141717 142743 144702 145612 146686 
88300 94071 95741 98400 99387 103619 104481 105835 110565 112193 112819 114379 115419 115868 120319 121850 122931 124316 126809 127309 127718 128082 129508 130601 131381 131937 132755 133611 135536 136312 137935 138180 140687 140813 141252 142643 143680 144882 146106 147484 
88782 94309 96283 98811 99642 103629 104743 106186 110842 112684 113588 115179 115467 116412 120920 122130 123488 124556 127401 127968 128748 129077 129888 131167 131482 132659 133168 133632 135869 136788 138662 139127 140969 141736 141963 143613 143921 145872 146883 147519 
89694 94910 97148 99639 99995 103700 105315 106833 111762 113272 114339 115904 116056 116578 121454 122214 124121 124860 127950 128164 129085 129857 129897 131933 132437 133394 133708 134359 136268 137647 138892 139400 141096 141939 142083 143763 144080 146684 147184 147808 
90204 95012 97277 100509 101489 104239 105835 107759 112373 113356 114795 116577 116940 117464 122343 123242 125102 125179 127985 129043 129534 130446 130887 132719 132969 133757 134408 134601 136465 138297 138997 140325 141721 142690 142759 144151 145038 146770 147458 147882 
90324 95218 97643 100792 102317 104787 106825 107832 112812 113740 115044 116747 117398 118257 122756 123569 125956 126535 128535 129571 130564 131160 132135 133452 134416 134441 135343 135775 137239 138592 139037 140820 142462 143123 143279 144390 145893 147405 147533 148516 
90380 95224 97739 100899 102465 104876 107251 107904 113197 114066 115820 116927 118312 118837 122819 123612 126866 127320 128905 130270 131549 131888 133013 133722 134887 135765 136256 136457 137611 138652 139243 141367 143387 144197 145127 146082 146136 147892 148394 149336 
90520 95770 97939 100975 102528 105044 107911 108836 113606 114232 116288 117570 119234 119471 123662 123678 127668 128565 129380 131169 131967 132893 133122 133915 135588 136739 137355 138291 138446 139109 139316 142351 144027 144409 145657 146842 147420 148182 148489 149961 
91300 96729 98890 101260 103450 105474 108344 109507 113907 114851 117143 118051 119354 119639 123951 124736 127955 129164 130011 131537 132471 133278 133683 134333 136348 136868 138081 139139 139769 140569 141160 143321 144259 144680 145795 147837 148024 149054 149623 150765 
92065 96815 99227 101696 103614 105813 108915 109516 114500 115272 117460 118809 119875 120004 124124 125541 128007 129956 130950 131735 132737 133588 133783 134857 136395 137616 138267 139719 140502 140815 141786 143461 144356 145473 146372 148350 148407 149801 149935 151736 
92123 97335 99336 102012 104019 106595 109905 110363 115327 116270 118203 119199 120235 120530 124247 126300 128784 130751 131842 132328 133604 134065 134144 135328 137083 138449 139187 140308 141016 141914 142839 144300 145330 145643 147185 149156 150131 150142 150152 151760 
92658 98165 99801 102282 104513 106944 110709 111589 115942 116783 118432 119249 120760 120844 124759 126313 129724 131697 132826 133783 133918 134793 135776 136377 137288 138870 139694 141036 141560 142422 142865 144705 145506 146243 148156 149760 150896 151206 152038 152176 
93554 99092 100752 102669 104539 107172 111395 111748 116508 117524 118858 119317 121319 121637 125047 127294 130320 132411 133747 134047 134644 134862 136225 136478 137473 139683 140574 141235 141960 143266 143386 145634 146464 146971 148761 150463 151280 151600 152814 153043 
94436 99323 100767 103392 105113 108099 112369 112864 117009 117788 119821 119984 121964 122293 125261 127540 131286 133147 133771 134712 134941 135247 136458 136669 137991 140244 141295 141993 142143 143793 143832 145851 147022 148009 149199 151154 151896 152120 153159 153812 
94460 100048 101264 103590 105298 108326 113281 113704 117045 118563 120077 121052 122820 123382 126033 127630 131650 133281 134531 135116 135751 135867 137292 138176 139018 140549 141811 142041 143050 144113 144387 146573 147577 148927 149767 151553 152055 152719 153537 154354 
94829 100633 101852 104401 105820 108403 114179 114808 117077 118805 120749 121888 123579 123945 126148 127913 132333 134116 135020 135538 135979 136671 137922 138988 139831 140981 142016 142913 143074 144114 144535 147312 147787 149876 149994 151935 152367 152848 154463 154787 
95453 100896 102230 105037 106427 108671 114608 115257 117676 119616 120892 122429 123706 124925 126982 128582 132422 135025 135411 135674 136053 137182 138502 139575 140143 141488 142778 143242 144155 145110 145579 148146 148453 150576 151364 152438 153146 153671 155133 155414 
95936 101214 102532 105918 107393 109143 115579 116231 117847 120257 121363 123242 124024 125625 127824 128645 132698 135091 135524 136498 137299 137541 138809 140095 140655 141741 143209 144103 144430 145461 146423 149110 150036 151285 152033 152488 153375 153878 155410 156155 
96347 101553 103134 106209 108047 109165 115700 116388 118205 120309 121793 123900 124747 126591 128815 129369 133371 135600 135911 137067 138060 138989 139881 141022 141144 142047 143620 144411 145056 145952 147218 149682 150509 151794 152997 153991 154572 154924 155946 156906 
96647 101846 103944 106633 108910 109490 116324 116898 118273 120748 122693 124181 124915 127270 129462 129779 133469 135893 136893 137514 138556 139081 140230 141865 142421 142932 144286 144649 145995 146082 147935 149963 150720 151876 153254 154351 155033 155623 156528 157803 
97012 102502 104824 107569 109410 110075 117060 117457 118558 121292 123428 124635 125770 128009 129748 129941 134318 136851 137466 137574 138734 139145 140391 142011 142845 143298 144289 144881 146904 147327 148306 150370 151458 152704 154201 154915 155817 156324 157319 158583 
97761 102910 105112 107799 109854 110255 117917 118409 119510 122276 124246 124642 126395 128062 130543 131307 134359 137775 138138 138402 139535 140467 141143 142148 142918 143382 144575 144886 146984 148154 148696 150543 151576 152938 155165 155415 156068 156497 158140 159158 
98241 103374 106044 107971 110666 110752 118150 118666 120396 122784 124884 125291 126821 128278 130760 132139 134873 138612 139245 139791 140688 141425 142080 142771 143067 144338 144720 145236 147971 148624 148978 151045 151731 153592 155837 156426 157032 157663 158503 159633 
99033 104363 106750 108852 111558 111637 118889 119252 120524 123576 125691 126537 127576 128531 130943 132579 135048 139492 140365 141086 141194 142253 142451 142883 144049 144551 144796 145901 148706 149671 150042 152042 152480 154369 156699 157615 158539 158544 158552 160063 
99791 104782 107110 109689 111718 111865 119503 120319 121493 124392 125764 127206 127682 128843 131290 132699 135783 140160 140910 141953 142410 142983 143653 143663 144912 145342 145549 146593 149644 149950 150211 152551 152579 154602 157498 158539 158954 158963 159809 160216 
100138 105307 107802 110148 112216 112664 119729 121126 122030 124640 126111 127408 127946 129260 131648 133452 135842 140163 141247 142933 143253 144157 145156 145772 146760 147294 148228 148525 150053 150236 150632 153509 154317 155068 158488 159094 159903 160239 160527 160901 
100204 106224 107897 110843 112322 113611 119744 122040 122433 124830 127035 127837 128693 129600 132399 134254 136618 141013 141487 143416 143994 144448 145298 146269 146855 147667 148824 149118 150340 151260 151351 153962 155307 155429 158685 159354 160671 161128 161277 162265 
100396 106359 108466 111388 113001 113705 119779 122735 123231 125676 127442 128505 128829 130554 133225 134787 137589 141579 142238 144071 144293 145146 145778 146293 147498 147709 149728 150611 151424 152249 152789 153973 155599 155746 159210 159850 161254 161558 161861 162346 
101282 106436 108533 112232 113443 114486 119972 122956 123964 125857 128095 128664 129699 130895 133523 135337 138496 141826 142381 144676 144985 145708 145876 146855 147683 147861 150477 151001 152245 153132 153851 154830 155717 156008 159727 160093 161458 161603 161960 162425 
101920 107411 109113 112968 114044 115071 120195 123717 124322 126337 128847 129577 130666 131261 134440 135339 138935 142791 142972 144964 145189 145731 145960 147776 148537 148717 151290 151946 152514 153616 153939 155378 156224 156757 160356 160406 161775 161976 162060 162764 
101965 107542 109157 113631 114546 115099 120601 123880 124910 127061 129191 130563 131655 132519 134768 135916 139353 143515 144220 145689 146256 146703 146739 148199 148664 148937 151499 152367 152722 154324 154641 155489 156928 156931 160947 161038 162676 163117 163813 164465 
102559 107750 109828 114579 114824 115955 121393 124728 125288 127721 129330 131033 132032 132628 135067 136115 139582 144152 144830 145755 146782 147571 148501 149228 149289 149744 151750 152988 153401 155175 155559 156122 157214 157763 161611 161747 162715 164099 165024 165839 
102682 108085 110751 115103 115481 116593 122288 124751 125604 128314 129996 131708 132908 133327 135454 136294 140530 144281 145736 146564 147730 148660 149004 149479 150261 150987 152581 153474 153567 155797 156560 156997 158035 158446 162098 163081 164068 164651 165529 166226 
102692 108350 111543 115557 116121 117535 123030 125269 126154 128338 130847 132034 133166 133568 136329 136505 141029 144454 146217 146671 148094 149416 149848 149943 150709 151513 153464 154017 154068 156002 156757 157383 158811 159187 162343 163410 164388 165367 166448 167429 
103490 109023 112034 116487 117177 118481 123354 125689 126626 128679 131130 132875 133669 133843 136518 136717 141044 145453 146360 147236 148122 149684 150124 150284 151654 151683 154108 154492 155125 156463 157116 157387 158940 159637 162510 163815 165269 166348 166601 167695 
104080 109601 112985 117483 118060 119316 123771 125841 126956 129601 131570 133592 134127 134680 137334 137815 141898 145936 146527 147734 149098 150598 151088 151483 152012 152513 154181 154835 155789 157157 158015 158965 159919 160903 162623 164704 165958 167239 167890 168356 
104152 109937 113527 118201 119152 120261 123990 126815 127212 130511 131915 133730 134632 135248 137807 138035 142452 146833 147272 148262 149192 150811 151856 152722 153159 154010 154590 155151 155796 157333 159000 159661 160578 161095 162643 165016 166324 167931 168143 168487 
104814 110695 113912 118799 119942 120838 124259 127287 128127 131471 132847 134642 134662 135991 137941 138349 142668 147086 148154 149070 150101 151382 152722 152958 153383 154774 155182 155332 156069 157810 159554 159727 160894 161460 163622 165945 166474 168869 169596 170066 
104836 111424 114269 119661 120928 121238 124359 127695 128328 131725 133823 135581 136157 136259 138398 138847 143565 147285 148368 149763 150464 152264 152733 153270 154146 155346 155859 156514 156780 158585 159607 159817 161533 161938 164141 166519 167291 169104 170163 170909 
105085 112094 114873 120447 121871 122359 124511 128116 128922 132551 134313 136119 136640 136812 138514 139427 144005 147578 149189 150690 151010 152996 153276 154272 154327 156345 156960 157608 158095 158876 160098 160693 162090 162844 164878 166869 167345 169445 171068 171791 
105266 112585 115221 120610 122666 123551 125172 128394 129834 133421 135087 136399 137416 138113 138860 139500 144417 148410 150102 151083 151755 153874 154171 154275 154796 156776 157954 158722 159665 159703 160193 161426 162345 163297 165163 167460 167464 169594 171759 172275 
106074 113167 115935 120616 122874 124328 125216 129170 130040 134186 135245 136869 138270 138495 139033 139662 145117 149072 150672 151417 152647 154729 154897 155544 156430 157475 158056 158842 159740 160158 160614 161720 163200 163568 165517 167894 167921 169985 172657 173315 
106358 113324 116796 121112 123217 124381 125309 129578 130479 134413 135992 137375 138589 139283 139801 140610 145799 149961 151419 151704 153347 154746 155066 155979 156882 158074 158354 159380 160122 161157 161233 162340 163266 164448 166389 168664 169318 170890 172877 174006 
106836 113378 116939 121744 124033 124536 126166 130435 131445 134498 136655 138097 139321 139409 140710 141683 145935 150114 151767 152396 153599 155473 155985 156041 157383 159056 159608 160608 160864 161717 162678 163092 163767 165313 166772 169047 169610 171275 172982 174753 
107332 113395 117498 121816 124708 125706 126563 130547 131577 134757 137259 138643 139966 140245 141200 142288 146057 150919 152299 153084 153933 155761 156195 156991 158002 159211 159962 160820 161583 162396 162775 163485 164397 166281 167213 169410 170164 171975 173773 175023 
107373 114009 118415 122505 124768 125861 127032 131347 132136 135566 137890 139138 140017 140401 142121 142866 146180 151136 152607 153617 154657 155915 157007 157517 158488 159765 160365 160890 161741 162628 163427 164405 164554 167084 167283 169559 170321 172358 174018 175420 
107569 114396 119035 122704 125405 126698 127033 131717 132270 135737 138859 139193 140184 140546 142932 143773 146454 151687 152978 153667 155291 156532 157434 157657 158892 160068 160851 161248 162168 162748 163628 164609 165019 167244 167446 169621 170385 172432 174891 176103 
108289 115364 119472 123446 125630 127611 127896 132710 133096 136670 139149 139899 140628 141258 143493 144728 146968 152565 153685 154163 155881 156836 158004 158870 159700 160187 161625 162498 163320 164283 165174 165745 166076 167384 168158 170117 170462 172811 175360 176765 
108990 116279 119752 124157 125828 128087 128343 133017 134028 136740 139833 140748 140999 141780 143524 145047 147350 152690 154254 155177 156200 157654 158473 159461 160302 160604 162335 163182 163763 164919 166002 166094 166117 168274 168670 170671 170908 173436 175728 177079 
109206 116780 120048 124227 126158 128649 128843 133580 134598 136903 140723 141283 141466 142058 143720 145213 147901 152868 155132 155278 156716 158235 158947 159647 160567 161145 162485 163861 163967 165300 166057 166184 166875 168683 169314 170867 171141 173864 176234 177595 
109943 117027 120206 124732 126817 129023 129339 133947 134930 137329 141643 142219 143172 143693 144482 145671 148213 153690 155609 156067 157674 159146 160031 160653 160960 161279 163406 164389 164546 165843 166397 166461 167605 168949 169560 171049 172034 174770 176882 178521 
110423 117628 120433 125281 127744 129778 130763 134732 135814 137936 141723 142378 144117 144645 145067 146544 149097 154659 156446 156882 158373 159716 160489 161018 161823 161984 164405 164823 165108 166654 167308 167785 168036 169319 170233 171970 172218 175722 177384 178655 
110971 117695 121021 125807 128302 130484 131371 135404 136430 137976 142200 142796 144470 145216 145624 147305 149483 154852 157209 157834 158990 160098 160715 161408 162728 163100 165161 165277 166015 166905 168100 168242 169020 169341 171009 172938 173015 176110 177408 178739 
111130 118303 121208 125831 129260 130570 131468 135660 137112 138626 143199 143847 144751 146126 146829 148007 149799 155101 158203 158996 159789 160632 161633 162574 163511 164466 165177 166047 167034 167947 168266 168386 169413 170206 171747 172947 173280 176112 178061 179653 
111476 118333 122182 126133 129939 131285 131524 135930 137429 139172 143952 144096 144908 146132 147542 148992 150562 155683 158976 159380 159898 160846 162387 163500 163729 165312 166307 167101 167600 168715 169133 169531 170443 170836 172541 173196 173897 176382 178378 180057 
111970 118461 122528 126596 130080 132117 132652 136292 138285 139989 144592 144738 145463 146562 147702 149464 151383 156503 159787 160169 161086 161102 163327 164420 165367 165392 167155 167741 168090 168766 170102 170488 170683 171143 172958 173395 173932 176608 179160 180673 
112951 119033 122794 127342 130559 132632 133278 137034 138341 140584 145132 146085 146739 147118 147856 150021 152003 157009 160715 160873 161385 162295 163510 165131 165828 166236 167444 168723 169315 170144 170523 170548 171188 171867 173713 174564 174832 176984 179735 181356 
113365 119041 123269 127526 130652 133479 134115 137905 139313 141536 145820 146524 147364 147963 148731 150052 152540 157535 161263 161974 162939 163825 164261 165716 166016 167023 167839 169018 169459 170513 171498 172247 173030 173865 174704 174714 175098 177608 180086 181455 
114181 120018 123503 128328 131360 133761 134519 138558 139677 141705 146598 147147 147703 148096 149503 150175 153042 157876 161825 162345 163442 164297 165083 166319 166734 168000 168750 169611 170476 170984 172209 173007 173789 174379 174779 174932 175604 178099 180351 182164 
114438 120463 123786 128865 131745 134374 134650 138962 140255 141775 147254 147539 147885 148855 150225 150492 153304 158309 162299 162631 163816 165215 165355 167108 167338 168942 169285 170045 171179 172052 172821 173101 174526 174913 175912 176730 177183 178887 181067 182654 
114569 121188 124783 129501 132624 134910 135692 139665 140705 142340 147660 148423 149306 149404 150705 151037 153505 158769 162963 163223 164711 165929 166812 167684 168056 169659 169723 170937 171848 172534 172952 173786 175037 175511 175914 176805 177702 179057 181592 183186 
115397 121956 125380 129666 133497 135098 136692 140307 141423 142755 148230 148466 150291 150379 151131 151157 153946 158814 163327 163868 165220 166044 167387 168093 168487 170573 171446 172188 172494 172792 173155 174327 175879 176541 177185 177735 178161 179632 182167 183383 
115698 122506 125409 130246 133912 135433 137592 140407 141704 142947 148552 149306 150928 151566 152081 152600 154480 159384 164274 164787 165687 166435 167727 169021 169075 171320 172160 172299 173223 173406 173853 174775 176592 176696 177595 178569 178671 179907 183124 184246 
116356 123216 126118 130858 134747 135925 137927 140753 142067 143166 148781 150020 151374 152246 153230 154073 155395 159593 164417 165023 165724 166814 168533 169714 170090 172279 173178 173356 173827 174243 174576 174848 176987 177316 178166 179155 179187 180545 183351 184717 
117205 123517 127074 131578 135559 136076 138189 141170 142991 143933 149072 150249 151711 152901 153897 154600 155576 160318 164690 165113 166675 167768 169371 170141 171137 172418 173219 173859 174684 175024 175397 175551 177445 177840 178744 179205 180045 181246 183394 185635 
118184 124452 127291 132234 135631 136785 138420 141940 143899 144457 149997 150560 152203 153547 153971 155504 156270 161233 165030 165152 167551 168744 169775 170997 172089 173407 173910 174838 175559 175847 175976 176597 177675 178421 179742 179939 180373 182085 184004 185965 
119013 124584 127461 132551 136026 137314 139084 142866 144047 144769 150944 151169 152925 153880 154397 156148 156949 162157 165126 166048 168550 169199 169963 171042 172470 173798 174381 175472 175577 176206 177206 177991 178745 179729 180178 180962 181644 182646 184696 186930 
119145 124643 127785 133453 136757 138003 139814 143602 144814 145750 151243 152187 153725 154739 155539 156934 157633 162502 165306 166836 169478 170380 170745 171653 172852 174360 175117 176079 176231 177200 178131 178829 179481 180328 180959 181406 182131 182883 185183 187261 
119874 125400 128267 134395 137173 138827 139916 144546 144995 145813 151486 152316 154530 154980 156184 157325 158384 163159 165315 167402 169733 171362 171934 172828 173492 174765 175436 176934 177245 177818 178416 179231 179941 180346 181314 181456 183019 183881 185457 188041 
120304 125884 128437 134965 138140 139655 140107 145193 145993 146497 152085 153312 154922 155125 156701 158289 158948 163290 165758 168332 169839 171594 172317 173038 174181 175526 176092 177190 177330 178233 179204 180063 180316 180363 181761 182361 183890 183907 186048 189014 
120450 126861 128884 135219 138270 139675 140517 145801 146724 147226 152747 153346 155624 155890 157453 158977 159543 163698 166702 168876 169994 172293 173315 174306 174590 176176 176715 177824 178127 179097 180132 181044 181549 182117 182713 183130 184580 184816 186435 189425 
121406 127519 129322 135860 138999 140579 141358 146647 147569 147673 153735 153838 156530 156919 158155 159518 159557 163831 166904 169405 170701 173154 173486 174624 174765 176359 176795 177926 178821 179410 180551 182021 182677 183008 183727 184419 185434 185623 187351 189619 
121407 128199 130050 135990 139786 141446 141653 147011 147775 147796 153897 154007 156753 157496 158532 159547 160392 164657 167580 170130 170820 173827 174377 175501 175968 176372 177491 178792 179339 179602 180946 182544 183381 183763 184357 185047 185805 186428 187502 190401 
121585 128485 130056 136394 140702 141798 142381 147628 148398 148679 154444 155160 157478 157543 158607 160097 161126 165588 167884 170552 170886 174163 174821 176422 177085 177426 177588 179733 180061 181022 181723 182806 183673 184749 185199 186170 186200 187281 188365 191041 
122485 129177 130635 136435 141360 142530 143501 148365 148413 148838 154560 155877 157926 158493 159061 160120 161797 166271 168568 170643 170897 174598 174921 176680 177434 178390 178935 180560 181095 181409 182222 183418 184591 185182 185487 186729 187235 187305 188612 191614 
122939 129439 131604 137124 142184 142578 143562 148503 149109 149874 155378 156054 158735 158986 160019 160343 161824 166586 168937 171574 171933 175043 175282 177271 178047 178818 179070 181392 182167 182931 183316 183657 185467 185637 186508 187507 187516 188368 188844 192406 
123242 130289 132365 137782 143009 143266 143730 149330 149843 149998 155424 156907 158795 159404 160598 161257 162400 167500 169461 172098 172387 175106 175541 177822 178484 179144 179961 181685 183158 183745 184533 184964 186197 186919 186984 188400 189223 189391 190365 193287 
123364 130881 133267 138468 143617 144171 144596 150132 150461 150602 155734 156927 159634 160082 160602 161269 163223 167659 170062 172283 172550 175658 175961 178055 179010 179877 180881 182323 184068 184585 185100 186037 186653 187383 188091 189182 189724 190700 191127 193730 
124089 131099 133932 139212 144209 144344 144987 150138 151451 151938 155868 157413 159842 160225 160937 162003 164068 168568 170581 172731 173711 176198 176658 178689 179219 180739 180932 182443 184396 184592 185133 186627 186802 187522 189001 189412 190262 191400 191726 194699 
124219 131926 134260 139861 144211 145231 146044 150824 152145 152267 156792 157707 160692 161472 161488 162496 164750 169119 171271 173229 174043 176950 177391 179255 179342 181235 181829 183329 184587 185413 185704 186976 187579 188288 189963 190794 191083 191984 192965 195624 
125031 131983 135152 139938 145033 145239 146091 151183 152919 153653 156879 157810 160933 161924 162734 162818 165281 169831 171567 173349 174289 177167 178163 180220 181177 182134 182135 184121 184913 185511 186673 187259 188233 188678 190359 191034 191213 192295 193180 195760 
125607 132923 135837 140370 145618 145795 146988 151327 153068 154403 157668 158653 161058 162061 163583 164530 165712 170344 172287 173691 174518 177342 178652 181155 181542 182635 183037 184628 185122 185965 187587 188117 189112 189132 190624 191883 192399 192941 193781 196470 
126265 133690 136393 140838 145655 146377 147532 151789 153214 155361 157693 158897 161845 162983 164273 164713 166255 170616 173021 174644 174918 177763 179148 181700 182566 182964 183933 185103 185427 186127 187654 188122 189733 190577 190758 192138 193011 193072 194672 196620 
126579 134092 137118 140875 146153 146802 147905 152540 153535 156273 158165 159504 162400 163741 164526 164754 166338 170961 173635 175344 175889 178168 179352 181735 183543 183662 184474 185719 186320 187248 188648 189153 189789 190847 191198 192261 194004 194881 194912 197506 
127490 134493 137923 141323 146915 147020 148188 153189 153966 156516 158391 159616 162762 164011 165285 166181 166658 171807 174500 175903 176718 179057 180026 182250 183806 184548 185091 186614 187372 187748 189026 189741 190525 191216 191392 192850 194182 195273 195641 198030 
127846 134620 138136 142128 147353 148292 148403 153443 154730 157285 158747 160464 163194 164343 165880 166732 166881 172099 174952 176039 176739 179509 180626 182370 184444 185147 185861 186783 188219 188737 189364 190474 191189 191392 192106 193312 195007 196017 196351 198697 
128092 135069 138384 142702 147734 148368 149232 154160 155019 158053 158906 160791 164171 165100 166817 167083 167941 172273 175555 176632 176799 179660 180898 182416 185365 185598 186343 186967 188735 189385 189806 190789 191791 192140 192731 193825 195088 197010 197022 198954 
128902 135873 138708 143200 147746 148554 149547 154545 155529 158282 159059 161690 164305 165209 167457 167905 168872 172862 176273 177086 178058 179681 180961 183312 186313 186403 187231 187297 189609 190211 190344 190909 192137 192802 193350 194682 195736 197793 198582 199377 
129852 136340 139237 144136 147870 148692 149823 154823 155710 158995 159776 162455 164833 165760 167989 168125 169569 172927 176904 177304 178470 180566 181420 183899 187271 187329 188229 188435 189667 190845 191655 191895 192219 193764 194370 194954 195893 197831 198588 199568 
130183 136708 140219 144532 148223 149171 150774 154916 155985 159932 160305 162525 165401 166116 168176 168963 170183 173669 177474 177610 178744 180791 182334 184396 187731 188382 188674 189453 190556 191212 192353 192751 193421 194667 194742 194988 196803 198219 198636 199835 
131169 137144 140795 145209 148918 149749 151263 154931 156811 160700 160762 162573 165712 166472 168553 169645 171009 174435 178163 178299 179382 181485 182754 185054 187980 188995 189137 190003 191260 191698 192587 193124 193778 195551 196479 196570 197076 198564 198931 200091 
131673 137265 141496 145489 149265 150057 152149 155044 157330 161618 161888 162802 165949 167183 169157 169922 171121 174998 178174 179205 179770 181625 183222 185196 188125 189426 190153 190758 192089 192373 192659 193286 194079 196099 197220 197681 197974 198595 199152 200481 
132539 137865 141957 146097 149593 150987 152270 155868 157609 162429 162971 163427 166737 167970 169420 170104 171485 175932 178827 180093 181087 181758 183327 186021 188747 189581 190862 191156 192648 193463 194154 194546 194865 197009 197624 197890 198087 199026 199402 201015 
133513 138628 142173 146830 150565 151615 152438 156301 158517 162910 163882 164871 167524 167987 170230 171140 172309 176921 179367 180188 181852 182202 183795 186854 189556 190457 191410 192334 192752 194146 194513 195034 195309 197829 198826 199015 199452 200167 200254 201078 
133517 138954 142843 147288 150817 152464 152545 156987 158926 163651 164086 165594 167724 168417 170488 171545 172547 177425 179496 180662 182450 183000 183799 187407 190013 191015 191781 192663 193206 194985 195639 196486 197335 197890 199340 199601 199912 200852 200902 201212 
134202 139809 143663 148076 151320 152712 153347 157578 158956 163861 164952 166404 167772 169296 170700 172134 173211 178358 179636 181034 183121 183384 184453 188047 190684 191155 192501 192906 193770 195179 196387 196723 198227 199190 199587 200112 201049 201785 202411 202533 
135003 139925 144254 148185 151796 153035 153742 158107 159507 164842 165500 167019 168172 169509 170773 172597 174098 179092 180102 181390 183566 183859 185023 188402 190930 192133 193201 193447 194306 195664 196394 197204 199043 199498 200434 201022 201580 202148 203036 203775 
135867 140500 145230 148857 152463 153163 153901 159073 159648 165355 166271 167896 168933 169949 170804 173109 175093 179463 180867 182193 184331 185282 185764 188767 191802 192956 193964 194688 195288 196474 197172 197530 200041 200089 201255 202045 202712 203180 203400 203922 
136838 141095 146216 149559 153083 153446 154636 160063 160093 166012 166431 168109 169117 170056 171659 173827 175813 179743 181390 182920 185233 185368 186322 188876 192791 193763 194502 195449 195676 197105 197791 198280 200596 200868 201879 202929 203779 203904 204307 204594 
137018 141774 147175 150063 153301 154149 155194 160827 160934 166997 167403 168678 170059 170954 172363 173965 176325 179963 181779 183723 185641 186466 187115 189440 193603 193954 194691 196201 196476 197869 198233 198515 201589 202087 202113 203772 204235 205149 205159 205354 
137387 142344 147804 150246 153633 154316 156179 161321 162220 167245 167446 168900 170721 171682 172815 174253 177284 180156 182283 184206 185968 186830 187668 190077 193672 194626 195202 196582 196641 198437 199032 199581 201705 202914 203380 204743 205195 205629 205685 206278 
137696 142960 148276 151039 154299 154418 157083 161679 162717 167825 168635 169877 171589 171915 173413 175027 177975 180731 182371 184289 186625 187494 187739 190949 194080 195507 196327 196750 197181 199083 199465 200487 202570 203085 203540 205373 205374 206155 206413 206956 
138138 143559 148653 151608 154859 155748 157992 162013 163612 168535 169595 170182 171876 171935 174375 175944 178826 181329 182734 184804 187121 188256 188667 191091 194983 196389 197044 197800 198328 199702 200216 201203 202603 203177 203606 205674 205693 206474 206821 207370 
139084 143571 149336 152035 155793 156418 158858 162724 164138 169494 170488 171334 171935 172065 175017 176603 179731 181736 183608 185766 187347 189181 189510 191347 195387 196925 197947 198822 199307 200400 200617 201942 203237 203490 204151 206625 207540 208230 208540 209529 
139583 144558 150212 152124 156599 157362 158865 162854 164306 169991 171022 171946 172943 173465 175061 177176 180091 181991 183815 185959 188280 189671 190424 191590 195789 197349 197966 199221 199964 200631 201244 202804 203748 204386 205098 206826 208525 208872 209615 210035 
139888 144836 150292 152844 157556 157974 159339 162873 164483 170745 171261 172390 172949 173533 175563 177312 180964 182836 184417 186098 189188 190473 190779 191896 196061 197667 198498 200076 200870 200977 202013 203706 204470 204734 205393 207074 208843 209063 210117 210252 
140090 145721 151019 153779 158484 159304 159532 163144 165172 171233 172048 172632 173240 173942 176296 177811 181145 183247 184610 186936 189555 191039 191447 192525 196429 198337 199070 200559 201788 202643 202708 204331 204640 204833 205479 207706 209060 209209 210257 210618 
141026 146326 151579 154356 159352 160129 160936 163536 165859 171662 172401 173503 173806 174426 176412 178062 181759 184027 185056 187710 189680 191492 192339 192724 196549 198467 199268 201286 202641 203459 203606 204548 205562 206210 206237 207813 209225 209589 210373 211566 
141629 147181 152267 154566 159828 160640 161532 163713 166563 172655 173470 174337 174895 175418 176507 178199 182482 184635 185530 188114 189709 192210 193026 193811 197215 198585 200039 202145 202787 204181 204417 204972 205777 206651 206708 208077 209260 210347 211227 212424 
142257 147496 153140 155566 160209 161062 161978 164713 167063 173461 173502 175117 175308 175656 177022 179106 182704 185188 185806 188607 190371 193140 193800 194419 197973 199473 200852 202382 203315 204616 205470 206194 206201 207530 207715 208909 209469 210748 211579 213308 
142365 147695 154048 156079 160531 161829 162564 164845 167607 173630 173897 175156 175831 176646 177727 179828 183132 185882 185957 188853 190558 193981 194835 195221 198680 200132 201316 203306 203533 205321 205635 206908 207104 207829 208545 209057 209746 211069 212434 213487 
142403 148290 154663 156925 160832 162513 163170 165316 167762 173902 174115 175665 176144 177330 177824 180737 183263 186133 186559 189153 191456 194690 195478 196166 198815 200205 201351 203625 203856 206105 206264 207589 208435 208917 208965 209178 210595 211954 213410 213785 
142566 149189 155410 157309 161208 163175 163949 166113 167947 174085 174396 176053 176986 177339 178523 180838 183351 186577 187457 189647 191651 194766 196075 197046 199562 200786 201948 204377 204632 206287 206528 208075 209265 209635 209658 210001 211465 212316 213957 214925 
143550 149926 155950 157777 161608 164093 164596 166242 168933 174363 174841 176148 177004 177762 179252 181394 183465 187354 187926 189944 192155 195394 197027 197805 200412 200839 202783 204388 204850 206336 207008 208618 209367 210351 210472 210525 212101 212815 214871 215399 
143637 150223 156092 158699 162239 164538 165032 166269 169415 175320 176217 177178 177681 178284 179354 181549 183596 187836 188905 190556 192893 196218 197312 198578 200951 201535 203452 204514 205247 206575 207299 209366 209907 211236 212090 213037 213530 213564 215265 215514 
144185 150912 156148 158783 163223 164933 165328 166395 170404 175788 176504 177271 178471 178573 179844 182454 183639 188413 189816 190899 193263 196383 197360 198606 201201 201541 203485 204786 206213 207547 207585 210235 210902 212098 212207 213949 214770 214933 215347 215946 
144221 151811 156180 159561 164201 165765 166017 166590 170454 176485 176575 177780 179367 179513 180569 182507 184479 188480 190749 191010 193375 197137 197387 198922 201358 201771 204275 205511 206511 208250 208764 211205 211485 212609 212874 214052 214975 215638 216331 216478 
144518 152429 157037 160237 164694 166066 166382 166804 170784 176505 177225 178316 179416 180060 181324 183354 185152 188712 191185 191658 194052 197877 198029 199822 201768 202334 204476 205731 207360 208643 209458 211821 212117 213317 214021 215012 215913 216061 216758 216934 
144829 153115 157419 161081 165176 166885 167429 167490 171130 176745 177804 178967 179846 180508 181506 184305 185239 189457 192054 192805 194459 198322 199072 200519 202218 203151 205413 206203 208091 209340 210213 211995 213073 213689 214249 215075 216453 216622 217001 217319 
144886 153848 158231 161724 165280 167730 168145 168811 171530 177215 178552 179835 180417 181184 182395 184780 185706 190195 192393 193614 194718 199045 199245 200543 202805 203723 206242 207211 208271 210266 210943 212735 213935 214783 214889 215418 217292 218054 218379 218605 
144906 154121 159205 162281 166006 168146 168963 169485 172073 177926 178975 180456 180865 181264 183376 185378 186029 190331 193080 193884 194935 199697 200665 201200 203452 204293 206622 207804 208699 210448 211298 212858 214799 214932 215213 216310 217412 218416 218576 219189 
