100 1 152601053
756521247 1713647
732320078 4888977
762864207 1523400
449280619 4160493
386446003 3151666
15026532 145550467
748263881 3685006
199272173 6760038
386255733 990811
864702602 2998615
855286341 3120228
601995146 2607619
680769078 2355544
121676237 25282741
242935782 7315937
677727199 2808197
380879170 4773845
160790818 10948952
425079557 5908281
928092233 421946
780649894 2978358
572314088 3263265
350320253 1635009
894046188 1775439
579211899 777786
407370711 3532246
568035757 2121558
58068223 9265316
279453906 6616876
841781832 238557
554865107 1498284
119022184 21203368
62947773 12504314
99524338 1822029
371683837 7196922
522054563 6506879
587513950 1327248
336995680 546422
220245834 3963305
461555933 4276891
983712555 1598638
484846223 1990236
155198846 18946884
577474487 5020182
215634559 8646927
692454498 1779844
331112288 10163113
661153887 1505758
952598525 110549
180019587 8674420
331017123 1439659
511380617 1960978
949857430 3680081
221129050 11864794
744904709 3152492
914031045 1633901
54543624 10208661
794286247 1648782
419943691 1574151
996925403 1247149
112548370 22574868
49590061 42391971
135800568 23781451
662027751 4368075
784170097 2243291
770604115 4120861
706698163 4788747
408253146 7960256
450645540 1691885
503948698 4315356
470848606 3118059
583034297 5668412
809636816 2710242
628872861 5711121
377644702 5720387
419493335 5348430
664063341 1388524
145257512 9674396
934406198 1141740
493672427 3270229
671931812 1185156
197287931 13575892
407681328 2818833
362117212 2334503
127532799 546803
325360080 10787269
547253967 3123201
40739088 2861664
241561805 4115086
896244208 1612978
81654585 33842513
552924545 4702890
333194868 10677033
663242684 2128938
243894974 6986777
195242502 14281758
763113248 2034427
906739081 3325343
649590059 1992716
110981416 23958895
23857725
