843 584 624585407
737618676 954935185
738449632 922254045
977441732 706612860
677649448 970157946
918596250 844248239
986809068 763877719
707677570 901442807
882341053 899354665
763710727 959599906
1183436464 535202477
1243915816 994318196
772550206 941129558
885459802 744576542
764579281 935696730
877555981 974602869
856770010 860231699
892665344 810447789
742142031 943617862
815364562 860158078
771899568 894539771
1086071728 690070679
700009744 968611363
998037070 872292129
665792454 943024005
1029697426 736810939
922615584 780903894
824303775 810327640
804170591 839881576
782982972 910222425
639776877 986349860
966234188 917537079
949995832 924485786
962172205 723282831
967581008 771264714
750163352 861135110
1063378248 739662138
729940456 924612793
732510408 968463735
843083760 824171021
984146996 868428746
972437951 971536925
1221175184 956064317
833913664 949395203
1203158616 801957707
930377584 975675098
836337648 760344680
900825284 772848204
670657396 944076519
1164006758 759357823
753125849 834595559
662009356 942987223
962292722 938952039
745206552 984271143
1235953512 911173484
763174606 954356994
665625334 940006702
690549440 913661404
810603692 884563359
867295433 723609993
777221923 938764307
927459299 718493149
813292618 995640905
991573989 672532802
779369598 894062916
745994731 973197758
744223196 923930169
691560952 909148341
813649152 848823513
828747142 836306133
849137008 799438487
847818350 891190026
1013816824 718806578
1053880320 736716365
813355072 975988573
1188146528 857790321
986020864 812232511
658664498 980411437
832152179 832427510
670720000 996456271
1218536822 734937870
1080539466 900211347
799270240 928670830
668779135 989747847
986688412 670658103
1217453076 814142637
721440002 867596768
980017270 684573840
791360760 816692518
660438160 969461641
926565056 832943145
685913494 911060851
1187963394 534265220
632631588 990459900
1165135390 987358224
1235537840 566315534
828072817 970218886
993242258 887085727
972913639 816793393
1057749638 633115632
1109315508 955943810
932501284 760036450
1033370926 843928959
773947194 924229340
984586904 703490653
999189296 833796896
628328994 993997969
1088453932 582244937
961209540 876992502
732671968 919201294
984861080 971977904
655383954 971727314
798855528 887105081
957144726 703207625
1202206132 685893826
626291623 997640247
675134124 946430192
725356862 992401305
627815116 994232592
830830023 954716793
921147489 904592914
1079203274 779387028
962865816 980974467
798977134 786012784
1010376952 909822753
808194451 829222506
1191789320 868483187
691181056 992823826
896115060 858951306
720284433 880351654
960321285 907489170
663766334 953432769
735181266 854570567
1036311328 954929105
731697378 855598879
783266770 869019388
836358442 933598926
918706298 804503230
934206745 782932158
943574968 823631317
671839187 973990384
926538240 809245851
961126419 877148754
876006034 843950769
690772827 922888328
666490080 967665290
1094802976 759649783
999596720 800557013
642720522 994225091
1165079140 561906201
653025166 963724230
1118439952 972333688
995511032 688762535
1015156040 669424809
995600290 794272016
712878406 923790826
784246326 939695615
1139336136 564119758
872583980 997513238
1198986904 941479163
798051352 902969920
946891312 999053458
834385763 951359062
663964754 976074186
759272818 997664171
664449097 974472352
710763082 930090805
754997667 962413287
650738654 996032870
735305184 999898471
1104022796 934407748
920166340 990377822
792288669 878031884
979932096 730298059
1117342080 945562349
777024652 946620836
1026973406 688793457
700939540 945965305
926682814 855000222
929450696 673843681
727900912 961897171
832686561 825642227
922141050 736344778
974170539 992578168
1054823344 948915275
1140879590 881679763
827265361 918634379
654256852 998686580
1074056160 853909055
1087758862 687312222
1005733646 837021155
897670742 828364584
1206361728 529206874
904935522 796415523
709110834 907403626
808140674 820529895
1093552960 992689807
626213491 999217493
796080680 853763293
645398852 985974604
962776919 929911069
853783599 984097514
881984414 848265486
904757280 965401412
1196735274 850071873
692038400 911316756
1092555390 832439429
1071817072 814223942
1183480590 600223474
931510692 814904047
1196155820 575265191
948928057 933937378
815114415 787713584
942720072 834911255
742003639 938506141
651017986 996974244
857348197 993914722
725611835 965541998
756244670 881504233
837447496 992604508
995579308 982856502
761163682 863671967
1169437504 555881279
745760136 931043597
1101942264 612594121
997787673 926646229
945602821 862888155
743327136 985124847
969222848 702827496
1145464608 850333280
871899064 935570124
700697152 949643985
825644366 916969140
748791296 915213226
890061472 985363475
1239629072 642351529
1176363248 866691073
1119033588 753403113
981815734 995009985
1210082326 677900232
759951314 882536912
1199964608 591352654
1110169596 607684663
805303880 826980104
699764134 994383196
761034182 864451156
881037748 924261757
997206812 786805133
796899262 944307824
869064346 729281346
1233822666 721261097
753119002 853231161
993157672 708975799
1214290294 865244003
811289787 890727607
888969021 850834742
796271080 900750114
675478620 975050006
880960286 777708168
642075860 980144662
976636273 779390401
968492240 924292132
1228776162 980466015
728289152 923330412
845469572 851954483
1168122986 972928708
1207542092 788835467
1040025576 924381079
925805195 991962629
789014382 912232100
933267294 683141223
681936201 954765239
752021477 830925587
1111779942 751901630
704848916 908127421
1236768476 548772072
1099200944 657891713
1120802852 977169857
947697266 800149641
1216260824 768635909
1209405938 649456075
943060048 855992599
860439939 770164076
918646254 854829266
848904142 997254479
1107121384 571014934
905568616 837624319
754416196 929227573
680214129 938677127
662461568 998625304
745131136 977021502
781438428 896201936
717834460 914888531
978567225 949277177
902739704 753440781
717913506 973613813
761089278 867934000
924338833 850905058
816858516 916810204
832825536 771040225
845529303 958100658
707791674 968430499
730828315 902533224
914334100 948939739
1244461008 860944591
908032684 852052216
786931780 838920484
843821770 750823167
812402722 935093183
1069895652 596836630
823322180 767824038
1134637448 665724980
737596049 864666853
1053841806 604608489
942050707 735996118
919520720 900882237
916532956 935172353
847889656 796708236
835052702 831042522
866912540 786775832
665618778 989826612
1104923776 776534537
1178130750 848695653
820431744 962160355
889118132 845927993
1202207912 720399400
911867119 766128342
974382699 839040968
1043559592 639808194
708555856 992742660
1154387528 569421503
644569650 999286599
949621696 741281567
820720209 945972166
950922905 822602341
765196932 938389672
828814144 760917158
947268030 930595738
1155730136 794716046
1011340852 863746413
729490068 952481202
1035294518 653460851
700641608 972471843
763706812 823213699
912852132 971560177
626375661 997778634
985634924 730040209
851473161 877146532
824569196 950939834
1241865712 825739323
784636392 964695674
876805685 829634610
781533222 834102392
1056922624 628880892
821916264 952257644
813198302 991083274
875188302 810724671
689423376 946446588
1087990920 728208320
705007838 894307848
649923633 962865037
977746703 876619820
645738670 972363196
947341030 681900844
625019811 998780031
835368736 754451482
678708833 955365535
994443753 971332331
846885083 833284423
739331893 964745585
682792712 958413908
1070899706 750464830
1203072972 814160190
634067504 990091294
1030405484 828766651
698463761 943492983
665035884 964454155
780797332 934770179
1123219712 847252173
934980802 697288033
1152736648 611651449
1048994276 798874068
832863575 770217665
833217040 758309185
1123266128 709875891
799156184 906774287
973700370 726110536
986654449 936824009
749531356 928369275
936554884 764558747
790577362 904847675
663109486 941306906
1010429744 651907343
1174068292 830761857
1149354272 942162605
1065056194 662075727
835381440 987250502
719084892 972521687
981401125 715646186
743472786 858159102
991244390 876640854
1237350444 655069263
1192923716 716960530
690517768 991135116
1152842370 673116730
997059866 783300673
804265523 906782689
930190764 993981487
735593351 978290585
946519633 748053471
1007335360 940416491
637090534 988550118
1049019144 597851826
1226859264 926984847
672721603 928819511
894189820 965875415
827664013 897370854
954870323 966954699
723012510 911734181
912750756 722856809
1207419500 816644728
841741296 849405141
1189780752 623085624
794403398 845078896
788518985 831338516
1124311668 611287132
751969334 939130551
745718368 983576504
658428748 965384712
628510384 994314117
840786375 772741264
1140867766 632449979
1216864396 944638077
1204770984 605242905
703804828 985005121
814103495 795385928
1035792454 718755028
798135460 901916511
880958976 956037131
1037958052 779235556
1143525146 572935197
1029493672 877353576
917863781 985675932
689486117 907067726
738289194 933225708
937068213 784185212
780436451 876100944
1187788880 586334404
1122170202 912203374
857901758 857801519
632934468 990943369
676830944 967267130
1216283336 887589107
776247727 926291904
706766494 935358771
798917551 906432093
1127739320 587350545
704153762 905987505
1171151640 811782840
851421008 909527427
746963142 925207002
772618658 863668165
819960786 942180990
694074706 908008720
824923728 885958346
753372888 980825854
939729348 860081336
930338008 941323370
923445088 773398849
929831388 816240740
750074771 866021894
1238491084 576862256
752175974 960221475
649101674 996293210
971850086 659159076
640840034 980398777
1088781016 692525013
739003947 999553541
630509627 989865242
794588550 894595119
1240688252 571218322
700526276 917467396
772241306 832852890
804237774 878467402
836822656 897709347
950411355 721557362
922638992 787424004
770054908 826419554
832109378 911709921
782966406 996465430
657420364 994197835
792071196 794706724
1059511638 969012458
828982072 753967491
952072157 850044959
769273376 998310845
665203256 986757998
958460705 741760046
854966669 797502748
867281721 964742152
940888156 666541239
716046247 969474739
1220860188 975284738
738586541 960082546
763084596 886520196
829559662 934135005
953018379 966897446
744538436 915317649
913715504 872855839
625995762 999626588
970965421 824849735
659572248 948365848
706213998 908448331
807551924 804248654
831546014 976128519
888474356 717131313
1162643814 652236039
934440264 848728085
810793352 885303308
823223424 892506576
663964281 951461882
1085134280 920627951
694419928 917447527
946900568 977086286
637085056 989747037
807662472 851461410
981080010 903896492
1220208040 937680836
662824812 983411245
1081664680 690464933
1076912688 869813486
721236932 928433817
806729710 832923756
652088267 967089432
686944750 990954109
823007980 943299088
626407860 997261395
1101681308 753416369
650299716 983775382
689996656 993190274
722614600 873226540
909691666 875118172
935009328 807221258
999576432 848824046
907115938 817109899
656321076 953538823
821865998 983948174
649939836 997900364
635783716 998784031
1076402752 990334136
811462189 961158663
844566306 786360245
768109962 956226851
709220656 986179482
1184580522 552163791
817335036 850873258
647773826 970929438
634364952 997592653
780490724 803981922
748839543 897700847
701231048 916834238
955903006 883134556
1050405148 762284470
1235135280 805651217
1189259980 899976586
806552211 780137212
762313088 996521905
629667366 995913763
845913638 759175692
1071307566 892784793
657172656 986121431
1060406470 694625436
826208104 798700805
780677673 949060722
757832739 925284223
1239932512 975903233
926110396 901926010
771625662 929241760
859665600 856677578
1192274596 534190960
1158235136 718428288
710567704 947212945
672572746 993661932
1122833320 878357824
686408112 984072619
841636160 853472081
701261824 939862071
908623559 991733008
639267158 996950756
736453236 976476891
831962488 759258250
1015345544 722078089
816710360 882914509
662386627 989385276
1084806792 859569111
1037400158 622238098
849994248 883558508
1239121792 538544672
749318110 968814604
909357450 691659839
959100274 879325702
963440456 959484594
943168576 728386536
764012050 992336727
771819546 873750835
1161670902 710757065
789913046 795567719
811308626 924004210
1230140444 950734445
899742675 738202783
1038778114 605155222
926305924 715042327
947206608 758347148
740730626 907753355
1126036346 932091137
831569315 763482081
818705480 862382686
773492748 961219914
682315723 936712050
976062203 735519011
690884703 924295792
1012117464 797475444
914137002 728011870
949478292 799318905
1118844546 589175109
1140287516 743661260
1131631908 702073968
1153602372 579055308
904598620 851015570
843554520 847500579
765474264 836253207
765819988 878268939
754608892 911749969
816551830 894376137
1185954752 536645217
950171200 889571938
1212491600 826572710
885128731 840705489
775491780 904601954
1063527630 911039758
932110120 779491221
949018045 830995184
722855732 875654710
1133342272 707587857
752945056 915511516
1077720612 890774821
1034017920 845883430
957291218 973421193
1044582372 713873393
864515456 826990239
935082108 705723270
724033359 878080349
1125842924 874172989
767546050 898577827
967469964 900539104
1115296974 995467265
1181847636 608044990
933095328 957406976
647420084 983399998
898707828 847731294
626117544 999206100
1126539664 665151280
1147282918 622475247
720051440 893975481
839588971 882244752
861922672 747400325
1111157998 989217742
986918776 907758282
660079258 996917159
1147336288 586162842
968751952 789045937
970229164 793368035
846750548 939494748
848444982 940835344
822358816 825492363
697074615 928200078
899827264 764822695
683881714 961142621
756347971 863233255
934381006 783914185
679776740 972506826
1097792256 824989201
899126200 784935358
1079776984 840404686
1157175684 905348709
1047084624 849199361
1014213696 637093347
942596188 832828788
772083911 852766868
845003000 860604470
670388533 943191697
807981302 845421057
756998000 871704288
739080777 921688366
962521984 735127808
1185670510 977987944
703620990 903532464
960079978 903946498
735273232 868688185
895893683 860838070
714602852 885660388
898420848 831359483
657752030 994188219
734765406 993552945
1102270576 918696938
996640105 957565348
1063947512 690075547
1173149150 793166164
988968093 667397431
711592977 969931997
1058234672 900918175
750164606 941234246
1207965758 530969718
729711920 864589022
1138459868 872392441
1224907336 721328945
926881628 756437558
838271067 798061125
1088511464 807419593
718120274 869479324
689889518 972435247
695214860 988106892
1187845274 726631605
1042731672 788468190
897854235 854835353
1145718960 634006637
1108172504 951359315
748663784 898938480
799628281 800853814
962633662 866340794
1107532084 882886856
915817296 845479150
840888990 769317400
1156230370 601953716
918319298 917044753
1159467584 761888314
748014043 945891374
945613286 706680022
898499458 963357561
786976722 798312287
999407352 711952445
918164984 830328333
628168995 996441058
753839360 855693524
781730140 820967457
736567309 901755824
1070550960 596359772
970083584 796016114
1057865676 894183588
807136513 915669256
876936782 858315491
887437064 846868905
774837849 896987316
849494712 963299057
1016841296 667459453
632131337 996839074
922538488 833529114
1029706368 767575669
1142885952 902587288
843441124 740728877
892193317 940624683
1076301712 973690671
829810778 799427055
1017125120 632374636
643854090 997340996
947992909 968705368
707206644 976165484
889489769 862727553
1134747096 558369644
779905328 934192168
917938066 843113190
649233770 980932909
759358958 976025668
913969400 904989586
732672230 932749217
815593552 839404408
838464504 749055605
939990474 671139945
1032200384 652227669
1011118208 836677035
849461604 946700452
709576870 990916823
1162177142 813715700
771585674 987213934
1211356526 868368079
1031011760 857909050
833784744 749841091
879027472 936677873
892643339 986380033
862315914 817383874
899277824 780473755
900943551 750734801
672191276 941692027
844759031 787666146
658057358 971176697
1061341558 921918244
1129259884 702048695
699346084 906708442
885149978 773847907
1027338642 896514517
1186627828 575985286
1026490434 832286483
987275982 915200631
914681158 798471970
982971052 653044239
1204410808 958206053
878994248 797808372
889772464 739644886
974154946 865215917
723576048 971268914
716017666 984832624
1113929356 693699259
902894499 977005679
1103047592 866115787
1155982824 602473645
822546980 833825818
1040947616 721117154
785454896 854575637
764054372 820983599
943860766 811892824
660042315 950170493
721978340 962662196
882432400 968885454
790404014 876095790
1028320896 809095508
933983583 777647575
940319944 964512046
830655341 968362763
795680242 870007721
896096867 938220198
1221883120 693382115
650951849 997800703
985842162 715031511
639382274 990239686
847415096 780119223
638254670 986959151
670442193 992948699
738655299 943715273
1132524560 568024541
713720232 924524045
803303943 879403943
878232488 878466698
1076098460 894057098
874884184 856500182
944584405
537221306
603109555
474523259
789029721
608763244
646871772
266937825
461771039
557811627
556750056
221845235
411161055
840266158
685334581
263087750
417270857
570861966
679205792
790861044
296429402
463020949
747429604
550191342
657260553
23737909
662621919
802834556
246768902
176000703
703589756
460889450
509938577
269625518
771607212
78194869
873474361
982730250
265946738
177070222
797481139
944661196
801525991
654720589
510275947
924895301
879195341
556170884
305694895
893212837
329760398
606287448
545628475
478034811
325672597
997634129
808163084
322046743
404333213
84290949
551374676
553135886
87295104
177225404
503865828
169903376
764640963
916337565
287822626
670100297
121821617
261900873
280534229
261813604
428727875
496440875
672770350
314850688
787948107
81584807
998792714
967748200
125689894
97844494
463177488
702783437
415587335
344614240
913554088
259091612
793227863
893274475
824412861
812968715
904616535
754504967
200093764
588299280
473555579
793279353
495536392
42453443
897750229
720495831
750455248
642306843
753313920
470986323
303006093
360376404
374075954
27953678
845258694
958868047
654712900
102162036
10340688
530482024
639759710
71495709
514437654
742136395
644749408
847156467
240995168
629168965
952327021
204751535
933285872
11232703
345915262
928668414
312831856
922660990
937331873
722460258
380285060
284726174
460095656
399171462
773079904
129019785
912793728
621475563
351890549
969356250
121559277
745167396
141796577
793546333
94637677
155952626
353346877
241404036
872507480
725478895
942843662
700102361
74617322
309756431
180908258
883775953
226108681
65980907
647679867
934549436
674776510
385971703
46440476
333148120
816001094
24865904
533486491
150092968
475818544
920221430
809693889
967819046
80226642
179902403
105504896
960880357
538492404
257835446
922879854
943027161
472429077
252617717
959774194
469890130
63309886
65755811
287132273
564799510
367654752
865214134
761198290
732254388
131749082
829477384
400670488
983115841
255535004
320865192
238313208
234807514
373562055
248924326
216420383
600678901
32481989
277584936
871247488
101515984
131680346
315450409
425916095
767960586
469505562
544664095
605563067
745469313
340355649
726783073
995393751
603517454
174596126
311202396
345178936
720603791
405685193
880531618
62104590
650871539
355765188
761494988
585235111
170023192
705860901
837964843
648302442
31132302
200020401
849415939
782923796
814293986
716731485
987470803
765217031
202248539
370654234
856053847
585933576
906275649
758332839
477472439
990327392
656698260
309865555
274832269
888431948
405167365
285847560
763971436
307820819
797235389
294158062
19649929
667877877
796200239
720945250
88294783
455882103
345541382
589010719
927377931
189323801
91190185
893261785
373132558
687593508
144302312
621495748
896781657
638286058
198084799
152550469
858400968
729404783
790099218
157382239
882115800
625774576
481853219
672363764
938579411
57891095
482693997
586189835
815125141
719501244
504862102
668514891
232219282
109436488
721920101
589281089
443916921
275414572
783536630
375365275
269581712
331955611
781351956
783850853
974949754
664549014
508088431
698606509
50526732
320055608
177224003
503826688
689674277
280697604
544287435
679504608
188801130
600634636
680259445
672016130
842209216
645764259
482658441
932441001
107954303
282925122
78781327
683920583
373304707
169698097
189278338
278381747
458772915
678816101
590345272
71176976
169369756
525650852
687359299
136611584
827648182
354250457
432123154
312748064
664554492
640523053
15581263
393219851
908060794
745957079
932623696
407306854
180814207
166462128
807789712
596385023
690467581
933390483
339876415
334714959
299945335
605110389
171227498
113264152
363184250
42454008
152401612
63258539
948790989
93096880
457338666
720987777
166675866
757476498
240584444
432466993
259135590
231078839
909452109
574070673
244370793
82823387
745102656
125245183
180673622
77530840
164466320
943994240
558717906
556020120
353085042
439698859
191080206
762845742
244687356
705190988
645415185
318957492
226742586
421370951
313812569
806055353
996372235
678760074
507927249
138405221
826701272
418235612
844080952
548389162
139100183
585251612
942609184
968786397
784750190
509102043
781059892
676694540
524548317
108982803
436759014
483243137
456345900
785840331
109196495
346084164
749743710
250719962
967752166
56871107
118267131
351443587
274191350
966383525
776450452
101379062
781219984
495807244
309931674
737161699
709720869
56279837
66003107
958346040
59704207
645194233
713290656
476539785
177022847
797131882
866327065
895079089
460448942
501738763
770716385
148744464
400251799
57016597
108398932
290973100
798885434
615805051
290125249
77584712
907043306
875624484
677439652
452198802
634147975
844904544
936573170
487891381
728080294
606512145
449859936
397357447
884593962
358513986
320698053
358082705
594628220
885506069
220872867
494115221
270410638
589758275
343274615
155489493
192452823
640092473
921990230
223808313
455332428
888424697
25321630
531928581
36789985
882554299
446882722
950208536
617957489
218277858
119461641
58391560
867076426
305695790
474168383
753879172
662627910
369365204
559084070
453483143
941560243
784746032
216046934
982959978
285434003
747196380
257423562
332757663
193287414
239966944
209060920
158537795
276982422
99338959
19870531
561431718
651098966
948062918
944677202
433899304
295986554
407486384
722775753
963581483
251403038
970126253
828826517
11373626
340870015
823006741
517912807
978457053
90066419
84432460
34416792
569299141
298690773
897932461
611511850
155906512
818734502
267040466
815060453
425168273
94744052
374329220
754992417
53360905
349106371
967316672
113877706
879611642
12445541
33364431
98439325
77421498
724131652
774179335
951275384
945710286
315527657
