100 1 708616957
732266478 932464288
925447727 822365076
670023984 798021089
754340900 939663195
879116406 565183304
469185822 987959340
535793956 921746703
877775994 875966744
605899325 775298710
610960572 783601950
695526960 949922262
506659721 908665252
711589476 926175251
662700312 778177183
513796201 955875074
728210046 932330259
646459612 781610205
506227863 916097469
646255433 858274388
904943424 787061061
767546157 817714139
739464898 931475459
837181268 755946704
721712964 939604938
470968555 997822705
657238252 939016132
603992666 934875824
886282404 586219211
700691000 759723260
539404226 892091226
993036240 553874142
819707693 986510684
920962802 793745225
501701254 953497089
483863378 985263903
837180728 889292919
670954494 759490587
495772520 939479632
731926588 960799391
553833958 980806024
739495936 941079535
989423783 595689479
645753086 718683090
527343356 971151773
501654203 994190653
808094947 706903547
982587287 677905363
578422208 949020339
813259030 825160388
735154472 705645034
804479691 751720291
650860192 883820236
878248380 793462920
757078088 754615232
667243104 872372469
523234453 910483194
507137896 922027865
546462676 905633693
512917204 905048224
470217060 982693168
563044140 818011001
723440699 794393139
794363637 695592503
471263772 992490389
834886536 849905694
781597842 983246401
504955944 975858408
876099448 841321971
460452336 998878296
885081974 829236692
594587996 939779891
774220346 722805005
771939218 673454188
461052416 999909294
862875558 902647855
463461440 998272132
731645490 824615642
846437600 743261288
472954075 988947770
578458468 844351433
912894593 834745215
748258164 887702957
539170806 904322999
978183767 750439170
838260742 925910558
754920834 669831352
573878206 973940188
860113752 888528095
784026591 826928964
718534272 648207056
809292746 798582756
985978985 480165440
624150106 770381454
579886729 888148685
984011032 823612759
565411726 962581835
643020784 961024956
707948096 778407388
470613387 987064018
548841195 993880823
648891977
