1000 1000 899710801
252204381 253585059
248914076 819273507
886681078 987815125
716378513 956784106
469706276 735118303
942719505 945007487
41529135 990555754
749106742 998681501
737756710 798012602
40013898 575170749
580463523 801255043
72408225 651846957
797871814 939447709
168112905 630924265
388306900 435114870
338069073 793287807
123373021 750324406
746429726 858967679
331982834 760274310
64648136 663736129
16556777 218337531
225057384 820405195
60866119 785056811
61398427 603510149
446085304 864957151
621376009 750311151
446316788 681261016
5936680 648577212
190314372 904197788
673420622 790458939
647573767 953930689
221654379 438542371
187528653 810211582
345509576 956099147
417304077 790974063
530468226 578858305
326124368 478757885
4620539 732039709
837959202 983567150
498504383 696299739
671885436 809833212
259629450 855359756
362507110 896922623
839264355 901178708
939176179 981344663
97008625 910034678
217163236 280453572
731325841 978036968
735683381 850803508
237727834 386464548
633065546 805988409
660518813 882917691
209725889 463155133
482013933 500717780
671026877 674960139
724866894 843280978
366560524 525378086
46268099 532694086
720165358 842849311
114132023 458612674
105777040 828048548
372231716 491987604
204550156 444748466
249284463 372459843
17606989 630076067
581193039 640587845
480143673 834056433
290071281 548675881
680765689 958248871
367970893 427359846
126680311 584845972
458996238 660854469
192046333 327209004
349323196 804864875
640281618 814845222
308579738 928058530
75592309 739049374
321602447 422244936
676277883 903197190
244679980 438991386
269051875 685065288
295933602 372564127
139968082 367231136
373858433 477539093
166378601 476074782
628423648 733108318
167075466 558350241
596829687 723915353
441822437 711004790
593879791 857763834
123269134 563206923
110896030 739672811
116073492 161529869
439854266 700642783
613349757 947103972
469742806 489377741
400727918 971092539
335418784 842054955
471203424 778445527
11142039 330735285
167423689 410671916
296050772 467821895
738896520 967647546
248754601 777463542
207459330 541988106
3882391 288382122
478392941 501751070
446860950 604511372
187481769 427940657
39145441 849351357
452863968 525758664
176801737 433399416
134161710 757461998
96623260 682734337
532693647 864436066
235729250 873678209
91336551 520616895
336567842 465400450
141308264 916953135
643730979 717960732
321721562 786182538
583243407 818089192
145190778 300666067
564938001 824668015
526017646 914841076
607759834 866040877
569966885 917224851
187636230 280181289
59097006 513636572
112319319 672359631
217992803 538558088
814761713 906719757
632921493 805653326
569860035 932982045
507186407 674766601
23482669 118511247
301432608 982716238
166768134 976087746
466691554 660395391
259923858 764438044
628051555 692427783
141730580 775510128
951489923 968848084
351899263 359136203
473285650 953107261
348337548 413461609
53492416 876453486
298889562 448782547
201970334 601755498
494451178 981961224
95964547 730534884
386385822 564925410
50052906 90311660
314656847 834440412
584831733 603861131
887670408 917588660
566916132 901100354
119921439 518017222
27349089 851860916
953259992 960802314
456582223 637539050
261435071 586468407
10450716 638795055
242575805 246120720
494284455 500331362
331565498 805114086
137476007 450059549
84049536 774111067
879434549 883242413
272127544 537723474
463295488 478318803
45942624 673279577
288115077 582181812
24173981 426268554
115895812 664306886
84796135 295753155
70686265 423137681
11977944 507743816
495644295 963826038
235417719 809709103
333605897 643292416
329794741 430647495
255964465 859435151
24194617 102927186
119692761 251491393
514910333 928473187
99273548 562380308
48952567 644715803
379342942 734399313
404420516 638884174
40753737 441147557
883385534 978242650
152242492 848500766
777786589 810616293
89848333 786925432
671405971 917686284
109967883 417337726
752822941 767039543
697361167 997676779
129010033 227322715
406283350 563311681
531227473 756658192
322982912 788285805
138881908 725333513
590816104 942473852
261615834 941351493
524618774 765003632
168020349 685830490
71526946 571633601
4963312 433691200
214718820 812659229
64298457 672831538
662342786 723569145
157728476 277642811
867007119 993736730
118661475 316434742
85478332 413576270
349143336 962564737
10934023 552797476
77640617 98327496
206440694 926321495
221346592 632094329
464104323 998050270
247658003 377456187
177130127 891138509
437149343 943986031
589271659 954337940
451759712 604397165
738023729 951216092
345493923 376466478
680103952 725346792
21295774 245303345
107962003 794642702
146685081 449417138
735280239 783608032
38186151 360739592
271644175 891780543
281477274 886082798
468217981 825241891
263702788 619351766
718257255 779592034
406444435 666777978
54277334 257185194
174902797 533783781
497036806 785748465
530181320 753879847
562380768 876328253
199728783 904991170
15356873 145307096
253855264 520103546
52938802 337318763
462876903 651375754
611728403 976113347
90694359 134625948
594082216 911112031
766961131 795415116
442436550 544937398
605905195 888072133
281177442 629854903
484837990 768676175
50882665 864072847
268348 757337151
99916768 403305955
199528040 993623070
387373274 707185169
293549509 416024911
314685602 617306205
111653529 841190029
297403031 737456758
800358283 989510573
65766254 410644809
556300743 655443450
473169701 487378139
550012736 566054015
820469997 944743420
254619613 625707994
3180148 120048604
130916750 991854604
173283662 604095833
115345101 563374943
31009389 79119217
305856778 953671822
35741311 93336606
489312915 558502972
303357745 599577637
469616670 701544821
27816699 149936924
441480230 641593682
84670727 902016502
106039687 542541559
801500635 978577212
442158021 929114628
362888024 525792794
36022820 942146913
37022136 725197961
257318932 329133403
151099585 852295661
48218806 882106175
304051804 477243972
175922098 726703816
237619537 509382470
66230860 296380168
359953065 836708768
622475313 895417340
938743985 946100526
288811668 995481176
682571433 939390115
155728536 685688207
84253302 164246230
353649620 692888828
186456948 956544652
528535031 565368091
506097937 887746269
368668375 949385259
109740863 734759753
295414316 718217364
140052138 217597193
456907368 462832035
748694619 910098255
72708887 700403106
846874575 904583343
603449970 784688685
533235373 677814992
306452144 994448890
412476994 505355735
450858154 943922589
57085707 865800486
296749107 434750605
42796712 336510619
399865015 761321420
137841102 685493257
625210629 926214763
12358457 322232737
16737405 649471465
586986248 690852349
176096184 989731385
37639147 640400203
427879782 572556000
307008743 430796260
377508834 611859857
266559265 424234448
690746009 761683984
325966419 913688619
15621866 155586923
485581679 597748588
169018701 768924051
585133403 585314625
59967867 903912763
598189662 959150547
140220555 713667066
540562373 879704021
599961073 644499661
11135785 838346922
102629798 527960438
685332997 934799211
4618426 656217570
19777989 172418188
54978932 401398050
324240655 449307690
422296090 877779704
667554260 709280479
197348755 744027252
152469508 677291871
472246514 913313620
371217697 878301008
241890975 257697026
409937465 511269688
294761132 999305158
152345629 762819162
132457660 529274960
135511184 161590797
368382405 458958635
412949900 447304337
422801460 647015575
198808258 538329051
25599633 839537727
530619994 962378162
557423480 690837019
908278459 983158372
391764009 914324869
553301449 887290293
666615789 887700700
350540772 367958756
171343263 703062579
228367378 979455984
35639757 516051445
193494984 847721158
296420266 697390610
381763652 866507048
56788552 533084499
156674675 544959124
684655048 783045893
489304303 908252113
40836245 50133057
286967571 308566586
146628557 715804477
870756256 915213792
492396060 788007000
119595498 696693683
37797408 799355950
855744603 911396616
553633534 751428436
114018079 850259324
333531267 890535614
109856107 126898605
823509502 887734002
148502093 574281986
199829273 762516034
747792638 959431288
661443310 944335934
289491003 338326940
556790381 928189536
69856531 198048090
732769291 797654505
245375372 283151925
421639083 775656920
46071775 923751194
644473249 823499838
245229206 849790020
182603205 592699383
503507340 980195451
849146157 935790827
615477292 996151911
453860655 625674332
566317238 922955171
127323959 374408769
3787366 160326247
80941197 280257753
275841986 776654531
58207292 574389967
238563115 698258907
108704564 155435423
414144835 951421289
498785256 947782900
247923670 405429420
2179786 800594780
75042857 971645351
483683253 565488832
38127344 991922328
367222122 791321290
452822790 966551477
381645438 501738786
473652779 492579692
71004011 981210168
142621650 711373225
499711602 825309140
310969133 712411226
346683443 413427855
40667243 445722705
830237959 856812588
525242071 861268969
360051832 919456209
133661331 531557507
362962317 385606815
183372988 817676956
50834108 213683224
325991957 761976581
418312097 484395018
429942342 588774157
78181501 720081956
55063058 663153102
677134786 881673079
371461717 712167444
172106268 644266976
159508932 540421799
638559482 686415131
132905555 347117826
166053218 536785457
563916139 654242061
260514832 568424861
542986896 853144159
456081050 601673202
529246281 703249294
327965660 845113357
387886647 398447234
456495502 713196775
357652234 784676778
152125818 541156781
370689267 691330150
301223536 989460377
374073912 395265020
825785539 854361671
117889473 565038267
64296531 974456928
380105521 735176263
146678386 481432360
603546235 919030093
258564423 525466956
277423904 436419286
291202687 655413801
683867560 808851940
35510868 816149000
498704591 924849924
617339351 653589448
86656384 884108010
683824659 684769957
565767553 667144492
289534312 891365210
381041046 641482242
679589046 742770541
626478007 951525783
661326461 758235386
512877333 980646589
163042134 894623659
345587197 481482653
506573068 835043236
689611498 961061938
212918332 241579351
332941712 381136051
313050851 479141389
378029469 525336845
670354390 834859594
170417792 696697227
835873895 853159727
107121086 457052580
118559335 188696070
364502834 638289663
198988992 761310081
157684546 377685538
541534701 743812294
297094111 534422115
784570713 954240560
158975352 884165260
784411762 877807134
765622871 894572201
463911432 529769253
661811330 722711903
323091549 491712434
674405441 708407580
32071997 171913629
834307805 984647583
37140281 679410882
364271184 542811101
643415907 982848633
877631375 963471030
285773312 405166000
196152691 895809992
95331771 122557870
136830453 507915727
157187598 619445464
598933270 954147912
69632002 477214268
212940239 637497803
80950421 964833813
58248145 659825365
591836376 711136066
521437301 913864845
346626677 489876621
527144961 663160859
278899510 589359675
587781786 765591034
633256058 970229709
228112014 569145438
52568205 946559706
269967091 883856786
575816296 793582795
92738766 794014085
637361567 924599837
94768918 578766919
794643704 864125088
59486230 576753054
539296846 919352454
221989703 998126622
87721498 520624303
378907579 645776107
298031342 937246329
446263857 661060814
126189861 919602795
141068659 726405351
16362330 757379651
11028201 860116808
334713144 672543295
411763001 862744609
308320406 424672239
70175498 284269507
265657635 993406472
128099473 915018010
239686453 764483977
596343906 813279687
74005964 596130550
291826085 723653383
250975373 588768276
246314530 881326910
73860642 408714531
73368645 479152110
298351596 977276918
270031220 395183517
491777417 659779992
836837901 951897407
182688427 821296856
374488156 733964368
302876809 348856946
712569494 955246072
184589213 869967977
32238738 129648259
123123850 998473573
759770374 938101146
187873258 278527280
97885785 813837886
378624481 670135870
320264076 970563174
385370880 733195780
238817076 307548408
802225334 945073664
556815363 902589562
265756099 926208314
110468079 970375106
249396786 390234527
673335867 903242121
763441104 955530463
336558742 648525044
422798690 747225704
203291474 277164650
188396167 650271089
44098724 840872863
153769966 513649786
403784198 859005855
122332822 287818372
254819188 925813635
88701116 511276492
254230890 726856109
528172251 826359761
500752443 947733143
619361439 811623289
313523808 319313625
604059411 638518908
332294808 387029960
579682861 669794778
12292520 818727671
187501899 608935703
424083584 918126589
451980366 906979834
574985504 901415912
84029901 964678808
641461902 952888987
266377232 571740809
243118027 372192234
349683000 740607651
261743987 375733538
198784302 843799163
371773190 551526177
369551275 969534897
277583693 834722169
261518432 659910578
194830472 769474051
198020401 498234971
646910747 849551916
567697267 818060938
567791617 751390562
676139788 814056428
540789465 605015493
49159563 820929590
342255545 811021758
221785368 920242946
49576886 65626585
371322537 774043969
8320447 646139268
299430875 777069518
560690992 872652026
435613018 805996064
545876837 921643024
259824228 313323008
474919893 503568725
839427715 874473496
141971346 959525269
108502398 245604943
317303297 774840303
74552108 704357621
866020213 938353149
695682978 713390679
301510331 571832763
480833062 801732313
329554821 723874119
145471845 260869181
132670154 485513833
700331027 712266552
379170473 813746927
494371401 946201494
783247937 937891544
190661510 619705157
201193897 245621266
242202571 670339265
267318479 919129037
529697321 658860371
84556506 661832084
710954161 932140781
191081905 679982420
719358132 842035700
221897658 620683617
722310457 960562063
63833508 713453126
150372529 812091052
94397163 404499695
221942285 988655423
75741718 850030002
1352929 308096713
451610557 960697567
29024367 462351526
163633720 966829889
18172180 867541415
850093973 935961156
62122851 645579866
24432646 578038203
623894044 812950690
437021621 617687354
59614437 691114867
254763103 349296882
916634711 992068924
303317478 536695675
848105899 849723523
220294267 692075840
98252311 878150799
113558642 373036941
21943772 736419368
220667570 616535650
366217827 613416593
42392270 80418770
326982337 431408702
115234031 557127928
174775040 320753938
510711960 640271883
381069472 919009807
41049062 354357499
237535835 243444267
189091776 856839100
64548409 235655165
479984454 988490826
31169215 115110982
218307352 914843592
33149188 463329913
371012769 623877346
870683368 985952898
631518449 799205162
316413569 726296647
761302781 904103433
245620790 842728332
79559362 576895404
811517666 851630827
369812139 506817576
133921443 861861181
130093467 537442770
438608682 692466961
92041532 983887109
157197706 566677653
357545064 361444120
7554991 993430009
317438199 358800262
179518243 737870585
404841644 692294670
322596316 797225688
13594088 411391138
152658595 204717260
911991294 980172741
113799462 309591308
544392252 840520178
272613131 982295943
469094936 715569230
259093791 658666673
355213729 508352866
211494831 834208279
347470588 486466754
131140308 778540337
217712814 968702814
208372803 795802674
269297261 689239670
727377548 902979533
15218364 45855893
441855569 811451072
640273645 935396732
349883413 798059968
294566038 509932137
580627817 727529307
191277976 353371065
122764155 936139799
62167489 739428671
113590638 248669920
127901988 180346439
83641022 532383665
62746525 628250502
179033151 420832428
547405063 998790164
503613308 846256826
380210384 454674121
317812911 730102602
312823493 433142049
141601525 653341917
135549108 211808144
833129041 945444056
222407597 847481714
882102811 891651385
213246137 931800776
215006096 897986463
764354791 919825605
139228756 519296672
487422946 845013006
794096572 899911069
69317495 932120560
8681458 322303687
654033634 932143793
105831614 784055884
975768026 990715111
564537070 576003274
535565198 839841860
163208999 771530577
170580077 837424440
3004955 349456697
4173377 30903549
461065916 814061596
56836644 239234928
422146453 888733369
16128690 716344542
572887737 733262920
157087349 300042754
153086071 984712716
365412933 632332464
141531889 992746542
83512339 976397233
414836495 456167410
430382618 966534758
137349125 656614832
406088805 487199237
183999894 251657482
283261497 650637061
562966237 962256041
281611775 557163243
731926557 931593826
679501389 964582867
490229291 762425776
317515077 659679518
35494019 735906192
930363268 976806353
671919827 723869958
678147401 699870017
128090453 651117116
122482309 217479530
208017593 534757078
283648146 915212129
480740277 589879803
385239953 504043985
223399596 855704285
595974070 709328125
54139059 239840168
366032120 637032735
505074467 773542978
610717390 724097343
36556427 39300263
900858678 913856569
758499103 944818188
84533017 675341457
376375150 908918467
412643823 956319417
262241097 398874498
183388880 633654397
292965626 758323010
32082630 231341006
12533900 196462535
827903665 923455706
322119963 559621344
105558792 738895630
321421841 996931754
814798348 923874475
890943873 906996137
177823263 605822542
280903856 820402496
63734861 91522486
190555386 574974193
583030330 867737210
65337948 308814614
501589982 837201079
73545975 340396392
29708802 88649518
156504962 256566884
189322910 516414247
595955921 774961642
148554150 569655321
142834279 215550038
202149503 401335101
183985014 519483545
518653765 899938921
82814659 806635033
834310805 966968644
147092241 896694613
650788814 849057635
491849653 735281853
144537483 569343281
480896334 725065672
706943031 714521924
514685169 535235160
291879481 589098381
429259723 440024669
165193041 829391372
312086446 459209383
460574877 564996936
3061813 866295905
627689670 971071281
421631371 886711236
294492284 602009042
19008126 864854245
174937108 366081028
603484637 965634373
516671342 736664747
164673256 411785459
723558202 964113049
74703862 738937722
333934127 372605518
319921637 949574077
73050619 177574736
630025712 895144100
194232638 655514232
708337669 717301781
269844190 309766339
248442613 857234180
475994759 804442065
172256563 674792494
379652434 825736615
263792654 863082614
266033535 405944367
66661712 866639807
608739518 910714503
224546129 394532859
485434740 650038135
218260934 794659940
485974730 658904939
452407103 764309466
421887588 909615345
331709249 474977583
153017900 834200202
288971294 702284011
410428741 709195243
331027097 753793960
343079564 987814114
171740012 747254885
401705504 710268344
178887941 499489023
465484710 561252583
352051467 956020187
381263479 572392423
790699862 817064520
526232818 855258295
39922890 975946096
371120734 838200816
94509163 920462485
350694001 974927497
301368517 807537854
337170067 459002807
1792121 622082448
230147505 434456351
826991200 969372013
173299419 188161147
96159885 790917576
49333543 377398491
44487982 225745759
14242001 193654215
446858354 746752777
219359168 655358283
520036806 531668140
480709149 604137913
694656351 970524492
655889945 695327510
527914545 804917553
570545081 982563190
189483533 699875586
333518620 916139622
348526499 451950536
177791749 725828314
697468907 856990612
247235471 851507665
282463480 439893925
46577239 520415624
349734843 645341426
639138907 700445183
22857299 651295538
77258358 647105279
358213377 837440252
790148809 853736449
472256283 967055776
103236865 860151473
77365895 809345619
23595844 981581990
113111262 761747024
326289800 465834044
212111670 435645441
102991184 598034920
387136228 841345681
586329078 935385357
83439449 529865885
601291588 709576564
140345686 774370143
226460175 864561169
165112988 519861976
559577697 860426494
447556581 537737893
802885205 910474007
793361282 930647766
37500473 320273178
479543507 833050188
129602232 485360352
107243746 192634506
101026378 819201912
270456071 595970066
694599253
309153395
349205966
748546813
655476688
355297756
378611974
145025021
644701446
907655350
326367125
739689689
244722517
952590638
994754003
649860269
794119222
333500343
398238757
472972489
777509836
271153032
847213097
320369043
885981951
8277786
815618323
486000360
983119574
663511093
414609723
966977204
642095021
151985200
458725119
30882365
669208998
863357170
142729286
937131034
479939017
557677372
481161365
381560200
898679121
685018587
513826303
324358765
962947911
901837387
194531661
351684025
810625996
286706666
193844158
583458942
769155050
193665981
946390638
33762163
668189739
324200270
37105473
91204202
297427474
79802836
452783299
535262017
167164225
387307847
56657144
900669071
163127406
733612847
253405946
295978048
654831106
188263879
918404348
896591705
741144964
570574369
60263664
778323365
271689359
409481881
987696340
203977918
905083610
701725625
473686390
808691009
494089926
489565698
529410948
449510051
105738432
662974217
852709185
477538167
294601331
13935963
526762852
619838475
445804632
374996948
446313968
826235729
173821089
219759576
999862629
681098983
586479500
567412072
381320117
44172331
999930965
693454072
372976316
26256466
301953599
437374499
376160323
505095047
630691395
367104627
564153412
107703494
547592890
720142856
839990757
755423783
186971550
539050826
550051299
427449414
231735723
165236433
269626297
236647314
778467253
789545064
533613614
365350386
215943125
572766629
54466877
440493445
893761524
478250160
953350969
72262321
700613677
115864532
511407414
926960476
552714768
817300400
26812501
176919256
893719792
986615063
614516912
23225883
378991327
548411457
992729582
232587646
641312466
197384578
871151241
8611058
660852273
923641829
283367292
537077516
803865486
571286236
619258130
92042574
46032149
636390423
309578826
137663476
539792531
775408846
277918988
691001857
568255781
275866005
979396628
921342352
955710746
333444422
222645777
849765555
450216160
435926752
63443629
497739303
237730573
579386972
673358387
192661241
114028480
113865036
227182658
122460159
658718182
611661048
608248700
162602025
717151386
699018912
862337568
720228285
253171704
454589628
272336196
316251728
351154861
441799036
611401654
943961503
582963956
349605952
80851690
183517783
772072375
649456814
936422696
517879742
20162234
585654987
218898655
698686395
334464820
721826334
922788132
955082877
379788346
9827581
104739917
505495101
464666817
490263456
420913056
581976718
453311350
827265542
223608735
656407161
336823510
691090732
449887211
905003585
581983877
381782658
178160419
157512724
523046838
240196183
887200251
642194004
845385435
478630762
167277221
5028812
386519478
753089642
804677405
37557957
870957575
752169718
339073447
861795042
605143711
38046610
984609679
979335579
404170920
66300224
752354082
649005717
372073560
874930407
69655556
507263665
434864065
585607931
74152314
519414573
707722584
694177724
704945743
551146695
18719200
289751344
337166272
491093412
738072853
833270817
386807446
736611062
49414220
425534499
340381023
854785072
160669724
464728693
230785056
148239395
195409240
464497201
466724079
576546879
826382763
594463392
955329383
14798133
858626116
997574086
296303101
404490668
794341255
313106885
987106007
93770725
345852665
401611487
596189491
727459183
378177651
986139120
844240872
668532972
163685552
708677627
401856376
820549432
79132551
94846104
162806700
704122009
397744900
793638566
738518105
815311082
304888447
404163796
64963715
731827863
218656927
253446300
621490441
386048649
373327443
885545507
235535844
603627837
657494073
544720727
849168957
92275445
77009808
488446075
344595353
653145064
547611264
201152876
200363441
172458501
350334204
80665794
49500481
845374299
937512766
849479792
916660160
722081012
648746649
268419602
425077589
77461640
714757273
114728931
254882232
139901549
748482530
531279473
334011220
659742058
942701933
608193305
717330651
92053022
30364958
737411941
553620782
330301730
324243942
215947039
745508974
98428556
712648042
116920964
919770301
378139808
189225681
111150357
248619198
187171651
837257541
583180661
827801675
934029452
65047025
710228535
854553002
932872989
758296608
835983356
334614919
870528181
572010369
471209962
300086381
462437590
393099750
303208141
47643357
255513087
293600446
265828807
471449819
822693782
211110711
444983305
128922458
571058311
669260751
52854198
212981410
776647014
683130986
461741431
41827123
463450729
295128015
993441421
437019158
782276345
625915817
881300294
878523267
19904462
646292917
420896221
284561974
83050549
478519052
508121767
843561916
269929241
296091227
993064119
68281077
754076409
17931703
47224520
167276059
480828771
645423205
167213129
960456104
530285558
512979070
939891124
260703291
368256458
503089181
765244584
294218891
434715399
852940893
258880822
236400627
990504177
994031562
620981768
737578334
856482031
521628115
108989148
294480801
645690592
340792019
202870072
868553481
888773137
831023746
537567967
910572395
715934919
521719796
9048050
650686603
13915442
519745349
257607157
561994914
826365292
108936809
790569109
729020333
716250443
634738065
614576746
855728128
382980153
615186913
330707036
260920516
552110296
470804010
108584736
815151591
913208218
895003988
895332875
977908757
598078261
114053768
701501647
74646943
162338614
585091051
6472236
332917263
380421283
558813076
557848757
254882730
169392450
244322443
429030676
763618271
131486138
573428534
946275670
832643600
202367284
491318783
639583368
668312389
37725118
36882759
704583358
765590814
712266178
920217281
359206979
71283691
775546180
781780075
758385638
249612761
915395269
229172446
449614728
15507929
712251090
570548550
52367396
515503202
1709058
839115667
41613942
29131526
945984628
626818015
563442728
817082063
733611744
963573221
947350140
41730783
472290950
863784474
504984869
270979291
930140961
9421739
298564985
389004786
101134214
110930595
192602844
530644062
552687015
306081490
719508687
549845638
788605824
11885843
841617923
660833518
771925709
995959651
416552188
654751677
280019722
721658572
723561131
31971235
421578083
603182228
773876485
185652800
76046146
16607404
871491306
115651342
166438934
791044773
392744151
175530042
831483945
421004040
303053554
712741477
942860081
14660816
897162024
813486286
640904243
297624493
588443314
876413048
361000853
152955266
174274708
376470089
38130274
526523092
422562579
141644074
604870610
941681967
405184904
804622757
634472305
472115385
741451411
506739063
963272723
584392953
116160215
139490382
927452465
201751979
306800819
170974409
337466846
82042324
282874314
322393061
556282185
576612613
875998283
512093622
16886859
136631273
895200135
270459246
589835757
569836896
816897551
418582404
316387508
496931964
865130204
810283767
529419307
937456493
287555769
668244001
778215035
639786604
43942567
971963313
107728450
700689233
655943858
999765197
13672232
706481955
389534492
327875792
946335327
31367770
148033513
494618391
211338934
662251653
998139004
450918384
450453791
815251914
983904354
449827848
709279015
262444823
745002137
70756980
269469152
968835508
774073786
96377187
1061650
188321978
223130186
968907858
561417354
448778680
500301530
876339067
19068157
925653949
170906051
496783752
189156348
140396456
113467806
995363552
219344600
633536414
639044281
24999343
110438126
634333027
645338783
698278769
509028700
930533774
971451458
666130732
980504971
995195431
478275872
237497626
457925484
543415000
439763907
317742044
490874615
793895970
263911304
957793846
605210372
393087665
333471492
956023513
487826485
714065105
205599494
418951844
59386318
552715592
491278104
155060228
941143968
883041443
40709114
460287917
967970129
918808572
621270966
879173262
757578752
60955034
52962396
584168616
949570432
897088747
828721656
163681298
348916178
971160445
100404780
857261766
651582732
424510573
599311699
868004931
246008188
525368582
136227563
686093641
967977676
300515651
578514642
433700769
951919578
382104718
540286852
558353434
855084938
969007569
716820702
224250356
830133526
890282520
362553382
383697684
646207625
608612841
396542676
995475510
49023545
897402076
963130291
818410513
642212076
65518836
895112361
246983644
12111281
210666116
106274499
641688893
928038848
221869941
872556609
444932464
243823538
941101490
507935502
910103192
729201800
807525776
978317161
256952486
408257039
615759522
343902185
981438447
190054894
897190296
964477008
578509636
380186609
801545461
381985055
239964292
970991851
975953973
604476134
911124029
491198417
460975574
176653512
919947870
46875884
520304230
659867575
341426235
566027345
196581618
24525695
400017923
219745551
660097607
865535332
166354771
288926758
737753143
689884184
277389890
877553815
93437320
65968876
444220301
944039146
744874066
137403930
33139026
165764623
526189496
542293204
801224215
761535430
300606510
141229607
523347015
286032251
534396307
706856119
278410549
110531991
898307605
760169467
986823170
22140993
471898240
954288462
612799533
946132856
528409019
712618507
685683737
241372542
68539851
584306340
2708460
713522977
926555547
543840819
498040841
255517075
500860154
297860394
33654864
922802548
84475212
305548634
14282632
396400371
69477380
729630237
806203565
935079314
451939238
433940606
771845218
429697624
104360733
688099319
366206664
865853856
108772407
890944835
78988978
499018650
38992265
715284814
589031541
405424726
888454018
488644531
568810992
30860157
826525571
611483676
443599544
355156247
63109277
510192081
245623974
677490589
121611247
365997928
965440163
80501808
1271143
217422669
373264574
112830358
807259608
716266179
783848723
838891825
524439463
224081097
22378549
207395520
489481942
780599475
568369250
978633852
887281050
728395507
40577234
676503102
965601679
521388147
765392994
754431502
180986886
885168590
403366825
813387523
623836023
853971228
798940940
86019484
22442581
819543974
228421941
582703
