1 100 384425330
317678436 10939420
108978435
26686845
97658916
992857902
990643521
264840948
572891347
815182635
858890778
932277419
183229245
603428863
306041861
345049671
704467965
489135258
933417878
367875178
956997169
167560978
94635518
423006144
647612527
661770582
648473558
74213486
71529397
747728631
68301107
996887000
781038506
813325784
512314021
322345311
542218642
344454882
249722910
47694255
863751541
154405144
596410130
672316140
137392739
135417612
244095682
530760995
991582817
186048664
196137817
580183447
716352179
306913971
198523550
274395395
784242815
140978974
461649423
311594586
329385704
393263589
824355445
338469877
408753688
595791381
841545896
960133030
545210256
211474946
330218314
215983338
693936797
930427623
295321021
788913892
705173569
943614208
105055521
36766031
896001171
372162035
288360682
492061024
705078301
511870604
664109111
284962631
854066722
377391023
707675633
673191694
406983929
263341383
955977501
102375021
423388536
796008433
19117826
647350383
453461066
68257283
