234 948 104595436
186456711 276241
154069478 170932
11308502 1924993
933049960 32067
23830190 2669824
938816308 28299
759735380 74408
420849074 88341
874872179 71918
174965662 347607
994628305 77818
99961163 194279
285142525 145178
690173055 106177
724705146 32147
728684438 4614
974993395 47855
124973551 548979
67847342 467164
686240060 1456
258317356 219261
861029413 3150
755107857 6738
906972070 62532
421236825 35814
913313716 49070
930879071 21475
353846248 93006
919323546 22366
854406993 45637
735742850 38485
573209978 6044
651754174 108642
500060632 100584
766003695 70233
216731552 246792
182888082 179159
553537298 121652
957360895 3706
264197884 22470
995719989 49992
257279177 270267
718255648 65252
199399205 22040
916177450 84284
619802248 120505
852621047 11537
572698372 65579
621331332 38879
543911251 58168
916259505 22410
720741632 68680
909286099 683
183772416 298523
636577913 27884
158300291 107571
430182841 1021
26232844 2066376
120791992 225925
948884765 43498
899875017 55428
606047496 95225
917419772 17033
30866523 38009
534413609 125344
952731093 30796
576271226 31806
13277475 245635
677015150 105012
970113561 30787
379432236 5062
785345699 32018
178719318 243115
841602630 56369
769484060 72490
190817647 258702
529064619 124150
264236196 2220
185820625 69358
486278012 40660
809042756 46107
194025734 244070
404807305 34252
725635037 5081
344860389 172235
472590139 68612
539151425 78910
572963981 74030
554785363 63359
290419235 261933
478129536 51024
971078071 32428
10474309 5825287
474623387 35364
725726882 31991
848386286 14327
419702725 131065
180473824 423305
678337189 18887
51801970 1053009
288180948 94609
638630014 64049
381015561 5311
682040323 30636
652817116 107202
424453190 142433
109116380 484386
956244761 27497
883284036 29993
261201999 173789
118213463 507819
128939133 357750
493782836 119623
472518191 85678
452830285 109462
794900381 87081
529387152 75558
401100176 127605
165896143 170654
290167734 128444
551817519 115940
930722706 46210
340569141 212405
328693670 234187
282281720 274828
930219543 27039
729474407 25618
895144746 65351
19096468 807857
524410267 36500
630822322 108180
808319717 15322
697109308 100475
634684078 102864
753332709 68252
747209123 75799
120825058 155564
939027835 65282
256102340 224926
43933336 892841
57082204 503313
429210638 6813
639307065 122837
887408894 27303
252704645 215473
515446623 23960
48679886 358567
315056394 231858
14617414 1756793
154078976 505656
224699657 165646
23941459 3154042
86727708 858812
398104994 141889
141652896 443553
544656606 16962
632650696 101176
887871080 11792
952401594 15923
397856093 180052
179686193 124700
913908142 65750
896944773 70542
700680984 107832
918430926 4407
538234666 40249
20147638 1156909
888762921 26315
439386809 90194
976949512 22416
982678969 80035
686890450 109079
212978570 299279
292465278 127252
783207071 96458
146482374 238617
163138674 279820
57212918 262735
68026461 368180
867779064 9868
655494582 113822
159047812 409666
420060344 19483
552978826 39225
564143831 115692
776001006 3366
590329247 50397
858346096 80174
87579455 834019
393221921 49493
871612954 7709
110307641 507545
511389588 94136
55986614 735118
450807604 116752
161563185 62975
584086948 90076
186862345 360648
241038542 277928
669541381 14269
837506031 78770
88068046 596481
518684603 46265
120737028 648478
328072653 223645
318237349 78820
249293412 133444
668339500 65982
906946989 28440
251507893 54143
199295176 246186
266282526 5567
125861186 333538
979786471 2110
451212893 95910
882705477 71463
869700478 46671
952768743 31968
9094560 431912
402031150 126049
265728700 259361
784344519 17987
880392305 42211
110345098 321003
543215639 45308
881990648 57941
152178844 274284
623959244 37720
676559181 109696
800946784 93524
103885448 588294
911301585 60007
426529244 159562
483979554 88097
718157982
331684350
370123816
788357323
678096786
375776836
389645872
162505870
666188929
938204005
344429342
780796461
251472489
995747945
420706698
671605415
828315302
352949937
413574124
484623841
817536197
285896357
877046346
339814855
918284097
9055106
844587726
499127345
820531639
691779765
434669164
706099588
662209257
165079883
467776792
33393600
701241795
894680828
162331660
977996153
496065764
567996793
497707592
394379879
935502539
709906901
531080395
344134525
856336658
936755212
206575717
375111460
840458550
298823326
206573361
596627424
806555770
206213960
993470197
37261462
695629067
340682129
38439607
114714141
312129946
108810842
461035511
549315442
178481277
408057799
69250461
935515771
170268641
775533820
257838958
308651336
676543343
196774013
944508215
930988387
781567971
583376961
72309041
819010701
286400691
432385464
252666503
211921213
937613101
723783506
486080969
839840899
511980748
505585949
543603377
456259706
130555337
689730633
882359083
488053182
307685532
15243967
542420922
629900356
455207109
384540713
455306545
852480385
183319584
230123519
242568037
706236704
600686615
578839458
393675243
53259024
754210
717464233
383244528
28054542
321259099
451514112
384578607
521463122
638156801
379674817
577828630
131595536
557741663
758553492
873353178
793588484
195703967
549984119
562105763
442440168
245035147
173358070
282290258
249426782
819053406
823659187
547275540
377659261
220502082
586616741
66985511
452188430
924179976
489850918
997091648
93398384
720564772
145715887
526913680
957302226
565032771
845868041
29262304
184496261
923089883
769137876
626837228
26320192
390743588
560822929
805239950
245301324
656520207
208465428
901658001
9768633
688054647
956563488
294837356
549587679
830805386
585405288
629693965
116054864
54211639
644804348
334764802
152727958
550588983
815488354
289406041
716426949
579319535
288838147
24824654
947556311
921171487
350849902
234229455
881997382
457558851
447266103
75193702
514852476
250047362
590467602
705712230
204140242
141937464
141248945
242415984
149303148
682961998
624832783
622377551
169050746
757427661
719889091
892093793
758662991
256930656
465834403
288277531
336127587
374790922
452458356
623710372
987742594
595737636
374267933
110984197
190968869
814689965
671310844
976360387
532116044
24462625
600337566
224947052
718934537
355781362
764898748
948064673
998450090
393022663
11702520
129723982
522965280
478538060
506213121
437006723
590845164
461878610
859101975
239845751
681003951
360578426
717180117
457196715
936881202
593794134
395001656
185207255
167463400
537223826
250242860
918843622
664179217
876922821
491772476
179557631
6238648
404115307
791839771
834505952
39288049
901561475
790050634
361514002
891682639
616814390
41140350
539814005
240903475
427088548
82109321
790184241
671181271
381740764
904660178
89658610
524238232
446137055
600020050
94455913
532379078
731205743
717932943
728316772
562197231
22905261
300010610
361177473
506250215
780089233
863883155
404734795
776431814
61042522
441360600
362395349
884177734
167648183
478938358
244528347
164969223
206595213
477801769
479245793
588573181
855431558
605345896
999685093
17434688
890648093
113899447
309027066
428484603
828404341
335845093
705993135
119133355
366031662
417984935
605610097
767706483
387972844
919343354
874543464
700999667
173111892
733230739
420143669
850168436
105245675
120747124
169665009
725337172
412523445
825502467
780597891
843933743
327439857
424157861
75432752
772016253
222321505
259887431
636332546
403429564
383656095
915653776
247856736
615039310
682759952
556713579
878188409
116779115
99680091
502941843
365537338
673300290
557778084
209441084
209327824
183190969
374573570
110241002
61242492
876501806
980325942
880023489
943915804
766730384
670319907
278092099
441360423
102137084
745908888
142970439
260711005
154495952
786419113
546243702
355615310
683544617
986982619
622035323
758058900
116273283
29870337
777697306
566535420
346864514
342333491
220830915
784492078
121446125
742944453
147357386
945069901
386618165
201294832
139386908
255619685
195755743
871822324
595929590
859249278
969847843
77149783
733856354
882998850
969056564
795552351
869288042
356806720
899121203
586392693
480733223
316072143
474337484
411740598
325186339
59931119
263157209
301034984
273722607
481333041
852126353
217407265
455093968
149679853
584181300
702026761
61777631
217919749
816496469
707894666
473582114
51971989
476116728
307913999
186387363
448306369
821960263
637157569
913158904
911698389
23171639
669501599
436654084
296151978
111201533
491203861
524972935
873561599
282305687
308790275
792954431
85345525
792160906
21508876
58374031
179063056
497696888
667538265
178617667
32127344
545756337
530239379
980823271
270105030
381501394
520864819
800917764
302737494
445678401
882625470
266612832
249010454
535467518
914179452
632308560
777781320
886223550
536523335
137723358
305594993
667632271
363752822
210269104
898932322
921937139
861801654
549615650
939530986
751208727
536628033
10021570
672032128
14838411
534682427
265561834
575732077
854904001
136251134
824568296
770967969
751766146
644476169
627570513
885378237
400865974
627706696
347017875
270331089
562596922
479817887
133560808
842648687
941937803
924514200
927911574
822356347
607567050
142224589
722920842
96261050
167940253
599095509
7880669
349101457
393669716
569451645
568159205
262926617
180234460
251227322
442638659
800094219
150698482
587529995
991533990
863541954
210210468
511058588
646795840
700047730
39433571
37448645
726279598
805296884
738100227
945714723
376711088
91093202
815644339
821668352
796122314
256336472
943097556
244307619
456314715
18344923
735524160
582360229
61369673
531770403
1843383
872819099
48953784
29342533
988893396
637444427
576336617
845194780
772045762
375639930
994050529
48964344
484255937
896021927
521194730
283629851
964245753
11450124
313501689
408321321
124524723
138464416
203137916
546184371
562782417
330132261
758085000
561933578
822394228
11745434
873551782
686429641
812714651
828493674
435544251
673359146
290520458
762353908
767484145
35196272
438723300
613975279
814861739
192388474
97591132
18567889
902285642
144573275
178351416
825238331
411094735
184456427
862449685
437556089
322132656
743271938
987628993
16586426
931862709
842244931
655286790
312789011
602130667
908522370
376870166
165840184
183947293
386421931
41613239
542238491
440956271
160195013
615615358
986903238
429462302
833001359
643968645
482576169
781901693
523718562
453300488
598693310
146541547
152792689
958008318
209661340
331385238
182981162
361498991
111137284
293359059
340269150
567796259
589532653
906525420
527601885
20638903
151569462
926312082
282718665
602426250
581665836
844737861
435794592
338640052
514792103
896877067
840080381
544432954
980255257
298986085
696475663
818443991
647084022
53052459
834985142
132865423
720751411
680458741
847958490
14023041
729597173
410087737
346496729
991979548
34424945
164447597
513055774
217607249
689424262
24895872
460091294
457956236
843172554
580775296
456671810
733425724
270825786
783644609
90648797
279918864
526539720
815230311
121428076
1003472
197566567
235464447
108844430
571297196
455342968
519751097
908437384
22993436
956577494
182636845
514050619
198097674
155961635
140044839
636421205
226846738
640005953
645080916
27705008
137889465
640808745
667365605
718758403
526311104
967112801
139813095
694434959
215956589
841124511
491062587
249808740
467222735
552318653
452096677
339707474
506228895
827444258
273207103
580794300
617994618
411571303
352327987
503256038
502300380
744275960
215312142
436215561
71990672
565666125
507210363
166261001
985038673
914166584
48300139
468294956
148700550
944553590
635719411
911782340
793904242
73389440
66431732
597609648
995337054
931675476
859325122
171170922
367540489
383548246
124029771
889946313
672248929
441328861
612465643
898821443
255339875
541576156
151103681
715023648
377738300
319244769
590256974
445140668
995541766
399538884
551052661
569443524
884199322
1135714
757124299
241636849
859357163
921986814
376927062
402760537
669260374
623206371
412226089
882971496
60450309
933273402
624774072
847840822
665469362
78216450
926163225
255457343
12238702
217241633
131241496
658044991
959016261
232359848
902415583
454613807
251171011
981759770
524455620
938996034
771058158
835172454
872608539
264678493
430872447
628122308
364003683
503372273
201639890
931958008
74116968
590012136
393119381
830397417
397048968
250067376
221954645
752991095
615204508
941110797
506931551
472713609
184489187
945492095
54225875
535109812
684415003
363777592
578400299
207215187
27227646
417220309
229441252
684463969
898245817
177323719
298989933
779858249
716383857
289328173
908880733
117773363
79844366
453365887
988561999
783143755
152572971
35990981
176716493
541924383
552145973
830031478
798932028
321119457
157938124
537945597
298135034
548017881
731083279
289506919
138269935
934641214
796684059
46463187
24602763
481845933
997460985
626251021
989020114
542934951
739041567
712606704
251081431
86780962
597798509
3103427
744035818
956927548
554404966
516129202
264419821
520753726
312908676
37230631
952544310
113215056
327617190
15717732
411819808
86799030
771660214
834845076
974128545
460099742
445672851
807958978
443853314
128339133
716364017
378820461
898455551
135017220
922315323
102905979
517799581
43486412
748589369
602415606
430288831
