1000 1000 795853025
298383537 606828334
115496136 542955353
174716150 961261212
122473283 653154096
461355453 526507569
230094502 676476818
370008305 805662833
468593827 892593876
175813222 958404370
584419126 890381926
355292419 484306653
230641668 519160980
6897105 989891697
40324109 299074867
171277251 956871610
823049460 923213385
813337722 925002177
869454891 936696265
283774726 896768640
522917298 871360874
445903762 596087335
5813844 858166367
747131387 874379780
130779759 295047022
183177086 910797980
210013871 769547071
1955844 589270005
77558120 285628281
186885641 371260605
376317941 464222651
413242580 588724600
202260295 314302882
239411899 378058164
223035837 957640539
394244247 777027447
180493351 259007555
578660209 936299727
22659105 810908963
317428184 543140635
907254750 940816381
318023402 918049736
473611124 895883960
146307910 698162284
744771062 800580438
332989036 884093848
564287136 963877093
245236959 419859555
863688312 966707171
632424259 856358625
98786202 394832186
268455107 269832708
123887425 661445930
423770424 515041840
499638101 911101737
217759571 837007468
414501236 688225770
392704712 749460565
345123701 848213824
436601785 549195973
414177586 862408085
231131789 979646350
183208431 388449125
239821775 872755206
223779700 241243824
642179024 786901034
169683991 328398481
213686870 536147140
294403884 523008096
706431645 957466879
341793225 903577080
114997669 747177352
401231617 819031811
285744958 963277479
6295665 957869868
57821234 667203354
208147720 737620620
251044278 627762622
253986063 862779296
249368273 425597688
882270053 890534420
266973633 650106119
112953458 941556848
54621026 572962047
673819404 792408278
22114123 778881461
221481554 583081918
159910687 450564951
682155518 714169583
103358542 235991972
485659928 720999323
279457674 333377986
286279665 761568302
466496821 470475808
181728409 833002354
621877950 688592636
711194246 805979411
192469509 235629062
429443885 632639750
467913558 573606075
325982576 387363301
372206802 589867461
304307628 880434476
221130688 432532547
223436978 830588595
275651934 276524684
167126645 651646093
60761201 356246151
527874322 809896478
354274571 832610920
181855769 550969725
268441488 666865643
519612395 759358785
92304124 972658099
279725640 798514791
291951420 531697307
139036610 643281045
87319790 930180835
141265071 886532168
459588096 528927104
377628389 669854910
404653759 409020550
450544761 540892823
672567974 866397693
281948962 458684807
242237275 947172114
598168997 771926633
396745516 437222552
340955290 734330300
259230970 326112374
298622209 976956198
56138423 843904285
579144889 659532051
623578927 836003924
325778666 568339675
132326113 453656406
624973932 954927541
29767926 279420642
37914319 292294517
217592607 494404340
24495637 670751896
298207956 630486016
155037699 774664706
272109769 458508234
232653327 325390362
552872044 804361953
648406936 660389908
115833255 984117314
276398775 786693413
500135639 813399107
20209579 601730683
407005608 503827394
148619006 584418345
46668740 728410081
776850780 894894532
508227485 957330241
213687330 591545752
205218492 976085715
587772188 811731700
812179310 982595507
857555438 927206713
155378822 567948617
25212044 372566347
518792764 916304976
53948559 498092837
670383128 888871261
50312310 818283175
881974904 905818888
510315006 658540434
695430589 903217072
195339081 429276462
595392969 630356717
358031126 502012297
360392805 874443853
252154853 952411229
584121265 973938224
191258978 301390095
110792958 857485360
8363703 105591387
586079458 825138397
2404155 616758502
125888593 538835970
639257807 766569576
261554683 534050908
565524462 983813761
226228378 418169543
323016827 436436631
791370984 931985720
446818944 972477099
115792177 787567356
242750899 687580848
533805921 591020174
476060030 850758177
62417310 529237764
161300434 300219068
113255421 179396910
420460216 826930609
316033824 356663572
371947852 648009285
212229547 261020223
151390735 233988790
542423165 838094185
841567444 941292725
442925402 967909299
386302639 510252277
133278220 344728439
503020832 992310377
70922476 368662572
424992133 884824362
238336665 616681754
187145657 291855324
722651426 884119583
236194774 933104680
734245766 946859002
495836653 685359749
704271445 895051821
1849875 886312008
154926604 204080502
189422346 379858599
346306109 791565044
285081071 513614675
438347807 778946071
57254481 418618178
13813927 593859618
165724632 532406233
423793135 998989679
584010887 803156862
193530792 701328706
686339084 945780881
881643654 931583077
365624739 412115709
158922494 541695210
200178381 768491679
290363470 972544260
105398714 644643333
312372688 482344585
528113071 683556787
430991392 752242073
274509508 600536024
338129688 481898619
134600247 788939455
395139404 633030914
179693789 712164196
94499957 813338074
495402409 580243989
404040246 837085135
54427107 64059020
404142539 506369730
329922340 359395719
452799619 916536359
594216381 602992784
435886851 647989382
553491775 992456819
17239063 354663944
35985655 152168934
419734453 948006140
647285679 969244711
173947143 683133450
193908435 959373779
82325606 857759815
443803716 594457967
844033458 956110371
84534267 281090992
34973925 457867263
72840240 571882973
99695186 370674532
511867056 535593940
4837678 627197138
106225750 592678031
98581992 548548757
160973269 396933593
804595232 812835858
606220425 654614165
599704483 789389314
111404798 410007746
801421645 919006645
95472312 211304440
329406501 483980747
201433952 880125000
92467827 923134156
346273170 737184713
114402903 764719106
165736277 798484945
384757139 966922849
42554623 232786231
179996059 592196473
96870214 630659103
229660666 567379448
178487278 575798415
340650525 461750195
56475902 192308899
116399211 861478958
78711755 159514160
157755523 395360215
916478762 921222808
404529372 610540170
279443344 627140110
38531005 976881326
483949721 814358241
369288586 649253158
381320858 652218874
76188702 765767793
131574933 279031522
8225709 784789698
260201598 842437044
622624283 732315725
638400002 898123250
176177329 291285517
349364343 739885363
570020309 627611949
104836384 833305159
898867894 997082098
51371112 420791355
288255570 839174958
94534814 464732255
396658620 972267596
71963370 185935160
229595915 868536972
447703085 658177401
191272151 296578527
278420645 523194011
280470722 888031850
263881740 628936905
599618294 624365575
608581873 943567583
124691449 306320303
488427265 760042922
270349921 636617793
19483938 183398012
493577386 527670983
645994599 904048533
330360206 547120262
165717507 825510318
545074960 972415225
314988306 691626804
140335274 997397488
741582233 778640774
42396777 922051012
683718511 960960710
260669609 714891472
215481697 257451308
699520098 710527800
574757041 914893775
418372802 967786091
416012959 841044667
572293108 914296631
413035663 990889788
149298467 683203289
425656354 872186734
174978666 730099029
67322031 695497099
285415947 394326768
219074854 351921677
181752889 239423490
619271031 861610121
460270193 752475049
380736659 912206076
680650874 779796559
489918526 501111369
96496009 324555829
81678179 320257331
35947656 641243012
367053399 480497187
701135967 987573765
674339082 761680718
670995968 832390867
254820124 643749752
256192239 815608150
156501518 707772772
313308547 751852676
103037767 411140660
216266948 270233106
140114376 879929646
261362353 687036502
341860575 600940154
506163394 778668952
17072350 362932584
250892859 431156487
351185312 833728543
416518656 907810209
561205626 953295503
212125509 515124037
133616668 227713738
459910519 536931389
237455688 804589751
213524057 245844761
59038984 685071680
118625947 284795691
148304436 578499419
92995481 220483428
363471663 400058312
251920587 671373513
382013638 432343372
887298999 938898416
102496312 698803848
495367731 504731677
461335667 878329679
218147312 440970015
565292476 691657847
62075682 538601907
109685564 978527783
684476664 777148360
204048790 221278153
792686898 853589371
488542647 755505299
735412957 760279028
119634595 824611847
535481524 929606999
113198063 494880112
138861241 931116946
129556499 611571700
18050172 354624199
292886709 599270867
382158268 800540602
745113742 885566715
166026371 610228232
678914013 968023923
29820544 184088307
731670366 749719128
112761292 824268025
242182921 646699345
95085848 782738811
292961624 476658206
48579640 698166466
702428385 749721092
311622299 328351086
920941094 968501209
156780404 450508025
788975332 992150678
325368645 927488084
544542642 929084311
184144321 672774626
167709713 199720045
566350012 644533148
155756631 917859383
23637590 288049376
272857308 352364575
239327092 925715769
405344164 722541125
152622434 675633166
471456579 658775954
351005796 862855245
165534704 179756112
339070093 618637708
67964342 549497313
286405483 718854400
104057999 194018044
167559325 674187847
52245856 972066008
175226514 722065759
471194884 900450018
346849729 752484519
783147811 897405226
142140518 842385193
125005755 310042527
184868113 761839341
335989476 560173392
525562074 985312763
548862679 640734508
22669672 703848343
453218772 540402233
168520670 310372847
401166828 919278720
362192461 596699840
775538217 814884760
55997054 960156502
377702472 832814814
236857063 998013574
645128638 842168297
645514518 715217958
111709363 883979028
612501702 879793931
358915157 843854758
192724103 205354359
323941829 866808460
69492465 449817241
643874263 727724200
869373880 899609645
386040902 931675241
417083449 644394601
310127749 716839428
410270470 989764204
95377881 962883950
890479187 978772339
552985401 939157725
285698684 639200300
258350978 643284288
193570139 573378680
311681923 662267642
271497278 333266893
62330389 77643474
27536638 75355399
166931905 716287027
389522818 602020479
290379719 667323856
595644541 749795127
508500143 872006103
454229387 995111531
451061896 452458043
820303902 957235890
135200201 229587326
65179732 557338164
54289453 226471405
488667534 556388425
150831048 593705999
220699599 416170531
31694735 840288654
477192749 929411960
9707262 244763861
90022541 116859495
485922871 635276417
547722120 892337600
179372305 205388678
843427615 972607682
265477604 417639186
428565357 891610806
226749678 312022935
78394392 82098156
467949631 786522542
5656587 278616432
23690223 438190888
176480135 817271643
471858288 650869738
749286265 793554088
795445311 909004375
329287769 811965770
871698818 939189885
468075382 546561988
558511286 784403718
33824794 399690578
465417946 979190888
726395870 813674343
858599327 877889345
15826575 493364473
316829923 473392857
583676235 882642369
205034284 890514760
122627374 642912847
46926797 499851110
811295657 916769695
369450731 527465941
433726174 587225084
396556143 855745800
508897265 569270265
249677760 910258025
461254078 903604222
565214014 930842491
214976517 884015577
965552100 990336874
199446580 260379202
249216847 951813782
350109243 795621813
524260825 737372633
252279517 351983045
44429102 747413135
477521083 482216306
138678943 620187581
191220560 968873711
332982089 790243735
282964548 545723984
216878587 718351466
297279378 346757919
186761803 487830403
570791180 888836224
124588573 715724022
11494958 397357369
677313117 720439797
701860710 966412165
223420123 497258043
40768513 151772961
27804182 858187507
641046299 881887433
422988815 837584769
485552786 683199169
114044283 540213700
572173423 593545063
141861411 990745600
85651419 687902396
404932917 437051340
13195917 740757047
38118508 181582633
277362716 866390582
334347484 976412293
13998789 741667312
257092473 732345775
515817489 758667587
126097149 166022539
113468867 626664949
36410268 541667160
143084610 892248281
225471107 949891631
348178874 518457108
531565964 767678069
681833514 834817094
615377504 930035022
526346062 762835332
563103977 603504725
741197939 932673067
342721250 373391589
304958551 332281168
78539966 330872907
11278009 130245851
452692353 488706929
17911954 27550813
485081255 817609091
519843484 991413014
673852367 714377849
253389030 524998712
104371842 990260957
161497248 198262131
774892073 998220287
97610588 878201871
24653861 875445188
186072718 381116539
340587186 895823297
122607251 998038833
574097158 780889164
362336014 849028779
217626544 332755954
818818905 932190418
134778506 583612825
706227752 814187331
144418942 515818970
271010537 667361259
421125266 620666365
926670462 967152809
32837895 380971948
381960015 527076860
36596636 76905659
81045770 708172498
196079658 446792793
477903066 741950729
775560864 994975383
370509097 884203899
641988415 718493988
305602318 986412570
193764319 820010805
597626596 900081581
353703450 630921269
753378373 874166833
674681714 831266476
314610641 779512571
77584539 984037058
503128620 652465072
198690376 601635723
372758434 452308305
229042173 479203409
101382166 836266300
502660214 967200704
658268204 775150870
191009441 365324531
342003246 772927642
556178582 930487572
479602295 669164798
83947645 397310638
232274457 707219716
197796499 858945956
333219216 928927673
497332620 576758206
444480737 719874834
285753438 605612192
36993688 838093117
525754886 667734498
304458441 842256521
299819933 975513694
703323845 981253793
25216878 230074023
219646525 998329358
774819421 937747466
128029075 581740560
223640750 382506833
14645556 85683035
22287405 716834361
298946479 652923626
573695981 822161247
121549152 190316607
406407012 612745122
256559796 988628996
856743886 936672195
27557977 534848502
371478939 428609021
897801661 932453895
152694663 544771473
42220858 587191266
100181751 540029962
65026965 375344920
480329323 730617643
91349709 793120369
898297000 972317660
600689114 763217044
174482695 341850687
555728215 776484351
159183905 659699560
347941328 872768983
467748859 696752992
269419241 285438801
540079118 663187726
618823715 710568285
155392726 504099312
66116286 864542270
142309686 791868106
289189651 813743412
609874128 907058178
907855931 916288674
308616470 994946182
8036865 309738167
152794033 835962702
17334433 945794345
102747556 375965153
376885377 557499647
18681372 180888402
198512504 494165197
267822297 846690800
670900746 740330378
161843185 818563779
417106026 759197626
587024703 781898321
533862855 591017864
572655338 642548649
480436294 948719329
100836911 397032275
669720566 736976180
317129256 756906775
98652961 786004655
247851669 820415353
177985986 700093177
274267400 851816123
529505884 587850329
29835464 872403380
279280067 921677187
343623306 374999452
115625085 512054778
385172869 713090615
537327363 924251619
780690727 984439011
638171688 706944662
384956329 845038456
288917171 420296278
189298840 433352035
245588692 884216472
70557768 347731144
481056865 696132726
27073679 916565430
306582666 777015646
356117878 961088620
855069659 975128563
93572916 588588670
443379034 533100020
823945880 910765841
207313843 328977571
771732826 949120356
485807402 848956422
22688266 681286593
11965398 498471817
608692596 918544293
650369319 687159332
677875713 950859445
97696577 257743167
501547544 840048752
263297359 761428436
89230123 600441900
156357766 224251387
687983377 797691184
125922564 292504789
467968220 978691871
831010886 863634675
708178708 801049704
25809648 63791451
233429040 967430144
413804110 484209940
330140752 777949759
930500056 981064161
271293307 565207144
120728918 872293346
491762362 546188660
12961765 950417991
95158699 721423113
535683731 781355813
491034935 670992133
78002726 409877731
84526147 805723211
607208152 934682367
152710975 926265882
175826116 575250264
280285601 943729827
125076455 433335689
33346158 448903116
727075609 881195956
116426770 348654659
20091109 83203686
355511189 848385994
110959428 187554023
430076288 802403599
254813291 427151727
270375257 946944079
932625469 952161703
265897428 892119199
818271661 868093471
303486150 584299999
662981740 765703892
146144043 892429588
389099949 406773551
201604386 406305619
115298231 430211552
55512608 492940412
347160720 892026631
238598994 941424225
294891426 484996947
427217797 889634578
332295020 733643406
354736904 870253839
336855365 919627848
423622986 864310571
610894997 774883846
386809428 797761104
140641540 384428299
163276790 890344943
406006261 416509185
409282270 640183955
241048214 715897780
678149654 897588636
237458636 766767135
36575573 593778977
316328976 928830462
189728932 280473730
118896526 948921612
555477223 862838465
312360179 561330756
364995440 456639553
833648221 890318978
51668358 946727128
675911179 862907105
544726973 736365100
175293354 802548582
354103425 870154203
69043928 863962450
438306113 947038995
469347346 808227537
364648891 885291933
144848522 671839183
502646412 634009332
492321536 739752797
348201529 699164793
778996198 888355260
1457 868672783
851882688 970095518
314290133 919522770
126494776 474055164
115085386 492668493
180567736 432133962
720520318 761063403
168794805 951253807
535900489 621688393
129061532 738601237
611549423 940049432
241652424 661753084
432418905 589388332
131399510 678250402
412837187 672858234
168028570 170862754
426229258 897531860
247925422 828704019
331403548 675989709
198543562 729691627
665908413 920471611
81500500 490854103
798668494 953224940
515532504 799414659
495557827 909816223
499493003 875368774
911183459 917434494
106845595 658164212
237436862 871198832
29665317 321073012
120565514 994331762
233373622 996068378
633436623 916892184
87293933 185806828
360274977 384696536
842166886 919771568
15252730 561091613
254363125 679802834
591906335 616134727
172836 383443689
653418967 896091671
593081844 968409633
793305384 926197507
307670230 552104622
79734476 716369654
551340789 680778019
110329192 268280514
818923494 877561295
359343456 381512869
74417621 920993307
96600086 840047945
282707165 389833961
360673836 432142074
247861819 701404015
151093520 185089459
275503746 425029723
98273324 427313972
545521772 574844595
30118958 329965548
291586062 718537161
113465393 468852781
7477742 613363297
148266442 822366960
722501729 741770435
122723778 592841146
377429759 784575906
646607954 871317091
93940192 549400463
317844763 689110266
214415523 447339116
116763119 253923242
194357667 891534899
540959269 602532684
158241716 595568448
82626618 877834195
186411104 189719571
223664645 484353434
168972774 889403236
239372283 790311329
473101378 742745452
104832585 687546454
483319908 736536464
329758304 691645729
536740839 642458943
167533059 418349912
94327709 343269959
147975987 518735870
513844601 758043109
111253806 702792679
414027644 781169731
181129533 561456479
157847284 868302395
425314316 652049314
98369255 372275629
283799658 324471479
236169687 959152993
383829777 979722266
198515773 298244210
67075735 837871579
185446546 786944458
358519528 689651231
37697292 315457015
327140119 349165734
111126365 864842881
150212734 682329522
282859615 891664392
362673109 709944010
274427490 419282025
699429059 728774596
859661041 949021484
283519913 286444807
749256841 832156017
127048723 768609943
122260096 526497558
75089244 420813950
13202668 900096553
278079302 945080606
664435556 974231384
534946833 833822117
873240603 943415116
79719512 364153516
784550896 978015576
97567877 981544415
320360570 457180658
102793305 667702885
174249058 605161839
249143165 461009850
550570371 966455687
414456620 735392229
349048270 981866872
708838446 814258203
758691554 913380067
35314220 102578906
532583302 793228958
210796332 251453922
111095228 432971105
556334442 710112907
681273504 964667072
158566787 613901162
370503619 759106907
713511868 967966199
121419148 872098595
682307292 836976554
198179341 514060607
177723599 432483629
746732299 780012059
374047149 441446610
599865418 673108721
9907237 186937109
546828623 750948200
130680515 479405206
85557241 476552753
416738601 603479499
233210436 429507906
381317103 997756312
586620430 606172552
775238990 860209767
701001950
314297651
346398636
768009364
656120081
350968862
366992982
158012063
639666511
907965741
323847304
759129369
244365414
941605414
995307929
646655875
806810174
329496038
397261695
462374068
793249059
272594906
846967567
320398138
883471545
5195425
823292611
471461387
975929233
669360364
408577123
954633926
636034647
159748196
450475540
46574504
674373223
862735903
156172554
927791350
467651617
556746028
470564490
372599560
901159489
683457055
510285372
322260757
947544774
903648344
197833081
350488484
820171787
283110025
196985824
590522781
783974941
196109224
939392580
52662008
669567962
320694132
54763218
108425110
296691019
101211974
445982219
533967829
174316214
384460254
73957350
902413278
164294252
753518838
252902164
295137161
651348786
190440341
910837839
897734295
760322736
576114593
77660505
796051411
272778709
407442555
984756343
205116344
905412590
708455431
463810996
817778162
483338782
475062159
526739855
441922246
120027797
668648088
854845310
465743616
293904003
22414089
526543600
618830245
438124877
361471544
438313307
830218394
182963893
220877975
999381456
682291111
599004091
568050060
372402071
61226382
999670216
699700118
359540927
45222513
306696738
428859980
361800176
497023137
622721171
354085073
566675573
124264236
542877173
742429449
842710221
775452538
190172254
536761347
548325482
421393881
228990623
170114869
269256057
237903823
797644688
802315909
532275102
352439496
211214215
578017580
73125935
430119816
889096472
466457657
941746349
93923951
705605580
138108242
506531504
921410907
552789843
826030787
45442012
187832515
888407571
980232569
614603376
43174159
367007908
546512640
988042355
233407770
635709165
200773422
870089157
11812555
667833744
920022998
281987215
535653198
812174390
576795852
618316337
108460048
65291147
632304460
314477976
147035443
538029065
791639299
276576029
693868939
571481693
274003207
972343897
912664611
943179717
328877416
221336085
854642497
444642935
427995673
81381946
490123799
239344735
586429280
677691351
195146265
132278357
132083810
225102223
141378039
660574990
613232908
609345043
163553103
740703365
705578691
862570369
742478553
249608721
449159623
273991130
315996685
348559312
430152716
610824274
934317852
589713237
346458685
103467613
189212558
785717954
646083544
927367090
511990609
37917410
598777531
218585519
705024186
335534189
745475477
913427743
942340488
368712294
15939578
118014449
497317376
456906440
477490741
413754720
587647372
448113044
832944285
222473611
657682684
336539621
695388329
444633377
904065232
587984292
374097361
188557934
160393943
520513072
240542827
883554829
636566562
846412925
467206808
178396105
3601245
380660478
772861655
814994236
55350985
868515951
768211794
338488324
861782685
606662214
58507331
978354681
972017753
403957279
85297187
768630191
644471938
357429264
878421701
91037632
500788647
427821964
596489752
95137154
512112927
712495083
700920228
710229860
549123199
35581885
288655488
336942861
478130955
758137600
839448523
383026912
754244831
68226569
420601169
339029298
857071739
160433868
457078149
226597274
158874037
198179831
455019083
458070355
579509152
831908266
600389095
942371719
28702756
861715336
996976752
296630824
404616152
807559457
315494179
984710209
113980930
345598383
401211746
602303057
748022644
366393776
978565425
843789524
673372154
169718024
718729446
402535429
827931205
100997707
114096710
163671038
709086236
396716189
804765116
758919361
822240712
309401640
402776880
81937442
752730776
216389833
252920625
621915713
378768012
361340722
882047140
235070573
603393492
660161917
542299022
852179981
111518976
97136994
473155471
341801473
648677927
545860910
201924966
201755326
182866995
348002413
102796962
68570098
845489337
928968353
853932709
910614090
747415106
643290659
269126149
420532395
100077295
732101365
133966798
253104848
149075396
767005769
531093173
333765224
661338483
932741122
609206115
741156472
109602130
46076813
754519689
556200931
327023874
320781915
211841409
765213075
115236330
727867722
140111772
912016781
365650030
193923888
131181619
245580417
190373353
839841859
589739920
833341182
925660468
82079899
721171066
856908000
925646481
776749824
839573290
336162707
868271503
577754968
460666327
302321351
452918278
393616608
308825152
67224082
254889354
290547152
268685381
461437448
830147055
210127056
436037601
142000246
576521259
675335921
70572208
210248249
791809446
682868239
451747036
60532356
453160036
294378703
993256722
428465310
799806175
622430195
880555185
879657390
36803781
641880752
412976926
282858811
104144555
467083229
502464114
843684926
269410432
295580935
988073605
86723046
774138917
34590423
66868601
176874656
469293374
640510812
174494830
946840380
528432890
509618669
929447661
262760122
356788117
496448622
779332754
292973606
425595347
856360540
260030091
236819382
986934748
994739191
620820160
755064683
857800809
516774819
129832923
293643016
641213930
339199179
203548938
867760686
884862829
835783732
535913408
909507255
733657264
520200364
12353986
646950247
17386850
514083320
259893744
563704780
831455563
129557104
802566918
750163947
735890034
630212346
615024607
857274680
377346567
616165946
327039687
262880835
551984322
460103276
127767936
821936085
909750563
894107153
897621992
967173807
602369665
132551177
708165902
95183725
163106735
596279290
4806619
327287655
370745087
559213214
556835317
253161048
179332429
244078169
421403429
778598209
143189245
578421040
937009935
837215811
203380637
481894302
632908551
672871353
57040223
54624168
709530660
783655319
722533724
912622979
351425260
92000598
791644494
799490104
776920662
245864162
910415643
225528106
443537108
30471275
721883796
575182318
68634854
510556250
1924347
842544005
59972766
45616570
935475004
622556239
564069628
825468158
753212285
950657765
939421667
60435980
462150594
863969200
496585062
271778999
924815154
14850002
300932445
385571209
115600384
130936301
194958828
530164198
552098953
313291340
741574736
547357309
801895349
16621010
842971115
664401854
785442810
996172482
411403122
650358115
278753003
743913541
747724304
47584584
414576797
602785518
786456931
189247373
95372457
31000629
873305305
137711428
173145049
804157729
388147062
184883033
836900845
414091245
306754824
728264457
933649805
24510863
899024449
820863451
633141853
298384822
599032542
879389432
351729583
159855199
184026050
364106700
58860285
524800518
419610422
155830345
606005148
931839687
405243906
812575266
629842169
461872231
760325730
497379203
949948592
592677033
138927564
148355057
923364613
201946348
313561861
180976629
337367511
104045593
279303717
320538568
556683809
580044585
878433206
509197301
31331908
145301919
896425197
269917315
599998483
574925314
824243747
411729710
316092749
486872162
866859601
818143157
527435696
928380660
284760603
669966690
794065385
633138324
60568969
966367752
126507752
707555562
657576463
999168005
17220980
710453911
387565015
326905220
938676594
47438428
158218012
486118748
210248049
667930105
997330952
445502096
445388737
822224985
977747127
443683479
720427120
263115769
764667887
91601050
269219937
963477677
789860428
114712170
1050553
192807549
222063157
963944748
560882716
439778629
494070080
879255861
35612585
920754243
179387314
486764508
193139564
149293562
131413094
995597366
219857635
623505723
632363879
44018256
130327124
629788738
639762934
701018845
502875634
925394142
966335123
669451797
974432669
995321021
466932264
238396378
449892345
540578923
429115605
318023481
477921418
806338916
263498595
945611803
608083492
391356899
329296169
944085936
471626852
731184022
205756351
412831861
76306570
553205852
481354820
160323520
930218344
880634701
59821494
451119603
959735412
911320259
621254350
879718571
776492213
79033568
72814009
591172659
940209360
898372019
834583264
168215230
346046599
965562389
115415152
859811111
647763023
420458797
602564155
867351135
245431631
523800403
143496203
684666562
962729831
303488333
584957871
422303000
941079565
376460476
539593238
557704220
857102284
964843876
740226971
225087696
835563247
886283898
352234743
378678845
641682862
610714885
395383563
996061666
68033097
900586588
947753357
826722928
638883040
83373155
896274047
245498107
16817909
210101054
123537999
635805291
924148579
221029544
876530067
435873450
242031260
930099178
502044963
908791737
751076784
817654901
969864026
259676286
406141192
617229929
340966305
975553486
194175221
899367356
951345188
580582318
369145641
811842547
375862478
239742564
965272520
966845591
604328467
909526997
480164865
451214041
187367002
912481703
66127430
514466739
663227939
340207457
567079763
199477070
43399279
398401223
219966779
663913559
867042933
172381089
286174489
757876093
689253982
274611585
879400081
113692787
84714185
435181999
935221702
762257751
145831521
51491785
170338886
524228782
539827713
811663806
777681517
304083914
154988323
521396355
282896873
533347535
711511881
278168046
130655879
900932602
777033369
981727236
40049173
461555791
941902291
614396385
936333594
526724011
722717466
684131619
241420309
89236340
591244928
2730786
730560308
920847091
540769067
491975530
255697469
495501880
300203397
52334489
915391489
105333756
311770889
22675344
394743097
90105567
751123011
815086082
926718525
445579958
423387587
784822732
421851591
116152953
688006708
353030032
867120088
128525843
886886941
100886746
493691087
59582527
733492771
599613084
406091518
884713022
474889986
573164873
46339022
831924458
612011094
431124938
350943956
79947566
504690018
245139815
681836483
141212597
352603245
951409657
101846809
1253432
212094248
361139899
131332058
816276825
740178162
800572330
842117274
523090537
222617947
40953250
209448016
475028167
798141180
572399246
971423947
883824948
748189779
59784461
680815341
952240186
514563819
781250020
775039577
189023646
881865343
402617411
820181237
622342936
856466086
807912660
108312225
42420915
827031025
225158240
547046
