1 100 341021482
904756827 431971063
127290766
20498985
89164345
976172142
974446804
313568312
608128297
868598049
927834268
940422213
158863985
652973503
391426187
480588350
801209511
562165287
945865872
487440942
954665824
151481691
77684610
542757331
668776325
730991979
723014741
51737210
43856566
840522096
42228182
994123220
848629634
866930411
585481426
434932346
596399813
455157395
294321270
39810972
929338968
145272838
642854417
735184502
130594938
129666541
286988468
592421428
975758488
162757476
163508456
610737648
820622272
423728872
178118251
330996855
861947135
144296562
557170767
434137309
437620839
523573867
891689162
449223016
525494029
633479794
893211075
971307707
597386195
185470995
439099751
225445530
786930132
938274323
363529881
866192191
803048453
946282889
96066242
20648453
930632991
504445135
362458674
582531241
802182066
583349358
735167432
352969314
900754992
512120338
809856766
751977244
524341157
311619474
949759804
95235709
543164978
866577817
9563884
666650671
545558268
40207011
