1000 1000 393467493
908705875 975609630
3679306 403824070
173881057 299465469
19769150 522143031
683511155 861752018
795087558 925662778
550594687 916492913
32403991 482273370
52415891 940630192
171384395 880773063
701493006 758460100
249253721 644579096
7057691 280361269
228795880 305213455
89302563 394955264
617636661 985297964
772368072 893763391
414738220 805385594
551309405 713735292
217365906 511436526
697898255 961321267
11546143 190996241
343644246 619979918
81370257 265857098
588056692 758609416
652243064 926850947
819193564 957763575
401210397 593106397
307024463 397261650
13400561 645209336
396725777 459408567
341016004 427219447
623053056 849791262
356113265 781186603
229600779 990109438
238823110 538999126
360470613 918419666
402839509 487286085
661455505 682252847
754056020 919040867
292521090 620005824
521984148 681526893
223498818 292680936
643684467 827534473
492740542 910407214
197749705 497873954
82064495 132704452
184971786 853109653
463541610 671276176
778083197 927877634
56739541 675341460
439163675 915398384
450870987 498557171
113581051 498983559
115917714 365524438
709128195 792420007
11647853 572050914
606945090 878518245
236256380 350986347
399186102 948755608
65830910 230197910
608351018 975297544
379249519 971480449
504469384 820442149
247771801 640953813
212595239 627536881
146778310 306582211
616061478 666954960
888317941 902079110
125410827 140710971
637280218 862283417
130202263 585752025
601059430 879227177
174568379 250713427
363482160 779113325
452512679 460520114
359539288 926492112
626363049 933262010
105513657 292801961
164606327 213991364
13105975 537375412
632605771 972928245
78451085 954961205
496352709 925247229
303905911 611149024
229630529 802257444
378736509 549806565
310915679 815698656
801469822 849365262
340051879 719168204
708287371 737949952
148810383 181220263
19161968 504613192
276100893 933908068
479253167 963846683
826557892 953593602
357008103 654559966
467074608 949544049
451475335 632588629
71889672 249093405
262730677 575961380
754139794 957781565
19180607 609150104
191815431 589921749
157025997 375360191
205912050 726926952
193643103 513049334
191841793 859513199
37135929 489303941
510547716 790173153
147636613 381579965
727699934 878862445
924153452 936466963
327155531 501308367
119974659 322131494
519319044 922385854
119494452 861740625
660186056 956996389
344444401 422190540
286437461 548795263
589922569 700796586
221469917 703717103
160999479 240125177
741060012 839289689
392709334 870417092
187501446 738563448
462609159 470244265
120336828 567528111
37714182 399996357
85001434 367633090
479506314 529353323
501019687 533105923
258192281 645209823
213521782 774874264
50451492 782698403
498575078 812611628
6882671 99109820
558239161 687541519
348408448 631646766
449040800 838664662
120983236 130960573
68101989 98963753
156704275 418623819
648893639 824727844
116736720 453272217
936290773 951768567
165247030 333317870
385816087 795477465
65520409 884421099
613674139 615355748
84617097 738402843
465157639 859778730
560145008 819806746
139803375 943852517
671046026 955162977
634125734 976026757
31986238 265117942
847041555 885188404
337699115 349551062
372964181 900691266
716554339 757984304
151144464 217718578
209805829 985630438
601306987 751711413
204976644 976505610
242859633 540534067
400133989 619752591
482320983 932520010
719931641 836327081
183625417 750128159
669594744 831369238
160282303 715818575
240384940 458386646
25750886 551702786
121804267 622599775
442517593 504509776
263378701 987214560
510604953 698898904
205841450 317285485
31495619 475878151
61996747 643580937
184833637 737457470
506099692 846566139
174483789 210961127
663420715 830555170
158520781 989244131
242347455 659988662
361639648 805578587
669842197 774897400
54246079 140563196
511005362 907877320
293352656 457690783
653245566 946441016
31521475 697556507
95576380 668011764
267547776 933762319
176519638 841714179
5184187 586653350
107736446 713944894
54994391 494384316
301207050 980856893
280047409 547915319
586055944 892002171
360817999 516176962
323827946 978116220
68260453 841089192
307816687 876968144
669799964 847859013
28558992 357753538
414460428 985457675
278925192 911255368
530817747 737120219
42867962 188400269
153919785 435595527
760037270 852590785
116230964 462086696
68290744 477569969
677274267 911661441
548657406 590681017
946518083 959138716
594560340 699990302
592907801 996570174
687548230 812855071
148094658 945931696
64323828 745431166
58818720 983810087
94265537 619841455
364862672 542581711
67780664 960696641
656214964 688328593
185763288 758730174
296854666 711334679
529689497 710628038
459969402 484348160
146510838 642160273
775333302 783929957
356900446 934889882
858839027 926885810
295146670 960275907
201646384 835322747
325281608 748557573
76109923 799106509
167706774 823213691
147628245 189129446
11778783 759146999
451980077 739614993
69004465 619960470
792658175 893775648
139957980 318377469
164295183 467510667
622355025 814604371
264375299 982926440
398144451 697781753
115290227 885608385
839987028 900026379
694005025 914228720
448152351 920914585
145410186 757152947
632217789 852234302
515683909 795420547
314196372 735916142
641622585 928816322
654138001 842993235
20547749 580511373
316440268 883249952
699239034 962052064
368653050 635052646
769216073 940415602
223090632 561071520
339083782 592106309
427885425 553132865
34210029 145170026
249098677 768987840
629698689 798785340
361129224 963258058
349667146 834088612
237624635 760843304
337967342 775105247
294206853 606633979
69612979 351321060
533675049 911754187
671953579 735586798
290117189 719220454
529644114 770952237
198358587 305220204
176472781 899101061
552218338 859278254
399693467 470089767
150765393 925806866
255442227 374868424
319496332 455788483
131723127 327117014
216011054 694237670
911577030 941004014
279517786 956786657
698655131 978811397
885342413 936820386
103635836 588165418
558988357 625907237
148231909 230285207
13054111 746266937
474568635 540726601
303860551 648731482
334659383 811460030
326579397 334351143
627268376 990532284
255751208 383321358
205905795 797116669
741435061 806097169
37313918 401306157
536176374 725195513
55155458 186106862
135610174 336331689
534747972 961387270
285627611 581873257
76015250 186189585
262347211 819990283
103168829 896156906
113775328 411315058
46377364 976938318
30989968 149530215
311638406 592675732
303590611 794837640
47350184 618842469
207980437 769651167
381465013 668648618
213257014 409681645
181913544 846726151
276571339 699758613
505004061 774405612
102839698 837147995
490725630 628435858
567205677 588988118
36102722 100062523
341896678 980553789
227566116 743783266
468264106 951905156
181206415 906202021
58113736 378362007
123986178 571137238
134471478 741424288
395753678 735993297
507920174 601178847
645718614 833969860
444883400 769941989
49952564 207646616
87051826 313598579
724349237 758989814
183198754 766788955
345024862 934913188
199378470 803212927
200378218 706674585
525588640 673751570
151309003 911937184
634531328 934847699
389158655 632765805
174565238 638449769
93538120 557802493
91583183 530832588
196301728 683062120
707541567 877435392
468726223 847318933
270685076 980756312
599815870 908894477
247707558 525496080
342699340 566891157
59365638 713101780
13252980 881928801
47481784 723318631
688912788 907678035
213435008 239640335
371186637 757065107
234275880 548209054
19250101 325013835
824017112 887407944
233884157 404157467
338036801 981342055
95625577 562312574
230817937 246553628
174793045 449778061
316816757 644899855
658486451 980491623
436084024 839524071
731606618 744894444
14477498 165276137
334819438 546643325
198722964 258947540
227771066 737788455
420486198 803553374
405585763 940269499
10865943 240923044
37810481 971446108
187272528 430640183
257055003 984682968
245946206 693336384
510298552 585468663
289131967 684367175
175007865 854755023
587286834 705167144
140855727 428528471
468264007 809863241
416924669 804132042
308936677 310059186
803122944 993632244
792433405 909601125
89015202 591916391
43569562 673848838
94648071 838449683
37175268 411389393
535678431 740512434
115940153 680873128
155454901 498123680
48520541 102660760
255766142 289774778
318730196 629563206
440778501 908613422
336330433 895703029
454089799 606628127
534774144 948606041
422249212 443257206
525719353 909469309
362311845 460315252
481379551 550038625
549250269 644775859
123593850 600266471
25617736 60237485
214564350 376854256
388619771 682854009
135257464 934427327
189598591 735129100
479258800 624066303
185004124 748106335
258467149 313014632
162424613 407882185
599355362 961464611
746830789 984094761
173627703 932715911
257971406 282982985
262342311 889683151
222132042 290920317
241415145 881161485
161966846 838849229
196731941 812486962
523139345 568009593
521686348 867829372
192697106 608623790
600927535 911730418
275966033 464549578
526555972 674146335
190930821 736563293
280422192 885707384
413386205 503906091
853520677 934928026
47362720 342670635
210927076 717768904
225855246 499840798
194344349 987198869
628436008 903571274
118332291 984522393
659028731 878898371
32364631 554106760
237025567 478250476
427461171 728841798
178223950 681575557
109959546 928534886
245602690 496966407
107974408 134666321
78504046 905360158
462738321 898292406
686531406 990648748
540010960 879001985
701527068 767895288
306909336 503903757
369487060 717286508
154605752 913171125
635555511 820363247
282681246 412703609
128541123 605718833
438899413 488929186
478659715 520886685
363368153 522697310
264966844 484492240
196085763 274099946
258460519 600531582
462323869 832643445
552789906 960152474
279583300 318221798
76349315 363609342
467055419 976676178
79624327 605060417
218148955 238020686
723407030 789386971
473701370 742025443
517069278 575307901
63031468 349399260
109573079 847935334
657075575 847529709
2143090 680998328
244054888 261853686
26408823 424945580
102637815 105264412
212249605 989203277
213025727 828650383
415128212 629519626
582945740 678100184
354728677 660923640
118708120 803244781
189373265 195267576
1634451 345605572
670521166 955089824
132781343 752362148
792282843 804972878
283504021 306995707
117333421 185403410
909400257 914077080
524204896 807471924
34359863 880093975
731274414 968251596
857326450 891699357
781166853 912497446
437509170 641253542
491118997 995990126
39502393 400434745
666441978 692737722
660176479 742233371
288119784 744378754
595541425 980857435
595811710 738572513
351007493 650099727
560757541 681448319
233589894 400600898
132972554 914613820
234858222 547800636
524388432 840648261
121600466 914626390
297052476 770425651
22136486 479389826
446970427 659797333
439001650 842513391
388496515 572401637
352196171 619403149
573254249 857021391
787258188 854613286
556379015 947278285
320226882 551574152
376069433 390764241
586243802 960737482
754354429 968567837
48557802 87026361
354831867 746004727
1673205 20392276
49404193 720103398
549289163 720545906
474870045 986861708
513542197 573260947
282856445 570803635
335163718 770348567
68895964 506284976
64888274 284659044
734736567 834739713
206727201 587565165
532929060 692630630
516416519 827380159
353936735 925419927
166775657 712807357
367571825 761227359
524894655 955245181
204811571 723379958
555631640 620752409
228765250 370717588
445008218 622090687
251612175 785636563
468822929 573238873
428903996 870241603
187903296 502772528
96795071 169914287
154413636 395985911
208113661 246962176
808383305 825345424
126818957 356499884
177468909 494006043
267099954 514115422
31515400 595265382
363447792 995796083
933479240 976181602
921642592 940331208
43499253 972507525
610037207 935341052
85845101 227486205
324613684 639472168
408282156 921597232
177713187 863431633
477856037 535770407
323826702 817748371
930876619 956212140
458971289 624154266
28208514 294997767
744583 852427133
196446323 459408702
107672670 799717654
535654910 983473800
147291259 223785676
278416140 813256571
446646605 716928169
376421374 729393027
38885355 892901995
839764700 943951675
200043040 530486616
928303338 947557125
127904042 276304808
509747869 918434235
319647437 930020338
95851411 298675224
575862727 703164429
647660641 766526107
757352051 888037222
273649784 398228130
213932082 635109576
342030660 636401894
387100219 434700397
460168506 901560935
547378777 784926699
782469880 890284630
697800442 740517674
326893158 329126834
357164980 718400042
198477986 239732670
396068803 468462667
139865942 450040587
589424726 729859299
577099227 952375826
202294953 540356378
159800278 934806169
582184485 963513652
284347398 582878575
313649350 761399619
353074753 514054102
800354817 843160417
125838307 965233796
476195565 827727647
389364867 767361912
67062870 205391317
60278107 651251128
435873473 963401758
413720588 420495326
45930804 578310884
445157878 585331669
567925093 696487929
473303112 803356414
205964891 215952805
231636036 366191288
40258166 749850555
10294301 129761588
349769527 775464472
84272154 188974117
155843698 188133377
10110037 446503915
274814158 689389135
132262317 263294700
235186494 867670038
117600296 148295663
766545359 823781681
79354225 964960950
62553874 246794463
16802682 709275230
326639007 770426219
160500592 473744540
607838792 825010538
434276945 459710926
162374111 735605406
241113047 886775027
255569939 933043093
274732753 291394564
377400056 561970508
127673624 582330821
52780105 951482899
286141095 936466516
605178110 665853058
689320589 958130658
317050710 317828447
247263592 867761617
101492569 625720311
416194818 492832635
510218786 829682753
50130392 442690015
370435082 386952239
617877144 716151356
173677063 902877011
67641721 95825510
721854257 919138967
235303657 321016386
20346239 249456894
388305112 390864999
659560071 780933970
191551864 847090676
567191196 820566384
413279869 588927148
670217014 681065984
683540141 845851155
413562953 448470116
95626089 186062688
369425693 686959208
578350480 638844936
181045697 589296024
78751095 999536814
783339353 826952626
356344877 833043106
4409121 193222665
408187579 684144257
137585822 382572952
570371063 861162649
220488753 523922491
562299473 941064159
175495339 411329242
128932869 553393563
544430575 986212522
62609061 507765713
553618385 744584813
122774922 956100593
187026724 634492550
623398812 939180745
355695138 557730478
142022795 948978229
18169679 365255325
461789358 730193780
236619411 703289676
131878631 580779288
420834504 597914152
329931242 802700161
136762925 588501286
133000726 435281599
525640267 672013477
559881288 760443507
281477073 363128371
690327297 869152221
522544546 947370822
271465053 599401344
305576289 837371758
281717741 364833056
65246886 640833304
55193295 972118772
690704030 823793494
566647574 601626591
55032825 653833477
567569724 836158767
583166743 966469684
546097355 801010276
736931489 800706032
889152758 949005679
472057639 697768259
386675299 449075319
357784273 984918961
557553752 629546281
529417085 538127502
163462415 268002486
4859176 180570994
171280833 689930606
208136948 754310148
606363425 856293196
60199424 256211888
173979809 640413677
52226125 982220848
571058188 664200652
768546932 953589686
7119112 104775072
348916199 754832375
19722123 687065671
94229620 428579641
348441842 541881494
285039668 935839722
63300163 936340187
622968345 953340411
135411309 372226954
231707754 763506997
530944343 930535494
859071562 939868916
152273725 611378313
24229643 109282901
290243816 882640604
903969003 946068283
307027591 524982605
840489106 886448071
203789420 210184080
208412907 517010160
105952569 880165371
120810022 295199275
184534199 521572904
13430439 45018225
429508840 628497309
97002137 720777037
431025128 656736487
27124997 545792150
22562152 718081785
300120969 958638362
396292618 938317796
519077533 581347155
137549452 653515545
773960322 888585267
730609761 835889504
352787383 588848225
603070243 671280778
558926825 753423235
11376021 16722056
185154926 276976167
583715447 956203174
62475510 519172879
211583514 888186917
178028309 367646473
218074892 715124269
454256093 584613381
34783548 218423785
109114275 158478341
376946000 943555089
229555486 551418293
119915811 217917167
345988787 671095031
221721793 892763616
427809338 914955206
293301643 859151903
67642697 110787143
328165234 383595055
633312293 774131152
451944602 975319393
607140733 705768319
422764107 559181970
46566119 998048187
465857938 662589049
62728000 781073129
319811716 871802796
509853955 982188488
877993953 971347544
245004933 586896953
68549024 559206257
541153771 809286434
262989016 350397346
226930361 439309026
287239443 954105951
737512606 912528840
818324451 935006282
29053760 634417367
522036776 820863789
326113300 458935258
321249987 923784831
565638275 941043761
728207846 958271410
144502414 849297217
465445780 953676059
81583153 475555248
733528324 779176011
450772602 600036890
449611236 637081584
324217466 369295237
261089025 884616749
379639802 645815210
329584956 681118142
6035512 154131571
553257188 854005306
778523028 999315251
613396611 703539502
261726233 770115402
226698363 566339466
233348614 436417807
81750549 352392758
603194831 689410652
169031637 305094052
15950924 339587749
416697648 733132595
110997860 352185849
419901826 628302939
360785383 998392221
719515309 863584579
157776151 364645840
239792165 309835890
355751979 995474085
639287240 642855727
378045158 908167933
442302757 479267693
555180268 639174583
41361474 716033200
328089058 664175841
869848985 892693768
226191922 275729264
113417088 356656314
566790498 784798268
614448450 748332520
496618980 675101109
561838814 634251114
168586800 521004115
214297386 559154662
711038812 936061851
9129940 876258080
309222919 583848178
428158958 607080152
177035609 588056679
622420220 699942617
4658923 854137129
76261886 227668705
1772953 468990760
412717657 904348647
543294476 723254194
319938261 429981065
314794219 400060542
22682552 505126450
416295045 621990762
200617489 412863785
90417742 205894658
137143547 654572577
30168811 893178795
355051738 720786790
571026088 825781540
645898444 876582658
520216013 645884021
124391825 269054091
471020743 602988687
46743516 902495027
266933731 600261704
631790226 937116717
120539231 319518826
327351786 886676503
818065059 819215198
51999162 858186861
29725947 238776399
84299435 122525778
799211240 930527070
141145927 733105859
193911487 775602398
542588759 581667854
210243450 428818154
260604338 930618311
615003705 657065570
583171411 865761741
164488503 304179262
41751010 692403015
24388943 99400401
364730918 489573515
94744519 840969830
533750097 656122332
238733182 292042645
796110402 981066775
203124718 330013097
468601170 649577000
264165982 573396165
53517076 671752418
645275875 925771192
8890210 711951508
308175889 682010212
28313744 470704003
76072442 431482240
797532635 820176914
693123444 945120291
539894910 855474199
94245488 370764625
311432148 693657553
78235240 133420145
516377495 556401597
481973206 503152371
457137990 540749708
681685210 947872379
246588411 365327003
770154592 837532598
179109465 714371189
317152581 517267267
141017079 776996721
352515525 437226402
534542986 927675461
607110112 794359833
279630735 783901763
290334591 543115065
941677939 969258465
726709806 872797516
639667172 751079262
235123264 621260901
193893557 215851739
552552350 994685031
182472510 364108230
53321337 831314572
161223030 617491853
160633180 762440969
634812502 892055997
895613099 994531631
93893365 439585315
251692230 342673106
621504073 927202309
185546740 245236543
225864906 887168092
12442431 929146311
183969069 536860722
25318913 228692056
356926954 767934997
38928303 230966821
85759722 912099016
749831924 797692142
103994249 434300562
488707910 532894465
105517925 573169023
465666696 699477444
581940718 700801021
1876868 405269178
403218646 805705978
297392667 665591463
691209192
315439019
349255132
747031088
653825497
356206373
371021546
168295256
643321662
892931049
331850812
738705222
246085911
940348261
993759489
647847253
787653948
337496820
396502125
464626908
776492726
277347156
840234904
328701638
876999649
15086382
807840365
472109486
980455289
672394204
409056498
957648566
640656871
169702951
449625883
57296176
679941442
859579739
167152627
920644657
470337333
546205831
471873546
377477764
891604001
684999599
501476676
330857835
950313693
892144648
209443180
353374426
800705749
290373809
209432668
597099321
767711371
208949601
937189417
63124432
676560429
329987505
64366228
113723816
305157931
107002692
444755048
523800977
183210494
386607004
86067336
891791388
176440409
736081820
251955424
300787303
653704454
200074042
900189125
886458611
739468112
576104743
87696847
778938231
280050985
408134225
988331394
213687013
892677546
697044280
464734376
798242803
480642595
476143887
518312055
431722707
129726519
667578215
842146147
464820609
298599775
25135393
517510240
628248819
430595622
367974855
430809994
816594681
189921469
229386585
999719222
682668157
601634733
571881801
376905887
75598715
999726261
688315728
364986806
52774606
312098664
427826698
368693271
489153199
633171003
361437296
567307729
130596270
529190187
725475466
830995791
756085932
198710407
524466394
535329848
416922821
238601546
178308363
273080287
239880989
779621990
785008349
522024538
357804145
217467931
585022987
85626311
428240635
883521703
466239060
940907222
100230425
694680169
147211569
496823210
915068179
544920646
811661885
52840961
194008828
883473153
984727552
620168762
49655001
373138248
534098969
992039640
239236896
640230426
210373232
866583783
15515616
666541631
911314643
286426502
524228827
790746956
581322849
627847880
115055541
76796295
636286131
318730142
162119336
524622627
775561742
283257945
687719036
572138576
282335294
978095939
906510559
945174344
335334970
230709225
841976076
441045619
425823197
88489681
483992718
241857396
593804405
681222732
208926705
145342386
145145088
238340970
149478544
659019198
618040779
616609648
175962105
724002297
694015049
858766096
725530463
250262559
445519688
280421228
321787820
352740819
429352342
616883780
928129433
595930821
351458609
110111040
196602153
774292587
647423050
919475766
502024734
38971928
601182315
221934640
692088437
340978992
728648211
908687785
942705060
373385055
21787211
129718704
489711261
454745564
477250339
412399478
595153693
444978441
819139675
235458895
657051475
341393914
688268590
440095940
892435011
595602925
378092272
194165276
173763729
510214554
242694459
877133427
640712974
839290897
469502933
186577954
10122889
383416174
755202201
791438797
64748810
864775624
750092457
344703313
857035685
615500316
66238800
982296840
978044796
401117156
91719140
754317325
647230787
364598543
869178947
98148575
490656245
423318026
601179504
100625532
502281760
708450372
689867823
704090287
537802417
37186605
292349751
341869960
477761187
737679301
824278776
384306831
736565433
81647370
416584682
344776258
851384271
173946458
455209504
238595426
169680055
209745491
454433276
455986331
588935469
818802430
608426107
944912743
28991719
855944644
997734443
302762789
402146065
787681206
320139024
984951490
120765995
347976901
397627561
609009712
729057142
370710641
982373365
837362104
678173908
177606822
708522666
398543751
814470351
105306540
121510671
176189712
698761565
395081684
785634513
738167963
805293351
314330134
400990832
88860852
735551780
220401156
252708421
630069276
383018019
367299790
876409529
239614006
614125899
658283126
528337500
840328999
117440519
103497687
475089334
346625859
650794934
531952534
211904770
210479919
189199384
352421040
109986408
83482794
838631901
923140690
841657716
898849082
728658243
646144179
270513024
416480330
103947029
717352162
146226592
255535586
164355712
745470472
521982357
339489487
660798130
927202057
616582805
724393441
116518909
55472502
736627999
546049270
333849160
330319579
218347975
742365472
123447691
713815097
147686723
902075211
370444606
206885076
143629749
249467268
199039104
827251063
596549193
819721070
918474928
89223682
711593974
850770868
917460903
758863309
824631059
341237047
864462507
584817062
458882826
311197703
452249382
391412060
314051611
78489933
256553886
296121410
267251406
459458652
815132975
216727602
430395826
154348639
579759984
680420271
83736875
217178589
776353026
682740123
451284399
74616927
452315895
300724736
992727393
425906390
783413214
631730722
872097324
869679597
38880738
645456786
412031953
288194731
111967987
468790902
493748398
833692926
275272894
302734121
992675476
94197922
755355601
37122212
78267582
185787569
471213262
643926847
185717696
948120226
520213853
501394380
923548510
264690181
362649234
485596503
765258484
298124477
419941879
846805262
262461404
239850093
990432882
993428475
628573468
736879008
853739221
506638061
137618872
298412127
645101532
345047084
213491044
864339102
879703033
821041256
524288529
896182456
717960958
506842094
17513486
648816680
23179096
502804307
259764139
563888916
817169398
137567947
785161446
731711657
721071060
635935195
622986223
853587854
382536663
626886387
335239606
265536722
540190695
456015807
132189365
804920652
896828521
883575356
885996315
974437541
610482892
145593716
696136008
102705712
174281680
601097556
13181891
335328811
374906370
556098195
549473825
256207411
186652283
245028809
417811725
763215356
157768947
586811482
934567484
823376941
212317314
479668503
639565552
678043761
65665038
63800154
701268063
767107233
713079202
904483670
356361604
99963173
776100555
780447620
760148309
249639588
897646091
238470954
431868216
31087487
712768520
574453180
83692632
501684545
5899731
830331598
73320794
55084706
928954056
633051789
566192419
810770381
735879423
954723373
937380133
73721779
462251101
859603617
486342448
275448725
917321608
17553149
310999807
387083964
126355465
142652137
208175920
521887457
544789586
315113950
725157530
534757041
784567552
22258163
831946279
664048797
773328174
997151202
409255519
651959367
284353990
728163826
728833614
57869162
414824416
611095086
774513135
198586002
103262562
32683103
866655715
146918909
183101522
785578024
387945008
191534488
821438178
413349953
312909666
714648930
927548071
25668216
888850604
803474488
639805504
306972378
601700581
869549564
356431304
169707207
190797007
369272146
70947533
516943355
415081317
167047978
614297792
927178182
402952827
790868147
635721449
461131241
739827702
489955541
954385711
600218613
147334727
162644144
916163581
212297424
315362167
187081593
343635935
111682157
284515407
329905017
546184544
589341516
869358856
497893096
36948812
159671552
885047191
275405911
607955642
574057195
809214794
411002051
324050560
482800790
859841616
798970244
519061410
921641828
291962368
677996214
776818857
639688004
74763843
971664251
132016257
694796062
655791791
999534331
23048290
704583261
387929895
332619491
935369556
57847064
168911305
481445511
217031573
666645001
998502119
443505934
441312995
805067659
981466070
437008618
710808501
266985369
740656776
98853346
270903980
964713745
774944950
122047245
3200783
200901473
231561399
964984055
559091132
430974281
484932445
869486364
38437002
911556432
186760125
482346784
203161678
164867584
144731666
994636958
225675526
633327993
636520532
51232266
137794436
635492688
643537496
691714018
493965295
917405834
967240813
674715987
978718795
994617087
466394023
241134854
447614701
526000565
428009660
326847660
477303079
785998632
267191662
947429120
615734581
389403022
336822970
945384360
472909818
717216766
214275373
411773502
87093671
545270321
478819067
171482207
926692296
874104339
72443325
450683826
957999856
900778748
629265209
870516499
757418493
87939654
84028188
597494776
938222746
888106831
819961762
177382206
348534788
966398575
123731500
855058128
649910170
415414874
610597053
864058324
248047325
514626168
158904220
685445214
958875668
311205158
593701281
418954694
939650884
381755469
525736442
554286154
853582679
966097698
722901760
236041022
820995262
881876099
357638975
382886971
645263638
616870298
393279017
996015757
80052020
890215627
954100680
812006299
642749130
89852328
883752687
248291324
22726280
215734828
129968902
640487370
916975072
229662994
866725146
429912675
244236302
924589893
491497933
895260005
732686017
795816776
974848745
259559683
404369069
627667997
345724812
979382221
207392534
889916814
956353799
592790970
374654786
789370655
379973997
242620752
966138444
974176418
614213603
896699794
478062602
450692289
193296258
904371661
77195284
504681982
660962118
345650178
570685520
210096020
50179457
396536720
229205719
661584626
860855940
181957452
292040235
737565943
686890081
282890441
869551615
120552914
90050541
429789542
928181305
739891690
160183806
58923632
179500194
515526907
525800602
789215048
762578036
312005073
166908909
513506777
290261871
523796556
706786139
284054651
139552135
890357603
761285388
984788396
40035782
460186751
942279975
618637824
931171183
518275048
713756787
685216935
242942751
95563427
599021535
9622862
714728722
914471674
528047525
484317087
259250315
484958105
307883410
62339636
909211897
112109187
314617627
25286014
392142753
96825242
734688862
793921822
919190110
444603887
419743818
770337814
417904895
126757609
686040319
361109687
863348514
137034369
882264032
104354752
484611536
71137784
717761548
602943963
403745047
878182075
475125551
573600513
55547546
818970367
616889288
429765582
354539307
88220029
496179852
246161316
682584392
148199794
358887500
956538210
109079955
4260815
219472683
366384145
144296009
794558908
721460690
783962540
827744019
513832754
235671829
41517468
214803502
475747861
780439059
573493548
975395487
877833154
730604478
71183239
681475744
957603368
504868620
766537269
755789019
194355066
874615305
400944618
801542196
631390639
847039897
789181914
112224722
48737801
814359922
238441440
1379015
