354 354
0 
3 296 297 298 
4 324 325 326 327 
0 
3 84 85 86 
3 273 274 275 
2 348 349 
3 16 17 18 
3 12 13 14 
2 179 180 
2 50 51 
0 
2 209 210 
0 
0 
2 69 70 
3 239 240 241 
0 
2 114 115 
2 29 30 
0 
0 
0 
0 
0 
2 245 246 
0 
0 
0 
0 
0 
2 279 280 
2 135 136 
2 350 351 
4 104 105 106 107 
0 
0 
2 223 224 
0 
2 299 300 
0 
0 
2 179 180 
0 
0 
3 273 275 276 
2 232 233 
2 145 146 
0 
4 104 105 106 107 
0 
0 
2 303 304 
2 267 268 
2 135 136 
2 249 250 
2 329 332 
0 
2 138 139 
0 
0 
2 197 198 
2 202 203 
0 
0 
2 156 157 
2 245 246 
2 217 218 
2 271 272 
0 
0 
2 299 301 
0 
0 
0 
0 
2 239 240 
0 
3 319 320 321 
3 329 330 332 
0 
0 
0 
0 
0 
0 
3 284 286 287 
3 208 210 211 
0 
0 
0 
2 174 176 
0 
2 256 257 
2 291 292 
2 331 332 
4 323 324 326 327 
0 
2 145 146 
3 104 106 107 
0 
0 
0 
0 
2 338 339 
0 
2 256 257 
0 
2 98 99 
2 346 347 
2 61 62 
2 258 259 
0 
0 
0 
0 
0 
2 306 307 
2 330 331 
2 232 233 
3 201 202 203 
0 
0 
0 
3 158 159 160 
2 79 80 
0 
0 
2 277 278 
0 
0 
0 
0 
2 126 127 
0 
3 104 106 107 
0 
2 32 33 
2 16 18 
0 
2 81 82 
0 
0 
0 
3 37 38 39 
2 65 66 
3 65 66 67 
3 261 262 263 
0 
2 7 8 
0 
0 
2 169 171 
0 
2 156 157 
0 
2 338 339 
0 
2 87 88 
2 169 170 
2 34 35 
0 
2 264 265 
0 
0 
2 2 3 
0 
2 38 39 
2 140 141 
0 
0 
2 348 349 
4 323 324 325 327 
2 183 185 
3 37 38 39 
2 281 282 
2 201 202 
0 
2 197 198 
2 175 176 
0 
0 
2 32 33 
3 16 17 18 
2 170 171 
3 183 184 185 
0 
0 
2 29 30 
2 284 285 
0 
2 261 262 
2 352 353 
3 183 184 185 
0 
0 
2 240 241 
2 26 27 
0 
2 305 307 
0 
2 50 51 
0 
2 267 269 
0 
2 7 8 
0 
0 
0 
2 335 336 
2 291 292 
0 
2 58 59 
2 114 115 
2 279 280 
0 
0 
0 
0 
3 295 297 298 
0 
0 
0 
2 61 62 
0 
0 
2 253 254 
0 
0 
2 335 336 
3 125 126 127 
2 277 278 
0 
0 
2 158 160 
4 323 324 326 327 
0 
3 284 285 286 
2 130 131 
0 
2 65 67 
3 12 13 14 
2 95 96 
2 205 206 
0 
2 2 3 
0 
0 
2 59 60 
2 273 274 
2 350 351 
0 
2 81 82 
2 34 35 
0 
0 
2 69 70 
2 84 85 
0 
2 253 254 
0 
0 
0 
3 273 275 276 
0 
0 
0 
3 295 296 298 
2 264 265 
2 227 228 
0 
0 
2 138 139 
0 
2 223 224 
3 208 209 210 
2 319 321 
0 
0 
0 
3 261 262 263 
4 324 325 326 327 
2 205 206 
2 210 211 
0 
3 296 297 298 
2 132 133 
0 
2 317 318 
0 
0 
0 
2 303 304 
2 281 282 
2 87 88 
0 
3 305 306 307 
0 
0 
0 
2 258 259 
0 
3 174 175 176 
2 317 318 
3 58 59 60 
0 
0 
0 
2 342 343 
0 
0 
2 26 27 
2 346 347 
2 79 80 
3 84 85 86 
2 352 353 
2 342 343 
2 140 141 
0 
0 
2 95 96 
2 217 218 
2 132 133 
0 
2 130 131 
0 
0 
3 299 300 301 
0 
3 12 13 14 
0 
0 
2 320 321 
0 
3 158 159 160 
0 
2 227 228 
0 
0 
0 
0 
0 
2 271 272 
2 98 99 
0 
0 
2 63 64 
0 
2 125 126 
2 63 64 
2 249 250 
0 
2 286 287 
3 267 268 269 
