543 670
1 1 
2 2 3 
1 4 
2 5 6 
1 7 
1 8 
2 9 10 
1 11 
2 12 13 
1 14 
2 15 16 
2 17 18 
1 19 
1 20 
1 21 
2 22 23 
1 24 
1 25 
1 26 
1 27 
1 28 
1 29 
1 30 
1 31 
1 32 
1 33 
1 34 
1 35 
3 36 37 38 
3 39 40 41 
1 42 
1 43 
1 44 
1 45 
1 46 
1 47 
1 48 
1 49 
2 50 51 
1 52 
1 53 
1 54 
2 55 56 
1 57 
2 58 59 
1 60 
2 61 62 
1 63 
1 64 
1 65 
2 66 67 
1 68 
1 69 
1 70 
1 71 
1 72 
2 73 74 
1 75 
1 76 
1 77 
1 78 
1 79 
1 80 
1 81 
2 82 83 
1 84 
1 85 
1 86 
1 87 
1 88 
1 89 
1 90 
1 91 
1 92 
1 93 
1 94 
1 95 
1 96 
2 97 98 
1 99 
1 100 
1 101 
1 102 
1 103 
1 104 
1 105 
2 106 107 
1 108 
1 109 
1 110 
2 111 112 
1 113 
1 114 
1 115 
1 116 
1 117 
1 118 
1 119 
1 120 
1 121 
1 122 
3 123 124 125 
1 126 
1 127 
1 128 
1 129 
1 130 
1 131 
1 132 
1 133 
1 134 
1 135 
1 136 
2 137 138 
2 139 140 
2 141 142 
2 143 144 
1 145 
1 146 
1 147 
1 148 
1 149 
1 150 
1 151 
1 152 
1 153 
1 154 
2 155 156 
1 157 
2 158 159 
1 160 
2 161 162 
2 163 164 
1 165 
1 166 
1 167 
2 168 169 
1 170 
1 171 
1 172 
1 173 
1 174 
1 175 
1 176 
1 177 
1 178 
2 179 180 
1 181 
1 182 
1 183 
1 184 
1 185 
2 186 187 
1 188 
1 189 
1 190 
1 191 
1 192 
1 193 
1 194 
2 195 196 
1 197 
1 198 
2 199 200 
1 201 
1 202 
1 203 
2 204 205 
1 206 
1 207 
1 208 
1 209 
1 210 
1 211 
3 212 213 214 
1 215 
1 216 
1 217 
1 218 
1 219 
2 220 221 
2 222 223 
1 224 
2 225 226 
1 227 
1 228 
1 229 
1 230 
3 231 232 233 
2 234 235 
2 236 237 
1 238 
3 239 240 241 
1 242 
1 243 
1 244 
1 245 
1 246 
1 247 
1 248 
1 249 
1 250 
1 251 
1 252 
1 253 
1 254 
1 255 
1 256 
1 257 
1 258 
2 259 260 
1 261 
1 262 
2 263 264 
3 265 266 267 
1 268 
1 269 
1 270 
1 271 
1 272 
1 273 
1 274 
1 275 
1 276 
1 277 
2 278 279 
1 280 
1 281 
1 282 
1 283 
2 284 285 
2 286 287 
1 288 
1 289 
1 290 
1 291 
1 292 
1 293 
1 294 
1 295 
1 296 
2 297 298 
1 299 
1 300 
1 301 
1 302 
1 303 
1 304 
1 305 
1 306 
2 307 308 
1 309 
1 310 
1 311 
1 312 
2 313 314 
1 315 
1 316 
1 317 
1 318 
1 319 
1 320 
1 321 
2 322 323 
2 324 325 
1 326 
1 327 
1 328 
1 329 
1 330 
1 331 
1 332 
1 333 
1 334 
1 335 
2 336 337 
1 338 
1 339 
1 340 
1 341 
1 342 
1 343 
1 344 
1 345 
1 346 
2 347 348 
2 349 350 
1 351 
2 352 353 
1 354 
1 355 
1 356 
1 357 
2 358 359 
1 360 
1 361 
1 362 
1 363 
1 364 
1 365 
1 366 
1 367 
1 368 
1 369 
1 370 
1 371 
1 372 
1 373 
1 374 
1 375 
3 376 377 378 
1 379 
1 380 
1 381 
1 382 
2 383 384 
1 385 
1 386 
1 387 
1 388 
1 389 
1 390 
1 391 
1 392 
2 393 394 
1 395 
2 396 397 
2 398 399 
1 400 
1 401 
1 402 
1 403 
1 404 
1 405 
1 406 
1 407 
1 408 
1 409 
1 410 
1 411 
1 412 
1 413 
3 414 415 416 
1 417 
1 418 
1 419 
1 420 
1 421 
2 422 423 
2 424 425 
1 426 
1 427 
1 428 
1 429 
1 430 
1 431 
1 432 
1 433 
1 434 
1 435 
1 436 
1 437 
2 438 439 
1 440 
3 441 442 443 
1 444 
1 445 
2 446 447 
1 448 
1 449 
2 450 451 
1 452 
2 453 454 
1 455 
1 456 
1 457 
1 458 
1 459 
1 460 
2 461 462 
1 463 
1 464 
1 465 
1 466 
1 467 
1 468 
1 469 
2 470 471 
1 472 
1 473 
2 474 475 
2 476 477 
2 478 479 
1 480 
1 481 
1 482 
1 483 
2 484 485 
1 486 
3 487 488 489 
1 490 
2 491 492 
1 493 
1 494 
1 495 
1 496 
2 497 498 
1 499 
1 500 
2 501 502 
2 503 504 
2 505 506 
1 507 
1 508 
1 509 
1 510 
1 511 
1 512 
1 513 
1 514 
1 515 
1 516 
1 517 
1 518 
2 519 520 
1 521 
1 522 
1 523 
3 524 525 526 
2 527 528 
1 529 
2 530 531 
1 532 
1 533 
1 534 
1 535 
1 536 
1 537 
1 538 
1 539 
2 540 541 
1 542 
1 543 
1 544 
1 545 
1 546 
1 547 
3 548 549 550 
1 551 
1 552 
1 553 
1 554 
1 555 
1 556 
1 557 
2 558 559 
1 560 
1 561 
1 562 
1 563 
1 564 
1 565 
2 566 567 
1 568 
1 569 
3 570 571 572 
1 573 
1 574 
1 575 
1 576 
1 577 
1 578 
2 579 580 
1 581 
1 582 
1 583 
1 584 
1 585 
1 586 
1 587 
1 588 
1 589 
1 590 
2 591 592 
1 593 
1 594 
1 595 
1 596 
1 597 
4 598 599 600 601 
1 602 
2 603 604 
2 605 606 
1 607 
1 608 
1 609 
1 610 
3 611 612 613 
2 614 615 
1 616 
1 617 
1 618 
2 619 620 
1 621 
1 622 
1 623 
1 624 
2 625 626 
1 627 
2 628 629 
1 630 
2 631 632 
1 633 
1 634 
2 635 636 
1 637 
2 638 639 
1 640 
1 641 
1 642 
1 643 
2 644 645 
2 646 647 
1 648 
1 649 
2 650 651 
1 652 
1 653 
1 654 
1 655 
1 656 
2 657 658 
1 659 
1 660 
1 661 
1 662 
1 663 
1 664 
1 665 
1 666 
1 667 
2 668 669 
1 670 
