753 753
0 
0 
2 491 492 
0 
0 
0 
0 
2 48 49 
0 
0 
3 531 532 533 
3 412 413 414 
2 561 562 
0 
0 
0 
0 
0 
0 
0 
0 
2 180 182 
2 103 104 
0 
3 431 432 433 
0 
0 
0 
2 64 65 
2 584 585 
0 
2 168 169 
2 738 739 
0 
0 
0 
3 12 13 15 
0 
2 52 53 
0 
0 
0 
0 
0 
2 306 307 
0 
0 
0 
0 
0 
0 
0 
0 
0 
2 393 394 
0 
3 460 461 462 
3 78 79 81 
0 
0 
2 599 600 
0 
0 
0 
3 575 576 577 
2 693 694 
2 615 616 
2 103 104 
0 
0 
0 
0 
0 
2 738 739 
0 
3 78 79 80 
0 
2 639 640 
0 
0 
0 
0 
0 
2 506 507 
0 
0 
2 328 329 
3 389 390 391 
0 
0 
0 
3 389 390 391 
2 535 536 
0 
2 439 440 
0 
0 
3 479 480 481 
0 
0 
0 
0 
2 242 243 
0 
2 202 203 
2 639 640 
0 
0 
2 295 296 
2 709 710 
0 
0 
0 
0 
2 721 722 
2 485 486 
0 
2 227 228 
0 
0 
0 
0 
0 
3 156 157 158 
0 
0 
2 565 566 
0 
0 
0 
0 
3 624 625 626 
0 
2 210 211 
2 488 489 
0 
0 
0 
3 471 472 473 
2 624 625 
0 
0 
0 
0 
0 
3 527 528 529 
2 217 218 
0 
0 
2 125 126 
0 
2 52 53 
2 199 200 
0 
2 291 292 
0 
0 
0 
3 38 39 42 
2 223 224 
0 
0 
2 339 340 
0 
0 
0 
0 
0 
2 270 271 
0 
0 
0 
0 
3 659 660 661 
2 273 274 
0 
0 
0 
2 64 65 
0 
0 
0 
0 
0 
0 
2 707 708 
0 
0 
0 
0 
2 324 325 
0 
2 557 558 
0 
0 
2 174 175 
0 
2 262 263 
0 
0 
2 319 320 
0 
0 
0 
3 688 689 690 
2 202 203 
3 471 472 473 
0 
0 
2 709 710 
2 445 446 
0 
2 464 465 
0 
0 
2 7 8 
0 
0 
0 
0 
0 
0 
0 
0 
0 
2 527 529 
0 
0 
0 
2 688 690 
0 
3 140 141 142 
0 
2 460 462 
0 
2 506 507 
0 
0 
0 
0 
3 12 15 16 
0 
2 449 450 
0 
2 625 626 
2 169 170 
0 
0 
0 
0 
0 
0 
3 479 480 481 
0 
2 453 454 
3 575 576 577 
0 
0 
2 464 465 
0 
0 
2 324 325 
2 488 489 
2 181 182 
3 168 170 171 
3 38 40 41 
0 
0 
0 
3 155 156 158 
2 553 554 
0 
2 439 440 
2 231 232 
0 
2 306 307 
4 155 156 157 158 
0 
0 
0 
0 
2 135 136 
0 
0 
0 
0 
2 655 656 
0 
3 531 532 533 
0 
0 
0 
2 192 193 
0 
0 
0 
0 
0 
0 
3 156 157 158 
0 
0 
0 
3 272 273 274 
0 
0 
0 
2 393 394 
2 339 340 
0 
0 
0 
2 659 661 
0 
2 172 173 
0 
0 
0 
0 
0 
0 
2 485 486 
2 525 526 
2 531 532 
0 
2 519 520 
0 
0 
3 575 576 577 
2 291 292 
0 
0 
3 620 621 622 
2 234 235 
0 
0 
2 36 37 
0 
0 
2 135 136 
0 
3 431 432 433 
0 
2 707 708 
0 
0 
0 
3 518 519 520 
0 
2 700 701 
2 38 42 
0 
0 
2 5 6 
2 525 526 
0 
0 
3 13 14 15 
2 596 597 
2 629 630 
2 295 296 
0 
0 
0 
0 
0 
0 
0 
0 
0 
2 620 621 
2 210 211 
0 
0 
0 
0 
2 78 81 
0 
2 644 645 
0 
0 
0 
3 13 14 15 
0 
3 272 273 274 
0 
0 
0 
2 447 448 
2 471 472 
2 518 520 
2 453 454 
2 43 44 
0 
0 
0 
2 611 612 
2 611 613 
2 445 446 
0 
0 
0 
0 
0 
0 
0 
2 565 566 
2 382 383 
0 
0 
0 
2 365 366 
0 
0 
0 
0 
2 223 224 
0 
0 
0 
2 665 666 
0 
0 
2 416 417 
0 
2 180 181 
2 275 276 
2 679 680 
2 1 2 
0 
0 
2 140 142 
0 
0 
3 479 480 481 
0 
0 
2 491 492 
0 
0 
0 
0 
0 
2 726 727 
3 460 461 462 
2 527 528 
0 
0 
0 
3 699 700 701 
2 521 522 
0 
2 199 200 
0 
2 378 379 
0 
2 665 666 
0 
0 
0 
0 
0 
2 413 414 
2 231 232 
0 
2 7 10 
0 
0 
0 
2 125 126 
2 382 383 
2 5 6 
3 140 141 142 
0 
2 584 585 
0 
2 644 645 
2 9 10 
2 217 218 
0 
0 
2 275 276 
2 726 727 
0 
0 
2 606 607 
0 
0 
0 
3 542 543 544 
0 
0 
0 
2 596 597 
0 
4 38 39 40 42 
0 
2 408 409 
2 309 310 
2 418 419 
0 
0 
0 
3 699 700 701 
0 
0 
2 693 694 
0 
0 
0 
2 535 536 
0 
2 599 600 
0 
0 
4 78 79 80 81 
2 449 450 
0 
2 432 433 
0 
0 
3 688 689 690 
3 412 413 414 
0 
0 
0 
0 
0 
0 
2 498 499 
0 
0 
0 
2 174 175 
0 
0 
0 
0 
2 239 240 
0 
0 
0 
0 
0 
2 132 133 
3 169 170 171 
0 
0 
0 
0 
2 163 164 
2 36 37 
2 674 675 
0 
2 521 522 
0 
2 702 703 
3 288 289 290 
3 659 660 661 
0 
0 
0 
0 
0 
2 498 499 
2 579 580 
2 309 310 
2 494 495 
2 561 562 
0 
0 
0 
0 
0 
0 
0 
0 
2 319 320 
0 
0 
2 234 235 
0 
0 
2 242 243 
2 418 419 
0 
2 163 164 
3 542 543 544 
0 
0 
0 
2 612 613 
0 
0 
2 86 87 
0 
3 620 621 622 
0 
0 
2 8 9 
0 
0 
2 579 580 
2 553 554 
0 
0 
0 
0 
0 
2 247 248 
0 
0 
0 
0 
0 
0 
0 
0 
0 
0 
0 
0 
0 
0 
0 
0 
0 
0 
0 
0 
2 702 703 
0 
2 239 240 
0 
0 
0 
0 
0 
0 
2 378 379 
2 86 87 
0 
2 172 173 
2 389 391 
2 262 263 
0 
2 288 290 
0 
0 
0 
2 1 2 
0 
0 
2 615 616 
2 227 228 
0 
2 655 656 
2 270 271 
0 
0 
0 
0 
2 132 133 
0 
0 
2 679 680 
0 
0 
0 
2 192 193 
0 
0 
0 
0 
2 447 448 
0 
0 
0 
0 
0 
0 
0 
0 
2 606 607 
0 
0 
0 
3 40 41 42 
0 
0 
0 
0 
0 
0 
0 
0 
0 
0 
0 
0 
0 
0 
0 
0 
2 48 49 
0 
2 408 409 
3 288 289 290 
0 
0 
2 365 366 
0 
0 
2 43 44 
0 
2 750 751 
0 
0 
0 
0 
2 416 417 
0 
0 
0 
2 629 630 
0 
0 
0 
0 
0 
0 
0 
2 750 751 
0 
0 
2 494 495 
0 
0 
0 
4 13 14 15 16 
2 328 329 
2 557 558 
0 
0 
2 721 722 
0 
2 247 248 
0 
0 
0 
0 
2 674 675 
3 542 543 544 
