40
0 0 124 740 1000 1268 1924 3088 3252 4006 4239 6411 6564 6848 7023 7576 8036 9177 10091 12859 15962 18095 18746 20194 25419 25507 25994 27165 30203 34317 41120 0 47713 48462 54505 55767 59110 74233 79997 85228 
150 364 591 1046 1233 1422 2372 3115 3440 4513 4974 6627 6706 7289 7866 8965 9017 9320 10329 13574 17005 18101 19939 21139 25965 26212 26531 27682 31583 34752 41918 43081 48308 48906 54563 57922 59213 74395 80509 85593 
308 514 726 1090 2139 2199 0 3319 4173 4984 5257 6695 7693 8045 8482 9364 9550 0 10710 13805 17350 19697 21240 22416 26859 27168 28051 28643 32661 37809 0 43310 48321 50607 57529 57926 61933 74432 81444 85961 
460 574 758 1244 2226 2790 3381 3388 4571 5260 6166 7068 7758 8549 9265 9870 10011 10492 11176 14206 0 20011 22074 22458 27797 28542 29355 31166 33088 39059 43565 43828 52645 53712 61005 0 62376 74901 82357 86854 
519 0 782 1278 2856 2998 3654 3823 4905 5562 6174 7292 8032 9009 10102 10727 10946 11222 11717 14488 18933 21189 22337 22581 28019 29260 29586 31377 33975 40492 43799 45004 52721 54538 61237 62111 62391 75103 83396 86904 
596 713 896 1292 4158 4934 4940 5158 5183 6169 6228 7695 9421 10261 10439 11426 11862 12214 12842 14611 20023 22586 23507 25245 0 30089 30797 31922 34407 41549 44305 45283 53272 55129 61247 63946 65858 75108 84060 88950 
1462 1639 1663 1998 5629 5788 6002 6309 6665 6730 7199 7763 9941 10313 11469 11633 12065 12504 14455 16272 0 22830 26472 26478 29699 31071 33063 34125 38794 41740 44660 46645 55439 56368 61399 65576 66231 75527 84985 89470 
1600 1914 2489 2803 5927 6059 6194 6506 6868 6885 8353 8508 14179 14602 15728 16141 16898 17736 0 18363 21456 23536 26830 0 30319 32974 34780 35976 38900 41760 44841 48130 57184 57350 62302 66777 0 0 85561 89750 
2053 2232 2595 3075 6530 6757 7182 7962 8501 8575 8754 9216 14471 14771 16057 17879 18998 19048 20172 0 21858 23554 27316 31780 32135 33095 35341 36834 39104 42078 45000 0 57578 58078 67221 67406 67758 76472 85730 90135 
0 3049 3321 3940 7436 7754 8212 8253 8613 9531 9628 10203 14731 15056 17386 18295 19033 20391 22489 23179 23403 23786 27621 32336 32486 34838 40616 42245 43777 48060 48716 49346 57910 59322 67258 67686 68207 77279 86340 90332 
2781 3450 3514 4176 7930 8341 8362 9289 10054 10576 11398 12826 14982 15201 17486 19335 20149 21214 0 25553 25917 26460 27624 32819 34952 35744 40629 42420 0 48149 49301 50550 58914 0 67624 67778 71397 77300 87738 91122 
3847 3850 3917 5418 8218 8703 8907 9874 10076 11392 13861 13891 16155 17173 17494 19889 21428 21845 24527 26146 26249 26961 29112 35224 37268 37771 41021 43296 45836 49059 49425 51553 58959 63012 68216 68809 72663 77690 88919 91464 
4430 5140 5520 5597 8257 8881 9631 10884 11217 11607 14280 14737 16637 17218 17573 20101 21470 0 0 27677 27780 29351 29671 35542 37715 39015 41665 43397 45956 51290 51846 52616 59489 63119 68348 68854 74572 0 89405 92091 
4916 5433 5807 5984 8861 9267 10804 0 11700 13423 17473 0 22751 24847 25518 29065 29180 0 30452 30560 31339 31560 0 35634 37826 40188 42331 43544 49898 51403 53701 53877 59988 64639 69950 69991 74697 80060 89508 0 
5413 6074 6297 6419 9966 0 0 11757 12446 13954 18052 21167 22756 24962 26576 31811 32198 34925 35638 35875 36250 0 36748 37106 39392 43935 44001 45854 53291 53410 53947 54185 60808 66337 72072 73518 74900 81303 90191 93765 
7823 8175 8406 9287 0 9967 11732 12073 12666 14078 18649 22955 23282 26520 26653 32765 34447 35362 35743 36274 36395 37994 38902 40943 41185 46542 46852 49798 54394 55054 57726 58667 62618 66868 72150 75683 75991 82848 90496 94441 
8606 9253 9303 10626 11085 11219 12372 15243 15590 17981 18747 23285 23343 26843 27122 34694 34991 36151 36406 37121 37552 38199 39509 41246 41741 48649 50201 50229 54996 56104 58589 59096 63315 67064 73790 77749 77801 83140 91023 94452 
10395 11313 12200 12437 12635 12857 12966 15430 16646 18061 18888 23388 23559 27167 29607 36538 36797 37701 45605 46120 46669 47779 51335 52709 53653 56106 58160 0 59428 60411 61819 63176 0 67905 73983 77854 0 83721 92609 94602 
0 12101 12908 13230 13707 14268 14368 16855 17390 18326 19116 23406 24031 27712 30062 37974 38258 38430 45745 46494 50251 50590 0 53770 54121 58147 58278 59448 59768 61056 63321 63667 67422 69485 74754 78833 79143 84185 92767 94655 
12695 13366 13995 14749 15196 16145 18064 0 20152 20583 21432 25900 26004 28805 30995 38142 39173 39886 0 48521 50494 50772 55598 56330 57197 59636 62020 62611 65217 66235 69002 69328 69606 69887 75776 78849 80231 84904 93189 95272 
13592 13751 14140 15444 16146 16411 18678 0 20721 20848 0 27114 27370 29648 31476 39248 40454 40558 51000 51200 52199 53811 57004 57339 57478 60381 63000 63894 65880 67367 69837 70259 72691 72785 76328 78917 81301 85841 94224 95612 
14720 17097 17131 19435 21469 22700 24084 25434 25649 0 28811 29086 32034 32813 35582 39781 40529 41069 52826 53089 54355 56150 57048 59767 62285 63220 64210 64504 68362 68490 71333 76068 78256 79294 82463 0 82618 86339 94375 96310 
15226 18674 21156 21276 22194 22762 24613 26289 26450 26455 28886 29835 32041 32997 35604 39874 40794 41783 52948 54022 57120 57597 59281 60283 62711 65798 66971 67879 68994 69276 72433 76143 78287 84748 85142 85667 86425 86740 94630 96553 
0 21549 22143 22907 23616 0 25591 26584 28703 28770 33155 33559 33579 33634 38195 39985 41134 42404 53369 54174 58436 60065 60476 61097 63393 0 67595 70807 72369 72965 73493 77418 79873 85407 86669 0 89366 89588 94751 96939 
20019 21906 23701 23841 25501 26582 27236 29972 30751 31427 34123 35195 35487 36205 0 40263 42419 42740 53571 54852 60167 60175 60660 64803 66575 67363 69222 71210 73265 75598 76602 78005 81586 85546 86942 87767 90099 90324 95217 0 
23720 24304 24429 26640 27071 27091 28750 0 31282 32969 34251 35942 35950 36544 40480 40606 43323 45313 54205 55387 61568 61594 0 65313 67008 67741 70649 0 74294 0 76693 78867 82376 86823 87291 88964 90197 90810 95287 97652 
24643 24963 25007 27645 28594 30711 31595 31703 32023 34236 34758 38574 0 40676 41228 43790 43943 45416 0 56898 61898 63120 65226 65763 67079 67788 72729 75889 77103 78490 78827 79169 82551 88101 88706 89524 91128 91341 95907 97704 
27504 27724 30652 31720 31865 32511 33871 35250 35973 37144 37418 39502 41525 43949 46390 0 48110 0 57959 58431 62460 65054 65790 67232 68092 70339 0 76038 77116 78626 80850 81649 83051 88947 89189 90461 91176 91410 96031 97821 
28140 28533 31923 32049 32731 32955 35682 35908 36860 37378 39181 39510 43211 44529 0 47470 50138 50206 58444 59511 63023 66217 66539 0 69619 71412 75273 76530 77868 79582 82388 0 84297 89108 89715 90587 94619 95595 96597 97833 
30930 31199 33279 35019 35458 36795 36913 37695 37700 39114 42931 43393 43532 45407 47543 50784 51039 51075 58472 59632 64188 67143 68636 69175 70412 71678 75274 76802 80966 81546 84238 84764 85475 90373 90714 90934 95627 95847 97185 98074 
31754 32416 34580 36690 36850 38806 40576 40623 40822 41855 44459 44605 45199 45559 50485 51855 52810 53822 0 0 65138 0 68969 70471 72890 73226 75467 77171 81437 81705 84626 84942 87051 90970 92018 92219 95962 95980 97449 98393 
34288 34886 36118 0 37934 40129 41450 41644 41712 42288 44623 45178 45326 47056 50813 52007 53304 56574 65192 67904 68018 68289 70912 71386 73527 74876 75781 77447 81680 83359 87344 87958 89256 91318 0 93208 95974 96696 97491 98701 
34315 35037 38397 44089 45777 46256 46732 46925 48248 48803 50291 52918 52930 53753 53959 54151 56953 57608 65807 68878 69206 70996 73441 73530 74511 0 76260 77544 83009 0 87618 88497 0 92658 92780 94068 96388 96776 97788 98731 
40490 41732 42427 44381 47122 47826 47828 49780 50393 51606 52235 53656 53798 56180 56218 56460 58474 59950 66053 69928 71338 76514 78645 78698 78837 79516 82651 82873 83301 85635 88772 89024 90948 93205 93331 0 97756 98009 98112 98817 
41575 43198 43501 44625 49360 50068 50622 50887 52214 52765 55196 56282 56973 59399 59527 60211 60316 63876 67571 72040 75785 76715 79231 82199 82364 82814 86668 87774 88504 89987 91591 91712 91863 93214 93427 94887 98221 98627 98962 99510 
44429 49495 50417 50679 50809 53175 53561 54132 55561 55927 56667 57305 58746 60969 61109 62108 64483 66579 67651 73026 78057 79045 80233 82780 0 83483 87130 88771 88824 90308 91808 92154 92294 93348 94009 95236 98280 98754 99262 99752 
61004 61360 61697 62097 62758 65381 67027 69392 0 73881 74500 75426 78296 78763 78961 0 81853 81917 84059 84175 84686 84952 86369 86570 87342 88612 89257 89393 89497 91284 92275 93069 93736 94337 94738 95506 98825 99007 99468 99766 
66190 66797 66920 67882 68504 68507 0 71264 72010 74880 75604 76023 79959 80296 80471 81947 82140 83879 84500 84620 88211 89404 90092 90790 91108 92822 93095 93104 93661 94629 95292 95994 97377 97559 97753 98110 98866 0 99854 99907 
72569 72961 0 74157 75720 75849 75915 76706 77581 78276 78474 81755 82825 0 85166 86209 86517 86565 86920 88696 91856 93340 93669 93888 94327 94593 94597 94711 94999 95058 95479 96805 97441 97563 98214 98824 99108 99348 99911 99951 
76830 0 79250 80426 82859 83436 83907 85045 87236 87269 89292 89562 89778 91495 91586 91919 92110 92261 92849 94377 94443 95950 95991 96469 0 96901 97202 97298 97616 97655 97767 98359 98590 98936 98946 99004 99167 99535 99927 99996 
