100
4 25 54 241 288 325 338 441 553 638 791 901 969 1152 1233 2142 2161 2404 2462 2549 2674 2896 3165 4142 4366 4419 4633 4835 5094 5811 5981 6142 6386 6718 6755 6775 7046 7926 7947 8521 8841 9037 10151 10408 10911 11110 11606 12294 12690 13026 13640 13794 14536 15333 15744 15800 0 16678 17915 19609 21376 21443 21685 21941 22411 23281 25042 26658 27615 28499 28870 29806 31057 31930 0 33514 34545 34609 37108 38434 39287 40705 40854 41128 41233 0 42098 43230 43559 47015 50313 59958 60052 60836 66182 67866 70298 72314 75564 80041 
58 73 119 258 330 373 0 483 573 644 875 955 1095 1153 1387 2156 2167 2474 2511 2637 2711 2907 3298 4228 4561 4594 4635 5306 5434 5954 6712 6727 7260 7297 7429 7881 7896 7986 7998 8674 8953 9038 10714 11064 11090 11639 11721 13074 13080 13208 13898 14244 14828 15689 16153 16207 16713 16992 18683 19668 21839 21878 22083 22088 22427 24103 25844 27079 0 28625 29456 30598 31994 32396 33532 33545 34781 34992 37336 38591 39603 40784 40995 41593 42229 42516 42555 0 43624 49113 50335 61043 61174 61408 66372 68756 70447 72371 75708 80320 
86 125 152 266 333 402 566 698 730 750 910 960 1131 1219 1469 2274 2333 2536 0 3189 3639 3955 4019 4253 0 5595 6030 6314 6611 6648 6970 7077 7964 8269 8479 8507 0 8651 8688 8947 9020 9316 10827 11335 12857 13282 14851 15272 15615 15705 16142 16616 16747 17009 17117 18199 18587 18721 18755 19713 23338 23763 23772 24066 24334 24668 26039 27834 28290 28832 29657 31313 32069 32422 33537 33704 35291 35802 37849 38702 39794 42182 43028 43461 0 43908 44071 44572 45075 50309 50532 61349 61892 61921 66592 68823 70924 72397 76960 81166 
112 160 161 303 345 536 604 0 738 768 1088 1129 1206 1307 1668 2377 2395 2631 2826 3381 3732 3964 4068 4340 5323 5838 6037 6415 6687 6777 7281 7623 8181 8280 0 9386 9646 9668 10192 10274 0 10939 10950 11381 12931 13705 14953 15828 16256 16481 16792 17899 18187 18191 18202 18473 19075 19324 19386 19937 23917 24071 24685 24801 24808 25372 26215 28092 28790 29407 30486 31341 32650 32656 33626 34086 35771 35902 37947 38928 40344 43222 43255 44349 44663 44728 44833 45483 45979 50581 51281 61633 62684 62807 66832 69168 71543 72398 77463 82250 
166 187 199 308 366 579 727 757 890 900 1265 1285 1471 1667 1686 2452 2612 3023 3170 3587 3867 3998 4209 4652 5666 5937 6133 6420 7486 7886 7966 8025 8333 8934 9317 9541 9730 9776 10378 10667 11171 11311 11544 11735 12958 0 15560 16211 16359 16699 16895 18100 18275 18354 18377 18768 19798 20595 0 20802 24339 24405 24893 25244 25822 25867 27216 28185 28981 29935 31178 32110 32942 33085 33988 34195 36590 36991 38142 39121 40432 43651 43815 44531 44737 45234 46785 47010 47053 50704 52072 61664 63142 63714 67073 69752 71656 72874 77776 82734 
201 227 234 321 368 695 735 761 986 1171 1301 1305 1511 1958 2056 2741 2884 3172 3177 3709 4076 4110 4328 5072 5755 5976 6363 6515 7741 8023 8175 8802 9012 9243 9488 10941 11465 11760 11895 11917 12070 12333 12896 13494 13699 14176 15721 16864 17623 18027 18677 18897 19033 19061 19113 19238 20101 0 20949 21065 24450 24616 25107 25306 25936 26287 27916 28329 29728 31058 32616 33376 35298 35490 35563 35978 36650 37356 38563 39432 41312 44292 44403 45528 45813 46150 0 47720 47927 50888 52425 61967 63251 63737 67978 70861 72985 73126 78001 83161 
272 302 397 430 643 755 796 833 1056 1184 1590 1704 1864 2238 2348 3144 3151 3183 3457 3898 4159 4198 4463 5185 5841 6069 6719 7166 8020 8128 8188 9031 9067 9263 9648 11209 11681 12127 12423 13152 13535 14061 14407 14458 15646 15676 15837 17252 17707 18045 18852 18923 19073 19327 19523 20007 20236 21095 21476 21714 24658 24768 25187 26380 27010 27301 27963 28547 30324 31151 32627 33470 35463 35849 35977 36603 36697 0 40012 40489 43426 44353 44808 45655 46491 46637 47408 48188 48793 51224 52667 62050 63319 63822 68296 71507 73343 74355 78172 84145 
334 382 398 454 700 909 974 1074 1234 1272 1614 1754 1970 0 2402 0 3193 3210 3607 4018 4721 4874 5158 5187 6594 6699 7306 7403 8049 8430 8698 9094 9125 9287 9724 11254 11863 12833 13571 13846 14196 14665 14830 15271 16048 16104 16564 17377 18121 18237 18863 19000 19635 20762 20790 20867 20895 21865 22312 22438 25116 25371 25777 26387 27329 27444 28629 28753 30421 31373 33058 33480 35543 36095 36123 37713 37959 38607 41266 42272 43627 44607 44982 45769 46620 46655 47562 48522 0 51936 53038 62834 63336 64010 68646 72221 73373 74787 78596 84565 
391 411 415 0 1136 1370 1399 1509 1524 1598 1703 1890 1977 0 2407 3292 3588 3651 0 4075 0 5022 5565 5684 6841 6875 7532 7636 8155 8522 8785 9507 9765 9982 10660 0 11886 12927 14064 14698 14715 16092 16268 16409 16727 16797 0 17484 18548 18912 18955 19419 20183 21260 21467 22664 23102 23339 23678 0 25380 25471 26016 26922 27511 27546 28781 28817 31238 31517 33091 33579 35932 36145 36347 37765 38197 38797 41454 43554 43740 0 44995 45804 47383 47854 47929 48996 50515 52004 53697 63816 65822 66511 68876 72299 73520 75402 78657 84732 
460 516 0 565 1145 1405 1532 1586 1607 1688 0 0 2257 2525 2582 3383 3700 3737 4001 4260 4996 5104 5686 5827 6877 7098 7804 7994 8214 8959 9738 9793 9832 10740 10920 11386 12016 0 14185 14778 14834 16266 16776 16849 17099 17424 17431 17823 18826 19564 19992 20696 20966 21709 21881 22908 23672 24853 25650 25833 26984 27758 28003 28062 28106 29062 29232 29459 31817 32058 33855 34011 36856 36925 37020 37955 38947 39748 42773 44185 44307 44919 45139 46052 47757 48278 48464 50462 50972 52309 54162 64122 65931 66813 69718 72715 73558 75403 78736 85210 
502 702 722 764 1159 1581 1587 1634 1772 1925 2030 2131 2279 2550 2590 3475 3755 4271 4369 4581 5028 5441 5793 6010 6941 7443 8097 8198 8322 9468 9948 10563 10814 10897 11009 0 12145 13461 14242 14884 14963 16417 17421 18129 18532 18913 19182 19502 19507 20072 20186 21112 21155 22287 23683 23743 24083 25379 25681 25905 27845 28632 29333 29428 29555 29873 30018 30219 32078 32232 34966 35368 37430 37723 37762 38574 39380 40837 42901 46324 46365 47969 48052 48333 49222 49544 50459 50912 52212 52474 54577 64433 66282 66833 69843 73122 73652 75576 79379 85286 
521 759 773 827 1274 1604 1654 1872 1900 2017 2275 2309 2372 2763 2954 3697 3801 4347 4519 4611 5047 5562 6036 6174 7008 7716 8266 8515 8866 10026 10203 10754 11141 11194 11244 11992 12447 13757 14694 14974 15146 16806 17673 18510 18871 19088 19270 20438 21194 21253 22416 22853 23083 23192 23806 0 25748 26374 26733 27056 27967 29764 29856 30131 30435 31179 31957 32222 33687 33948 35082 36113 37776 37842 38286 38782 39542 41176 43121 46604 46735 48468 48961 51942 52120 52390 52932 53384 53493 53659 54939 64663 66432 66846 69961 73393 74755 76910 80656 85325 
556 782 812 1089 1482 1605 1690 0 2041 2352 2487 2488 2564 2871 2959 3813 3852 4414 4554 4628 5407 5769 6323 6996 7079 7792 8536 9066 9658 10121 10605 11080 11422 11654 11675 12009 12653 14782 14968 15113 15289 17010 0 18676 19424 20172 20480 20518 22197 22391 22676 22916 23690 23764 24124 24722 26052 26526 27113 27145 28111 29804 30093 31688 31984 32096 32460 32998 33803 34784 35170 36574 38011 38050 39043 40000 40658 42521 44148 46881 46898 49186 49845 52311 52912 54122 54540 54660 54902 55140 55441 65578 66627 66965 70223 74111 74950 77408 81391 85600 
590 789 870 1355 1802 2059 2477 2541 2639 2932 2979 3049 3135 3152 3535 3902 3950 4452 4645 4676 5558 5868 6333 7066 7174 8210 8584 9791 10057 10129 10873 11280 11662 12055 12064 12162 13741 0 15555 16242 16685 17027 19276 19789 19828 20303 20670 20849 22752 23343 23452 23920 24436 24830 25367 25693 26472 26876 27141 28197 28418 31161 31438 32209 33655 33791 34057 34837 35262 35321 35421 36620 38361 39511 39516 40366 41525 42726 44600 48193 49033 49297 50255 53604 54235 54528 54709 54786 55219 55852 56224 65945 66770 67385 70416 74297 75480 77577 82175 86526 
842 1066 1360 1500 1996 2231 2611 2757 2767 2968 3014 3205 3246 3388 3618 3958 4180 4756 4952 5140 5930 6344 6493 7404 7701 8767 8889 9805 10210 10292 11488 11715 11999 12195 12512 12581 14231 15682 15710 16474 17261 18467 19478 19797 19943 21242 22137 22206 23778 23812 24134 24343 24661 25542 25670 26137 26516 27005 27205 28248 29024 31488 31685 32565 33818 33939 35635 35729 35983 36201 36248 37156 39039 39858 40374 40413 42476 43174 45054 48226 0 49620 50349 53739 54504 57173 57366 57538 0 57756 57983 66292 67145 67698 70520 74753 75558 78572 82796 86810 
1060 1158 1830 2071 2098 2296 2649 2843 2892 2970 3039 3497 3505 3611 3754 4003 4332 4785 5075 5162 5944 6881 0 7617 7949 9254 9280 10010 11031 11231 11970 12004 12321 12426 12667 12682 14371 15964 16110 16639 17870 18631 19643 20099 20347 21525 22386 22948 23867 23891 24234 24947 24964 26587 26883 27089 27104 27380 27411 28853 0 31764 32028 33333 34438 34803 35784 36066 36304 36542 36898 37313 39295 39968 40832 41650 42592 43997 45237 48344 49442 49827 50662 54223 54966 57331 58054 58586 58880 59833 60043 67284 67898 68093 70534 75251 75876 78680 82804 87289 
1072 1226 1942 2163 2184 2366 2679 2904 2928 3090 3117 3570 3746 4124 4218 4312 4374 4865 5305 5343 6088 6946 7014 7894 8033 9503 10285 10398 11074 11239 11976 12097 12336 12491 12689 12767 14742 16141 16366 16801 18165 18975 20710 21158 21356 21891 22435 23549 24129 24820 24987 25331 25644 26712 26885 27137 27796 27874 29144 29165 30158 32004 32357 33363 34863 35598 36046 36338 36382 37262 37514 37600 39303 40769 41025 42776 43543 44227 45516 48652 49498 50655 52426 54534 54973 57359 58821 59146 59756 60124 60883 68161 68392 69210 70863 75688 75973 79189 82814 87603 
1160 1277 2191 2259 2535 2622 3273 3387 3642 3841 3978 4164 4184 4292 4664 4799 4974 4982 5589 5877 6185 8183 8364 8437 8676 9972 10456 10468 11106 11682 11988 12174 12467 13400 13462 13605 14841 16370 16411 17155 18643 19024 21130 21535 21718 21994 22502 23962 25031 25771 26035 26166 26716 26745 26957 27153 28271 28662 29408 29647 30911 32270 32505 33881 35010 35673 36166 36534 38335 38521 39319 39905 40480 41152 41672 42972 44460 44616 46362 49246 49666 51114 53066 54568 55116 57770 58915 60625 60801 61158 61339 68285 68821 69455 71160 75890 76447 79618 82940 88299 
1499 1533 2234 2282 2597 2650 3277 3495 3650 3989 4070 4241 4357 4476 4677 4836 5073 5087 5688 6162 6804 8194 8488 8933 9115 10020 10510 10765 11341 12250 12363 12817 12919 13503 0 15021 15194 16372 17537 17590 18968 19101 21199 21689 22075 22081 23782 24049 25192 25783 26069 26203 26880 27328 27527 27761 29396 29578 30037 30061 31362 32390 32654 33923 35967 36885 37062 37277 38474 0 39764 40066 40590 42040 42825 43660 45290 45881 46676 49313 49675 54000 54232 54862 55511 57900 59672 61661 62589 0 64027 68545 70848 71191 73385 75978 77013 80566 83031 88331 
1716 1731 2250 2325 2603 0 3288 3581 3691 4214 4229 4379 4699 4724 4750 4930 5126 5550 5807 6288 6854 8311 8628 9024 9178 10497 10631 10869 11444 12916 13055 13068 13103 13638 14222 15088 15576 16398 17720 17762 18990 19133 21495 22045 22100 22164 24302 25166 25368 26282 26522 27021 27417 27519 27832 27908 30083 30207 30225 30227 31463 32837 32912 34475 36258 37560 37709 37812 38635 38824 40461 41171 41529 42797 43390 44464 45490 45900 46808 49401 50062 54287 54581 54993 56269 58369 0 62253 63135 63495 64361 68693 71195 72145 73512 76099 77571 81036 83234 88417 
1998 2029 2360 2502 2712 2812 3344 3659 3817 4643 4690 4764 4870 4918 5681 5777 6091 6230 6238 6575 7138 8325 9702 10157 10845 11286 11637 11770 11936 13107 13252 13294 13317 13913 14266 15226 15583 16876 18123 18246 19570 20852 21667 22222 22493 22532 24318 25197 25925 26653 26721 27295 27569 27725 29004 29244 30247 30363 30388 30613 31464 32993 33109 34972 36368 38371 38405 38408 39263 40232 40514 41230 41735 44018 44037 45448 46270 46607 46874 50008 51236 54434 54907 55029 56425 58561 60254 62259 63623 64108 64479 68949 71222 72405 74091 77413 77931 81090 83254 88609 
2164 2169 2429 2800 2931 3031 3514 3663 3836 4674 5008 5035 5322 5492 5717 5873 6214 6263 6414 6780 7372 8366 9814 10374 10944 11530 11812 0 11963 13125 13349 13371 13488 14033 14312 15715 16075 17103 18218 18648 19913 21273 21751 22227 22580 22787 25073 25979 26809 27006 27044 27306 27850 28724 29088 30175 30419 30830 30959 31586 31607 33478 34542 35226 36654 38439 38459 39006 39280 40865 40981 41426 42247 44532 44541 45647 47860 47886 48037 50157 51825 54846 55074 55099 56541 58895 60437 62799 63691 64499 64924 70030 71297 74415 75787 77666 78831 81212 83742 88623 
2233 2306 2447 3158 3186 3243 3516 3819 3916 4820 5214 5329 5431 5580 5876 6290 0 6329 6706 7185 7551 8731 9934 10629 11034 11860 12419 12876 12902 13175 13393 13482 14063 14135 15225 15814 16796 17458 18681 18846 19975 21983 22470 22499 23442 23876 25247 26364 26944 27439 27537 27641 28866 28867 29340 31021 31117 31431 33255 33311 33681 34726 34988 35415 37287 39262 40708 40773 40875 41979 42030 42550 42583 44534 45588 46279 48248 48251 48480 51641 52494 55480 56160 56608 57772 58917 61529 63052 64278 64566 65832 70777 71646 74591 76660 77863 79317 81993 84100 88661 
2302 2430 2448 3219 3307 3368 3577 3871 3980 5095 5250 5526 5538 5708 5883 6320 6820 7080 7181 0 7781 9370 10001 10755 11340 11984 12831 13490 13634 13709 13878 14322 14650 14660 15253 16538 17081 17575 19207 19290 20783 22336 22792 23132 23611 23905 0 26955 27015 27707 27784 28361 29278 29353 29742 32094 32247 32260 33328 33570 33698 34789 35826 36280 37775 39911 40804 41004 41419 42689 42837 42964 43086 45715 45918 0 48526 49367 50070 51767 52508 55729 56399 56834 58158 59924 62810 63062 64568 64871 66190 70966 71750 74778 76813 77907 0 82006 84906 88987 
2560 2610 2834 3461 3897 4197 4451 4695 4774 5154 5649 5958 0 6300 6356 6619 7153 7208 7769 7820 7855 9572 10099 11051 11367 12148 12909 13665 13691 13978 14011 14353 14814 15148 15606 16775 17304 17721 19396 20222 20946 22688 22920 23646 23798 23922 26412 27057 28473 29562 30038 30765 30878 30979 31232 32204 32948 33011 33994 35032 35313 35468 36086 36508 38179 40587 41826 41930 41986 42839 42872 43207 43327 46492 47904 48358 48692 49667 50207 52238 52881 55819 56611 57381 58952 60308 63341 63359 64980 0 66399 71098 72170 74897 77125 78051 79360 82037 85107 89224 
2579 2630 2899 3540 3911 4769 4892 5184 5394 5592 5786 6002 6448 6462 6542 6751 7182 7377 7771 7849 7930 9784 10106 11410 11414 12306 12946 13727 14291 15268 15370 15375 15528 15539 15686 17047 17449 17905 19593 20421 21705 23938 24595 24795 24814 24892 26536 27225 28524 29618 30092 31135 31253 32597 33466 33580 34469 35723 36085 36282 36345 36493 37748 37820 38685 41081 42720 43499 43730 43886 43904 43985 44951 46511 47998 49245 49276 50287 50898 52823 53331 56777 57909 58168 59821 60331 64377 65925 66047 0 66953 71328 72206 75347 77214 78373 79366 83167 85586 89250 
2736 2872 2960 3622 4050 4852 4956 5455 5459 5808 5965 6211 6592 7354 7672 7748 7834 8147 8454 8533 8587 10182 10831 11461 11887 12934 13235 14054 14327 15616 15640 15895 16113 16199 16297 17270 17452 17987 19638 20930 21782 24021 0 24869 25264 25275 26612 27317 28541 29964 30724 31788 31822 33658 33659 33798 35116 37018 37289 37291 37419 37451 37843 38120 39812 41342 42909 44820 45589 45834 46701 46955 47263 47401 48043 49366 49596 50467 51521 53218 53574 57342 58154 59250 61365 61399 64657 66144 66650 67788 67939 71942 72871 75399 77216 78470 79588 83461 85892 89964 
3188 3231 3238 3626 4127 4891 5045 5543 5606 5845 6042 6246 6645 7690 7885 8217 0 8869 8888 9104 9547 10789 10887 11472 12725 12985 13424 14747 15025 15652 15848 16107 16357 16572 17187 17289 17511 18594 20152 21845 22576 24042 25356 25377 27276 27331 27634 27728 28544 30097 30763 32114 32225 33846 34049 34355 35213 37120 38202 38325 38655 39908 39963 40008 40019 41623 43195 45028 45638 46727 47226 47633 47722 47732 48179 49979 50032 51450 52779 53276 54130 57372 58356 59648 61410 61568 64959 66183 66942 68284 68578 72041 72907 75815 77218 78666 79858 83668 86156 90660 
3272 3308 3429 3778 4206 5085 5171 6008 6647 6997 7021 7703 8598 8654 8751 8954 8987 9000 9160 9318 9561 10909 11124 11793 13036 13127 13630 15007 15389 15775 16077 16406 16521 16700 17412 17903 18005 18629 20317 0 22888 24358 25922 26378 28287 28571 29029 29823 29919 31208 31410 32292 32300 34403 35832 36016 37298 37412 38385 38550 39219 40809 0 41663 42287 42361 43786 45108 45782 46860 47240 47661 47976 48274 48945 50004 50176 52611 52821 53405 55856 57865 58942 59733 61498 62046 65009 66260 67072 68340 68790 72671 73207 75929 77361 79142 80897 86008 86239 90909 
3337 3555 3759 3960 4343 5089 5614 6416 7059 7093 7322 8076 8895 9078 9295 9397 9477 9866 10101 10261 10273 10960 11203 11885 13250 13419 0 15144 15402 15873 16482 16544 16903 17399 17732 17976 18125 18647 20344 0 22909 24410 26746 27298 28603 28939 29584 30242 31355 31665 31704 32761 33069 34521 36939 37151 37551 38058 38714 39477 39546 41510 41994 42293 42755 42810 44140 45240 46759 47309 48020 48291 48634 48984 49378 50060 50267 52715 52968 53422 56890 58030 59213 59794 61517 62483 65509 66351 67222 0 69773 72695 73704 0 77411 79336 81124 86017 86318 91140 
3924 3981 3997 4006 4406 5124 5678 6823 7229 7234 7336 8080 8897 9343 9361 9558 9567 10095 10164 10571 10647 11060 11840 11904 13470 13963 14367 15365 15425 17188 17356 17441 17736 18753 19232 19311 19404 20065 20651 22106 23285 25388 27126 27425 28621 29104 29815 30671 31621 31883 31978 32868 33644 34768 37254 37404 37666 38235 38884 39686 40195 43110 43452 43509 44062 44810 44988 45495 47080 47500 49286 49327 49460 49968 50799 51602 52111 53019 53330 53627 57539 58425 59456 60680 61693 63311 66566 67061 67904 70143 70159 73429 74602 76056 77718 79449 81363 86046 86488 91217 
4027 4293 4435 4511 4811 5326 5862 6979 7252 8075 0 8702 8909 9632 9803 10065 11146 11158 11252 11308 11563 12251 12468 12501 13509 14023 14381 16014 16451 17725 18176 19546 19924 20020 20904 21053 21344 21768 22175 22541 23355 25768 27768 27883 28658 29126 30301 30697 33912 34293 34345 34993 35738 36256 37376 38445 38718 38795 39583 39881 40839 43185 44200 45298 45510 45575 45677 45756 47155 47667 49291 49581 49593 50120 50990 51768 52131 53123 54549 55307 57902 58573 59670 61400 61735 63608 67049 67207 67964 70561 70864 74062 75448 76180 77839 80272 81616 86191 86649 91334 
4531 4539 4777 5222 5482 5629 6021 7298 7622 8229 8828 8912 9057 9637 10237 10560 11938 12085 12274 12443 12834 12993 13224 13765 14457 14587 14807 16301 16626 18156 18726 19667 20130 20717 20994 21276 21492 22736 23028 23894 24625 26515 28210 28394 28744 29148 30307 0 34211 34621 34890 35347 35869 36300 39844 40541 40653 41751 41837 42237 42643 43216 44214 45878 46019 46069 46106 46231 47161 48594 49512 50081 50268 50646 51081 52724 52988 53448 55130 55888 58589 59045 60339 61708 61978 63656 68114 69660 70248 70582 70940 74335 76297 77424 78082 80555 81873 86519 87026 91365 
4557 4601 4800 5835 5938 6679 6853 7469 7740 8493 8883 9551 9705 9751 10599 10661 12455 12461 12549 12660 14270 14710 14728 15116 15440 15594 15974 16636 16683 18415 19241 19697 0 21438 21658 22126 22316 23136 23262 23980 24824 28077 28928 29317 29719 29970 30773 30930 34220 34949 35322 0 36450 36569 41000 41321 41807 42067 42695 0 42946 43760 44757 46660 46866 47233 47710 48202 48372 49051 49604 50329 50504 51245 51566 52820 53253 53815 55324 56654 58831 59396 61089 62436 63636 64776 68897 70897 70913 71331 71636 74731 76718 77658 78538 81629 83239 86614 87382 92509 
4565 4782 4851 5905 6070 7071 7375 7775 7868 8612 8893 9553 9874 10320 11369 0 12874 12970 13081 13417 14480 15159 15248 15338 15599 15603 16156 0 17351 18667 19337 19906 21290 21837 22255 22297 22472 23784 23956 23995 24958 0 28931 29827 30115 30124 30778 31052 34514 35165 35385 35773 36711 37391 41248 41954 42264 43023 43152 43566 43788 44028 45768 46990 47255 47335 47963 0 48979 49130 49661 51282 51332 51403 51873 53006 54189 54523 55442 57718 59435 61649 62036 62454 64482 65209 68921 71647 0 72318 72726 75233 76915 77932 78968 81731 83322 86679 87427 92541 
4651 5114 5319 5922 6177 7091 8794 9149 9193 9197 9296 9638 9937 10555 11893 12128 12925 13109 13647 0 15317 15434 15467 15891 15899 16385 16663 17279 17946 18796 19503 19960 21302 21872 22639 22753 23022 23840 24217 25391 25396 28876 29053 30463 31186 31638 32065 33162 34535 35999 36221 36319 36821 38034 41403 42118 42274 43486 43917 43982 44035 44236 46142 47363 47623 49103 49296 49458 49895 50667 50839 52305 52336 52910 53233 53256 54411 54664 55917 58065 59525 62835 62877 63221 64590 65293 69008 72076 72856 72938 73086 75266 0 79055 79070 83133 83401 86888 87515 92580 
5453 5510 5581 6312 6464 7110 9004 9165 9202 9369 9456 10027 10267 11175 11961 12313 13073 13450 13775 14448 15513 15545 16763 17097 17454 17542 17680 19446 19602 19662 20057 20121 21533 22711 22826 23486 24219 25553 25908 26565 26990 29207 29510 31348 31474 31920 32403 33351 34581 36091 36262 36625 36906 38748 41591 42257 42960 43581 44171 44180 44561 44940 47122 47529 47735 49168 49376 49495 50562 50748 51195 52956 53343 53663 54084 54592 54815 55040 56934 59043 59702 62928 63168 63254 64799 65727 69015 72086 74482 74589 75109 75348 77093 79599 79979 83415 83584 87017 88055 92750 
6270 6361 6874 6937 7601 7959 9353 9652 10005 10117 10201 10202 10567 11358 12014 12362 13402 13615 14450 14773 15562 16147 16947 17391 17652 17818 18214 19487 19985 20140 20278 20436 21650 22833 23101 23561 24317 26013 27186 27703 27821 30056 30085 31851 33323 33469 33690 33793 35281 36432 36963 0 37786 39081 41841 42431 43092 44150 44760 45077 45450 45515 47219 48186 48198 49403 49508 49748 50674 51443 52863 53107 53972 54909 55082 55087 55229 55357 57081 59307 60163 62950 63539 64427 65528 66939 69293 72527 75356 75447 75642 75958 77347 0 81184 83713 83907 87201 88142 93297 
0 6818 7075 7106 8048 8413 9470 9752 10058 10309 10731 10976 11235 11545 12434 12785 13781 13816 14848 15100 15809 16171 17522 17701 17753 18484 18550 19528 20033 20296 20334 21312 22157 22862 23134 24645 24654 26228 27562 27831 27879 30192 30490 32124 33473 33675 36397 36880 37875 38228 38498 39087 39838 39923 42239 42957 43359 44683 45345 45469 46503 46788 48700 49003 49986 50589 50596 51271 51746 52455 53733 54158 54900 55224 56092 56105 56406 56474 57948 59548 60200 0 63878 66339 66365 67322 69939 72609 75834 75894 76149 77068 78005 79814 82337 0 84165 87251 88205 93429 
6973 7111 7399 7572 8079 8558 9915 10540 10650 10957 11119 11125 11310 11621 12823 12845 14528 14689 15186 15212 15979 16536 17647 17909 18239 18617 18880 19534 0 20974 22079 22241 22446 22989 23333 24921 24952 26548 27734 28277 28503 30385 30583 34047 34268 35066 37121 37808 37915 38281 38740 39500 39960 42094 0 43830 44270 45201 46107 46216 47048 48249 49394 49408 50810 51520 51653 52375 52651 52929 54697 54920 0 57039 58660 59942 60056 60220 60662 60696 61258 65129 65660 67356 0 67875 69960 73102 75873 76876 77554 78346 79161 80297 82545 83915 84261 87362 88459 93484 
8117 8252 8843 9017 9204 9534 10124 10730 10734 11094 11251 11257 11388 11781 13086 14224 14688 14748 15774 15905 16190 17257 17672 18136 18465 18704 19011 20191 20725 21353 22632 23365 23616 23842 24218 25005 25341 27049 27931 28657 28697 30920 31198 34346 34358 35343 38141 38189 38277 38432 39089 39894 40127 42750 44089 44584 45271 45406 47042 47057 47768 48263 0 50403 50866 51563 52229 52440 53434 53701 55253 55346 56584 57232 58969 59967 60278 61564 61815 62140 63517 65786 65884 67882 68225 68433 70149 73290 76325 77072 77679 78462 79624 80500 82842 84338 84386 87707 88934 93645 
8375 8466 8849 9732 9840 10241 10519 10818 10893 11651 11755 11898 12284 12519 13375 14658 14707 14827 15845 16012 16730 17565 17981 18430 18773 18876 19257 20350 20931 21803 22636 24340 24528 24755 25112 25631 25816 27517 28004 28839 29400 31623 31738 34357 35115 35429 38592 39070 39510 40200 41079 41239 43029 43752 44169 44613 45567 45688 47997 48425 49848 49849 49890 51119 51171 52109 52871 53257 54086 54890 55871 56320 56704 57534 58997 60161 60644 61629 62006 62423 64233 66206 66239 68007 68263 68594 70222 73576 76344 77073 77884 79259 80515 80579 83317 85204 85515 87837 89081 93855 
9013 9181 9467 9811 10221 10424 11142 11204 11232 12378 12482 13093 13753 14687 14690 14776 14877 15190 15922 16013 17337 17997 18162 18544 18942 19275 19343 20873 21346 22160 22701 24782 24996 25082 25854 26238 26367 27626 28127 29013 30016 31757 31986 35440 35883 36276 39072 39300 40017 42538 42620 42653 44574 44967 45418 45721 45774 46066 48669 48707 50204 50312 51064 51765 52188 52235 53135 54754 55079 55184 56230 56661 57403 57570 59148 60418 60691 62490 62697 63248 64318 67497 67610 68305 68335 69492 70515 74087 76568 77315 78054 79590 80923 81387 83781 85423 85563 88198 89476 93889 
9438 9602 9614 9928 10332 10482 11614 11869 11892 12460 12719 13165 13947 14752 14833 14982 15258 15508 16241 16329 17493 18050 18326 18551 19391 19412 19880 20900 21952 22429 22765 24790 25292 25614 26420 26524 26637 27779 28238 29515 30626 32117 32266 35675 36283 0 39890 40065 40077 42609 42742 42785 45319 45699 46312 46463 46681 46921 49700 51717 51726 52025 52158 52384 54769 55150 55853 55908 56689 57165 57223 57332 58452 58669 59240 60461 60842 62517 63129 63281 64991 67611 67662 68861 69109 70588 70869 74217 77074 77821 78169 79596 80997 81878 84027 85731 85797 88267 89493 94168 
9579 10215 10265 10659 10708 10743 11743 11972 12094 12629 12901 13231 14044 15238 15685 15991 16314 16718 17037 17109 17867 18063 19530 19586 19709 20405 20414 21494 22755 23131 23283 25117 25735 26943 27555 27699 27711 29468 30050 30703 31734 32136 32533 35903 36698 36840 40103 41302 41450 42612 42803 42818 45958 47120 48398 48646 49197 49217 50361 51925 52081 52329 53912 54384 55044 55259 55963 56331 56839 57604 57801 58383 58546 59196 59529 63005 63040 63806 64185 64904 65641 68038 69126 69359 69429 70652 71320 74758 77128 78364 78661 80035 81137 82929 84232 85741 86316 88620 89785 94232 
9783 10343 10512 10710 11077 11344 11791 12230 12730 13076 13311 14034 14049 15319 16374 16497 16835 17181 18221 18314 18435 18471 19764 19977 20055 20463 20699 22098 23507 23557 23854 25274 25807 27886 29233 29541 29693 30262 30340 30881 32074 32216 33120 35905 36958 37033 40429 42448 42752 43854 44295 45141 45971 47585 48466 48769 49567 50260 50613 53104 53714 53834 54036 54429 55167 55670 56383 56838 0 57775 58142 59013 59392 59528 59700 63217 63360 64834 65317 65390 66700 68256 70018 70563 0 71536 73739 74904 77380 78501 79044 80298 81583 84341 84532 85821 86490 88749 89804 94264 
10726 10925 10959 11364 11522 11569 12095 12364 12798 13734 14290 14500 15444 15449 16689 16764 16940 17276 18238 18939 19451 19737 20981 21168 22146 22904 23875 24236 24449 24471 24500 25620 26848 28349 29381 29558 29881 30719 30899 31003 32459 32546 33465 0 37211 37234 40831 42451 42820 43973 45800 46127 46177 47752 49909 50049 51003 51380 51624 53884 54123 54174 55829 57036 57085 58132 58264 58441 58945 59079 59361 59812 59938 60053 60148 63712 64099 65048 65652 65929 67216 68642 70031 70801 71314 71650 75257 76811 77382 78900 79350 80329 81825 84989 85228 86446 87179 88837 90546 94278 
10752 10966 11029 11376 11819 12375 12420 12558 12886 13992 14699 15043 15547 15712 16717 0 17401 17616 18307 19531 0 19804 21018 21384 22321 23220 24499 25841 26221 26630 0 27610 27735 28465 29842 30394 30783 30995 31271 31353 32569 32838 33479 36932 37322 37764 41038 42567 42930 44051 45913 46425 46480 48012 50761 50986 51028 51958 53013 54070 54222 55589 56958 57798 57976 58553 59203 60324 60402 60949 61134 61544 61927 61931 63443 63827 65114 65305 65840 65968 67255 68961 70037 70905 71368 72693 76311 77926 78167 79482 80066 80538 82553 85077 85606 87146 87486 88947 90979 94304 
11777 11842 11987 12177 12238 12560 12643 12656 13268 14038 14702 15171 15610 16519 17114 17593 17983 18181 19237 19671 19972 20813 21160 21884 22488 23514 24543 25887 26501 26709 27355 27799 28089 28563 30040 30976 32079 32392 32603 32817 32842 33045 33625 37191 37591 37984 42452 43589 44056 44865 45991 46647 47376 48407 50783 51417 51970 51972 53929 54627 55361 55796 57167 58183 58460 59295 59988 60747 61028 61600 61691 61734 62250 63894 63934 64243 65548 65637 66166 66284 67335 69332 70169 72382 73208 73864 76986 77930 78348 79724 80374 81259 83172 85287 85668 87393 87677 89326 91040 94763 
13493 13792 14159 14195 14352 15042 15048 15117 15127 15135 15353 15455 15968 17164 17523 17629 18148 18209 19379 19700 20041 20831 21687 21927 22958 23889 24840 27793 27933 0 30259 31101 31278 31588 31641 31868 32589 32978 33031 33612 33661 33804 34659 37299 37813 39045 43610 43636 44518 45238 46502 47068 47472 48568 50944 51439 52010 52638 54362 54750 55726 56201 57483 58732 59506 59787 60492 61079 61190 62409 63189 63318 63492 64238 64988 66488 66714 66841 66972 67139 67617 69425 70250 72586 73263 74079 77132 78213 78517 80716 80724 81534 83306 85732 86245 87529 87712 89575 0 95106 
14081 14315 15651 15673 16860 17152 17681 17927 18580 18605 18751 19325 19520 19769 19778 20519 21410 21508 21676 21946 22388 22627 23513 23659 23660 24160 25877 28123 28495 28849 31780 31976 32681 32824 33417 0 34687 34893 35460 35813 35839 36462 37275 37618 38085 39474 43965 44536 45689 45770 46839 47070 49226 49534 51632 51911 52403 52655 55409 55990 56342 56804 57563 59187 60195 60573 60817 61147 62081 63681 63808 64445 64837 65088 65224 66847 66860 66879 67233 67275 67848 70098 70532 72678 73464 74788 78091 78886 78914 80950 82243 82617 83343 85983 86436 87865 88537 89732 91418 95202 
14498 15259 15696 15984 17366 17444 18560 18754 18971 19215 20051 20071 20501 20608 20728 20905 21589 21665 22731 23474 23664 23835 23949 24004 24245 24490 26020 0 28600 29240 31843 32453 32965 0 33890 34168 34891 34961 37196 37455 37580 38269 38999 39792 39940 40278 44014 46693 46951 47230 48706 49388 50732 51063 51998 52000 52501 52792 56036 56300 57016 57363 58019 59910 60860 60878 60898 61163 62726 64076 64421 64878 65207 65586 0 67051 67814 68332 69341 69557 69749 70270 70589 72886 74519 75192 78110 79327 79351 81238 82296 82757 83946 86524 86657 88202 88885 89761 91808 95479 
14990 15870 16038 16101 17580 17827 19272 20185 20215 20455 20504 20547 20752 20800 21287 21504 22331 23363 23450 25217 25329 25665 25916 27347 28001 28346 28496 28602 28844 29256 32407 33068 33191 33418 34326 34820 34926 36538 37542 37644 38922 39626 39854 40037 40320 40411 44237 46802 47305 47366 49017 49753 52433 52708 53232 53329 54444 55101 56490 56694 57316 57388 58631 61254 61487 61500 61781 62141 62995 64248 64586 64927 65221 66205 66267 67121 68210 69432 69469 69696 70038 70973 71032 73255 74938 75264 79133 79367 79467 82810 82830 82991 84098 86577 87347 0 88890 89790 91875 96036 
16614 16762 16971 16999 17795 17895 19519 21080 21243 21447 21587 21957 22161 22244 22481 22746 23140 23612 23749 25305 25517 26588 26613 27564 28115 29561 30620 31559 31792 32093 32673 33320 33714 33762 34584 34853 35205 36782 37726 37951 39509 39708 41235 41733 41821 42112 44548 47036 48828 48859 49627 50811 52944 53317 53649 54072 54570 55641 57049 57213 57328 57475 59088 61296 61505 61951 61996 63172 63597 65165 66094 66436 66482 66920 66983 67194 68589 70071 70256 70356 72385 72420 73291 73357 74989 75306 79288 79660 0 83711 84079 84915 85229 86632 88075 88266 88905 89805 92002 96046 
16668 16780 17307 17394 17838 18103 19740 21143 21928 22163 22320 22659 22807 22942 23148 23241 23693 24325 24346 25603 25611 26810 26982 27897 28230 29863 30623 32106 32418 32897 33595 33772 35317 35774 36187 36401 36484 37865 38087 38191 39727 40611 41713 42323 43050 43735 44825 47367 49632 49824 50430 51079 53252 54098 55245 55598 56022 56387 57273 57421 57608 57732 59479 61810 61874 63378 64262 64486 64498 65228 66912 67316 68064 69236 69995 70754 70975 0 71815 71921 72902 73004 73299 74486 75344 0 79344 79664 82171 84445 84483 85047 85801 86856 88271 88991 89381 90385 92144 96083 
17204 17507 18107 18356 0 18693 19754 21457 22503 22981 23146 23652 23848 24514 24525 24664 24835 25257 25334 25628 26572 27303 27338 29049 29700 30178 31049 32928 33123 33457 33992 34748 35538 36377 36771 37809 38030 38035 38321 38647 39783 41631 41964 43233 43398 44483 45114 47599 50221 50227 50464 51601 53270 0 55279 55830 57045 57268 57474 57704 57809 58811 60233 62286 63562 63944 64264 64547 64551 65404 67456 68670 68741 69249 70025 70976 70986 71343 71868 72140 73239 73987 74410 74531 76684 77721 0 80793 82191 84700 85119 85364 85965 86883 88543 89006 89442 90653 92667 96184 
17936 17989 18766 18830 18940 19063 19866 22070 23061 23291 23410 24204 24327 24727 26467 26718 26843 26871 27431 28074 28246 28411 28861 29444 30246 30497 31558 32938 33271 34716 34859 35007 35782 36523 36986 37903 38207 38337 38398 39394 39990 41649 0 0 43691 0 45433 48105 50233 50604 50996 52007 53295 54962 55626 55891 57116 57378 57835 58166 58815 58906 60854 62332 63592 64339 64642 64671 64810 65816 67532 68692 68763 69254 70812 71067 71193 71419 72175 72308 74185 74580 74955 76168 77490 77756 79889 80894 83817 84730 85190 85585 86158 87565 88694 89092 89546 91364 92727 96436 
18257 18325 19268 19575 20193 20330 20393 22239 23244 23758 24298 25049 25311 25740 26471 27218 27650 28054 28140 28568 28834 28884 29093 29645 30309 31043 31989 33513 33533 35006 35434 35640 36314 36562 37055 38009 39122 39159 39286 39660 40491 41728 42828 43546 44087 45350 45584 48150 50737 0 52047 52323 53344 55009 56364 56709 58047 58235 58358 58547 59127 60000 60911 63188 63755 64373 64994 65268 65566 65848 67718 69591 70488 71174 72046 72854 73605 73661 73860 74196 75099 75138 76417 77019 77810 78467 80136 81339 84166 84807 85375 85593 86168 87599 89815 89865 90216 91698 93072 96469 
19022 19202 0 20314 20512 20616 20772 22577 24068 24272 24435 25090 25513 26186 27863 28022 28028 28247 28391 28576 29267 29384 29564 29697 30551 31266 33307 33900 33999 35204 35614 36114 37421 37586 0 38673 39807 39836 39863 40242 40508 41795 43224 43967 45416 45633 47389 48189 50789 52089 52367 52722 53415 55235 57219 57318 58684 59397 59441 59617 59872 60329 61017 63339 64036 64414 65150 65459 66202 67041 68598 69781 71151 72594 72914 73106 74013 74397 74511 74720 75196 75604 78698 78740 78793 78828 80207 81988 84627 84851 85566 85849 86721 89231 89933 90127 90471 0 93810 96980 
19926 20240 20336 20950 21319 21538 22224 23236 24156 25227 25279 25483 25723 26193 27978 28311 28353 28396 28924 29627 29717 30323 30367 30408 30888 31879 33381 34029 34506 35243 35656 36563 37811 39060 39151 39473 40113 0 40592 40646 41535 42624 43408 45110 45665 46047 49109 49136 50876 52166 52542 52977 53584 55549 57286 58119 59425 60879 60959 61554 61643 61660 62424 63601 64940 65388 65933 66784 67804 68401 68839 70322 71724 73110 73120 73137 75541 75566 75666 76188 76849 77007 79263 79436 80370 80415 81904 82441 84734 84959 85749 86043 87032 89455 90563 91117 91323 92985 93916 97064 
20167 20264 20918 21163 21451 21753 22256 24278 24282 25982 26135 26257 26393 26405 28294 28435 28573 29071 29315 29670 30376 31125 31592 31929 32556 33050 34685 34712 34881 35455 36521 36845 37922 39240 39530 39594 40209 40722 40759 42255 42512 42784 43643 45641 46325 46451 49633 50538 51067 52960 53404 53752 53947 55953 57320 58533 59475 60931 61034 61573 61923 62237 0 64843 0 65460 66651 66837 68028 68573 69388 70825 71730 73365 73714 73792 75699 77974 78534 80210 80262 80428 80798 80937 81210 81300 81959 82667 84748 85141 85836 86683 87275 89555 91347 91498 91792 93154 94183 97111 
20911 21540 21579 21764 22029 22047 24110 24536 25191 26144 27280 28186 28187 28225 28466 28636 28650 29190 29354 29796 30508 31332 31709 31988 32706 33103 34794 34811 34916 35591 36573 37333 38338 39255 39817 40259 40524 40861 41520 43914 44271 44514 45330 46873 47276 47937 49868 52617 53340 54011 54124 54718 55129 55975 58274 58931 59725 60948 61343 61849 62155 62336 63104 64891 65507 65546 67009 67038 68622 68724 69770 71125 71892 73543 74131 74384 75843 79255 79549 80308 80388 80960 80998 81056 81891 82979 83683 83768 84927 85477 86015 86852 87332 89559 91424 92218 92260 93224 94188 97259 
21125 21814 22048 22085 22300 22878 24610 25160 25290 26262 28102 29761 30096 30253 30317 30501 30720 30838 31246 32035 32231 32611 33285 0 34184 34255 35314 35807 35991 36056 37050 37544 39825 39926 40467 40864 0 41985 42087 44228 44341 44639 45434 47394 47960 48426 50791 52826 54701 55788 57444 57745 59505 59863 60091 60299 60356 61128 61777 62431 63909 64029 65345 65511 65575 65916 67020 67067 68630 68877 69966 71284 72028 73764 74339 74434 75915 79406 79912 80588 80896 81207 81343 83515 83684 84017 84669 84685 85460 85676 86212 87237 88203 89579 91524 92901 92943 93479 94381 97351 
21152 22397 22561 22829 22873 23077 24907 25190 25465 26434 28336 29786 30494 30700 30788 30885 31239 31500 31604 32258 33525 0 34734 35280 36073 36346 36957 37226 37434 37584 37939 37949 39859 40272 40879 41098 41689 42126 42509 44721 46302 47361 47405 48204 48750 48751 51248 53249 54724 56185 58224 58275 59741 60127 60291 60958 61037 61191 62126 62605 0 64803 65577 65885 66222 66428 67116 67437 68869 69200 70014 71298 72917 74808 75155 75362 76158 79522 80792 80797 81092 81401 81404 83720 83854 84186 85122 85124 0 85697 86400 87812 88244 90157 91549 93912 94619 94998 95050 97597 
21472 22465 23213 23826 24040 24559 24915 25238 25640 26510 28622 29847 30785 31467 31787 32820 33691 34242 34744 34857 34870 35126 36115 36208 36228 36356 37985 38291 38411 38716 38826 39281 39950 40704 41677 42269 42366 42759 43072 45042 46379 47543 47559 49024 49179 49786 52159 53522 55065 56264 58483 59394 61278 61533 61561 62611 62980 63183 63396 63915 65154 65678 65881 66008 66271 67443 67575 67988 68984 69257 70506 72231 75108 75360 75625 75912 76706 80111 80847 80901 82332 82803 82851 85197 85308 85997 86951 86981 87759 87859 88006 88260 88330 90280 92153 94471 94623 95149 95487 97648 
22877 23423 23508 23865 24070 26273 26358 26583 27007 27008 28859 29885 30802 31679 32699 32851 33727 34367 0 35554 35655 36052 36388 36618 36728 36961 38029 38878 40458 40650 41289 41343 41609 41611 41839 42405 42575 42805 43336 46378 46750 48292 48434 49229 49991 50222 52470 53578 55158 56720 58507 59765 61347 61558 62027 62941 63026 63535 63699 64648 65198 66434 66456 66629 67154 68146 68189 69270 69551 69968 70550 73162 75705 75759 75781 76349 77047 80170 81083 81112 82959 82996 83346 85256 85547 86462 86967 86991 87822 88171 88401 88972 89355 0 92295 94821 95368 95448 95581 98006 
23175 23533 24081 24385 24464 26662 28354 28668 29114 29634 29706 29904 30989 32358 32866 33398 34226 34841 34844 36010 36287 36291 36587 37039 37364 37880 38786 39475 40926 41633 41645 41988 42266 42662 42699 42869 43059 43529 44231 46927 47505 48475 49734 50005 50022 51232 53826 53940 55617 57195 58719 60668 62168 62179 62323 63960 64084 64237 64745 64866 66487 66772 67795 69059 69305 69819 69847 69965 70442 70538 70726 73182 0 76253 77031 77084 77586 80244 82369 82754 83152 83312 83448 86137 86298 86821 87538 88111 89435 90013 90094 90665 90742 91790 92666 95179 95422 95583 96091 98184 
23540 24044 24231 24601 24617 26819 28443 28675 29988 30371 30505 30605 31784 32994 33259 33601 34412 35087 35533 36109 36801 37040 37248 38353 38525 39022 39207 40183 41368 42299 43125 43405 43956 44012 44131 44315 44491 44985 45051 47210 47539 48597 50730 51802 53410 53645 54010 54647 56189 57389 58737 0 62329 62957 63094 64271 64366 64540 66204 66210 66602 67729 67824 70910 71587 71790 72305 72492 73646 73790 74710 75431 77423 77522 77766 77889 78041 81507 82396 82871 83699 83878 84263 86152 86826 87016 87716 88734 89591 90382 90785 91073 91405 92407 92752 95302 95527 96107 96211 98212 
25451 25453 26433 26695 27098 27177 29371 29731 30066 30840 31405 31477 32545 33897 33908 34819 35581 36278 36622 36854 0 37362 38126 38555 39143 39443 39862 40481 42131 43191 43696 0 44263 45601 45605 45615 45967 46007 46744 47434 0 0 51135 53197 54027 54367 54705 54727 56724 58015 59748 61476 62461 63226 63920 64820 65087 65397 66646 66689 66750 67849 68109 70956 72582 72763 74016 74229 74507 74636 76025 76254 77485 78097 78117 78790 79745 81696 82433 82878 83965 84534 84916 86345 0 87027 87946 88985 89853 90523 91155 91891 92241 92461 92934 95324 95608 96266 96516 98216 
25751 25831 26661 26867 27212 27744 29385 29949 30290 31175 32368 32475 32553 34024 34182 34875 35634 36399 36915 37341 37933 38363 39877 40055 40842 41590 41885 42341 42598 43325 45363 45429 46046 46820 47548 48305 48596 50322 50556 51137 51437 52335 52460 53737 54137 55165 55448 55643 0 58103 60138 61861 62822 63345 63997 65311 65438 65489 67074 67190 68604 68927 69285 72093 72842 73335 74088 74420 75382 0 76444 76911 79378 79835 79900 81276 81384 82829 83014 83478 84021 84540 85048 86703 87061 87141 88379 89305 90485 90887 0 92191 92724 92735 92935 95552 95702 96313 96538 98241 
25801 25957 26688 26996 27342 27745 29536 31216 31874 32133 32442 32785 32836 34372 35236 35303 36627 36762 36994 0 38265 39372 39879 40316 41372 42319 42741 43927 44029 44175 46328 46332 46703 47150 47836 48912 49750 50437 50877 51910 52183 52687 0 54193 54437 56579 56951 57017 57216 58542 0 62016 62861 63431 64119 65541 65744 66360 67680 67986 69694 69952 70474 72151 73030 73644 0 74489 76303 76829 77017 77114 79404 80100 80147 81748 81948 84200 84414 84758 85017 85272 85529 86797 87075 87250 88386 89399 90766 91081 91565 92469 92849 92930 92995 95617 95806 96497 96624 98408 
27710 27843 28145 28522 28708 30422 30668 31753 32052 32150 34034 34149 36047 36101 36393 36438 37658 37779 38441 38750 38869 39486 39943 40574 41480 42544 43687 44088 44183 44269 46336 46508 46962 0 47953 49255 49803 51633 52210 52949 54454 55058 55289 55727 55980 57299 57842 58095 58238 58605 60623 62654 63672 63702 64674 65587 66145 66393 68022 68318 70566 70953 71280 0 73407 73781 74376 76462 76488 77238 77978 78042 79825 80589 80973 81843 82143 84246 84452 85412 85616 85620 85623 86834 87295 87399 89171 89562 90797 91102 92578 92712 93301 93588 94156 95861 96028 96548 96727 98490 
27988 28424 28627 28938 29403 30652 31855 33098 33551 36152 36913 36951 38327 38522 39301 39795 39921 40670 40834 40929 41487 41892 42052 42348 42838 43131 43812 44318 44879 45311 46737 46894 47254 48353 48393 49630 49996 51708 52277 53351 54882 55674 55843 55916 56445 57600 57972 58290 58393 58685 60851 62863 63676 63906 64788 66880 67161 67346 68624 68744 70938 71009 71764 72515 73824 74769 74821 76536 77117 77385 78044 78861 79962 81005 81499 82088 82270 84490 84789 86297 86306 86449 86542 87254 87497 87508 89269 89605 90882 91285 92707 93143 93529 93690 94477 96187 96329 96637 96900 98599 
31624 31848 32019 32155 32322 32369 32494 33195 33650 36199 37167 37168 39236 39634 40024 40375 40628 40933 41211 41678 41729 42875 43182 43492 43520 44090 44922 46307 46315 46611 46916 47069 47303 48382 48553 49814 50141 52300 52332 53781 55382 55920 56009 56069 56880 58050 58087 59001 59745 59805 61251 63992 64212 64585 64945 67182 67917 67944 68691 68817 71106 71277 72022 73237 74069 74895 75046 76966 77462 77691 78125 79090 80857 81456 82682 82892 83293 84511 84995 86492 86678 87021 87266 87280 87751 87862 89374 89678 91037 92333 92739 93650 94390 94429 94766 96344 96922 96961 96978 98630 
0 34189 35241 35594 36882 37692 37755 38481 39309 39566 39770 40039 40117 40358 40506 41485 41581 42527 43215 43949 44142 44144 44504 44736 44778 45097 46678 47082 47726 48096 48648 48800 49953 50453 51239 52463 52763 52933 53091 54933 55562 56651 56942 57441 57549 58421 58429 59558 60581 60727 61361 64046 64487 64998 65366 67455 67929 69150 69776 71572 72199 72333 72422 73244 74467 75290 75291 77134 77464 78157 78193 79485 81010 81745 82785 83319 83776 84797 85005 86728 86879 87049 87339 87443 87879 88020 89653 89829 91182 92622 93109 93781 94876 94957 95154 96377 96934 97488 97571 98725 
34828 35211 35245 36006 36920 39574 39694 39711 40580 40589 41434 41698 42066 42230 42571 42904 43011 43300 43561 44831 45316 45805 46201 46269 46359 46775 47921 48151 48159 50277 50586 50841 51428 52209 0 52691 52774 53391 54988 55144 0 56739 56982 57467 58464 58724 58873 59879 60584 61192 61703 64371 64720 65199 65508 67513 68552 70205 70420 72088 72348 72480 72575 73878 74584 75565 76030 77598 77923 79195 79545 79775 81439 82999 83881 83986 84019 84998 85063 87290 87873 88301 88486 88586 88738 89070 90397 90427 91252 93181 93258 93795 95342 95633 95817 96454 96969 97644 97851 0 
35186 35363 36190 36688 37568 39969 40098 40520 40586 40593 41845 41855 43667 43776 43948 44168 44454 45225 45625 45762 45772 46065 47410 47512 47618 47701 48074 48245 48260 50317 50768 50872 51620 52662 53226 54176 54687 54758 55188 55222 56028 56814 57676 58266 58634 59055 59232 60121 60880 61768 61812 64539 64935 67274 67366 67776 69199 71411 71819 73254 73345 73750 73964 75350 75540 75746 76418 77994 78149 79278 79803 0 81698 83577 84184 84529 84704 85142 85217 0 87983 89260 89298 89422 89447 90087 90473 90607 91628 93553 93915 94335 95446 95709 95832 96460 97104 97690 98087 98924 
35526 35697 36352 0 37688 40230 40390 40642 41543 41766 42385 42999 44194 44311 44373 44447 45224 45263 47024 47464 48112 48219 48638 49546 49840 50571 51833 51852 52130 52140 52710 52879 53366 53967 54449 54854 54868 55301 56265 56715 56998 57260 58965 59133 59297 59699 60029 60346 60993 62059 63205 64867 65735 67480 67487 68023 69329 71461 72171 74485 74512 75027 75472 75822 75859 76151 76789 78478 78543 80265 80498 81462 81946 84889 84964 85175 85874 86007 86288 88025 88513 89277 89748 89770 90137 90343 90678 91294 92269 93798 94362 94594 95942 95957 96102 96750 97417 98259 98365 98980 
37009 37967 38569 38868 38978 40570 40783 40801 41724 41927 42587 43505 44337 44701 45356 45517 45850 45888 48308 48834 48880 49901 50154 50213 50455 50787 52001 52895 53800 53854 54497 55437 55625 55684 56564 57183 58045 58234 58865 59384 59576 59894 60235 60395 60834 61026 61119 0 61662 62588 63549 64984 65921 67605 68317 68498 69754 71858 72546 74853 75459 75993 76292 76689 76830 76932 77434 78527 78786 81477 81535 81652 83016 85414 85758 85833 85881 86512 86520 88050 89114 89311 90239 90622 90941 91444 91694 92381 92958 93936 94423 94618 95948 95967 96128 97114 97441 98395 98503 99037 
41755 41942 42485 42513 42917 43284 44697 45215 45329 45486 45886 46341 46410 46769 47038 47132 47197 47739 48816 48965 49081 50059 0 50304 50684 0 52132 53132 53904 53958 55713 56045 56848 57130 57360 57547 58739 59022 59804 60064 61509 62272 62522 63578 64012 65453 66279 67032 67142 67317 67677 67754 67949 69137 70365 70390 70552 72477 72792 75040 75595 76393 76539 77349 78247 78490 79107 79416 79704 81574 81665 81896 83142 85671 85785 85843 0 86668 86974 88130 89125 89367 90409 91306 91709 91724 91912 92475 93037 94049 94517 94904 95978 96159 96449 97149 97486 98403 98641 99134 
42192 42256 42540 43894 44022 44713 44857 46371 47433 47457 47803 48337 48641 48712 49292 49599 49669 50454 50679 50859 51192 0 51915 53609 53700 53859 54295 55743 56139 56275 56292 57544 57819 57880 58077 58629 59071 59249 60018 60693 62520 63191 63800 64157 64192 65465 0 67416 67551 67625 68151 68424 68555 69365 70663 70768 70832 72585 73340 75135 75724 77960 78166 78564 78669 78673 79723 79760 79948 81601 82112 82261 83796 85911 86098 0 86334 87188 87197 88660 89918 89977 90458 92296 93070 93111 93260 93292 93322 94759 94988 94995 96077 96381 96458 97173 97751 98455 98659 99181 
42827 43511 43595 44009 44164 45507 45579 46627 47797 48595 49807 51121 51213 51884 52208 52650 53472 53514 53968 54133 54533 0 54781 55370 55433 56790 56797 57065 57196 57275 57364 58286 58828 59027 59113 59304 59560 59580 60475 61532 62793 63701 63888 64229 64654 66006 66474 67612 67797 68131 68564 68637 68954 69729 71477 71754 72814 74040 74390 75390 75752 78309 78738 79634 79819 79867 80389 80674 80843 82034 82279 82414 83903 86198 86219 86961 87377 87578 87958 88684 90006 90311 90925 92349 93124 93134 94131 94251 94761 94802 95148 95288 96084 96566 96634 97340 97850 98640 98746 99249 
45459 46722 46794 47693 47745 48380 48591 48849 49013 49519 49826 51692 52074 52866 53660 54304 55368 55744 55756 56133 56157 56618 57382 57923 58406 60385 60785 61656 61982 62925 63300 63609 63794 63845 64001 64009 0 64509 65596 65912 65964 66181 66872 66919 66995 67546 68119 68579 68875 69269 69738 70496 70541 70862 71992 72689 73217 74653 74749 75732 76399 78847 80095 80545 80617 80722 81316 81577 81627 82180 82973 83102 84106 86354 86450 87111 87397 87845 88234 89186 90507 90529 92040 0 93320 93564 94350 94622 95427 95975 96148 96177 96295 96573 97154 97443 97978 98907 98922 99332 
46453 46809 47284 48165 48277 48598 48889 49406 49838 49875 50203 51848 52167 52868 53809 55942 56325 56402 57176 57259 57443 57894 58884 60079 60548 60829 61198 62129 63885 65012 65387 65886 66320 66404 67046 0 68656 69411 69646 69855 70285 70473 71000 71072 71216 71434 71514 71948 72628 72839 73313 73762 74183 74924 75165 75343 75887 0 76607 76673 77342 78945 80956 81013 81087 81263 81431 81688 81845 83116 83365 84122 84250 86603 87155 88186 88289 89010 89205 89279 90732 90746 92062 93591 93637 94346 94383 94862 95836 96281 96310 96430 96455 96670 97210 97625 97989 98977 98984 99337 
47432 47481 47566 48448 48926 49542 49957 50524 50887 52197 52669 53455 53538 53662 53942 56400 56762 57501 57576 58714 59424 59726 60383 60582 60890 60915 61209 62412 63947 65181 65598 66162 66594 67130 67580 67891 68673 69533 69849 69922 70363 71148 71332 72043 73052 73187 73245 73820 74515 75019 75511 75806 76401 76498 76757 76762 76828 77176 78541 79423 80342 80688 81053 81562 81614 81618 81701 82100 82240 83318 84177 84358 84403 87380 87730 88336 88520 89093 0 89729 91407 92167 92181 93642 93888 94384 94569 95081 95904 96309 96334 96656 96658 96795 97219 97726 98145 99090 99171 99468 
49045 49618 50739 51347 51468 52538 53053 53548 53892 53935 54989 54991 55564 56367 57851 59132 59171 59332 59551 59976 60151 60967 61112 61205 61404 61452 61626 62452 63985 66301 66397 66454 67227 68812 68928 0 70085 70154 70373 70435 70794 71389 71394 72415 73419 73536 73741 74026 75268 0 75741 75970 76588 76622 77379 77818 77861 77875 79976 80356 80665 80870 81245 81769 81923 82017 82676 82989 83574 83610 0 84682 84781 87598 87804 89573 89640 89703 89730 89920 92025 92458 92498 94090 94446 94749 94836 95294 96279 96312 96343 96657 96697 96798 97239 97747 98200 99100 99408 99485 
49955 50098 51616 51988 52622 53268 53483 53568 54020 54126 55211 55217 56193 57046 57974 59235 59268 59504 59638 61169 61436 61863 62550 62594 62713 62875 63076 63469 65316 67099 67246 67757 68427 69338 69664 69709 70215 70326 70528 70718 71003 0 72230 72606 73447 74063 74611 74613 75640 76720 76867 77254 77275 77650 77685 78500 78656 78845 80448 81286 81412 82147 82639 83302 83513 83987 84113 84293 84299 84616 85007 85255 85420 87622 88170 89616 89713 90223 90320 90360 92413 92572 92673 94114 94794 0 95696 95730 96404 96451 96722 97007 97132 97230 97300 98062 98250 99228 99426 99511 
53308 53432 53460 53915 54116 54427 55161 55182 55401 57109 57250 57610 58326 58431 58521 59335 59964 60119 60176 61227 61565 62882 63768 64104 64113 65040 65096 65318 65348 67123 67569 0 69132 69904 69927 70059 70294 71471 71879 72557 72563 72569 73158 73572 74392 75010 75803 77070 77092 77193 77592 79056 79124 79280 79491 80375 80521 81077 81336 81654 81797 82727 83384 83541 83964 84388 85973 86012 86077 87184 87659 87917 88047 88309 89202 90349 90450 91076 91256 91326 92456 92989 93146 94342 94820 0 96121 96237 96653 97101 97226 97350 97611 97981 98005 98165 98645 99404 99461 99551 
55030 55250 55293 56202 57205 57631 57734 59269 59450 59521 59666 60410 60436 61250 61432 61496 61587 62506 62599 0 63970 64210 64284 64456 64872 65182 65505 66411 66549 67205 68289 68843 69220 70201 70470 70621 70622 72004 72161 72646 73363 74435 74730 74733 75494 75900 75944 77496 78282 78381 78621 79239 79356 79823 80698 80725 81342 81832 81851 82164 82840 83641 84196 84203 84210 84396 86074 87390 87655 87773 87943 87955 88767 88860 89212 90556 90893 91324 91327 91383 92457 0 93247 94654 94823 95622 96223 96510 96771 97135 97403 97467 97719 98026 98282 98391 98697 99428 99480 99622 
55410 55509 56156 56203 57664 57839 59763 59917 60015 60373 60825 60990 61323 61681 61740 62557 62575 0 63748 64714 64809 65043 67088 0 67470 67750 68342 68453 69282 69678 69979 70841 72516 72631 72762 73090 74354 75187 75202 76067 76296 76722 77044 78258 78781 78877 78884 78964 79281 79635 79853 80032 80953 81325 82267 82544 82677 82687 83056 83118 83173 84139 84952 84976 85111 85458 86115 87514 0 88856 89014 89116 89259 90958 91336 91693 92061 92132 92318 92357 92581 93348 93423 94878 94935 95648 96462 96643 96855 97251 97412 97472 97996 98311 98448 98465 98845 99452 99494 99630 
57329 57933 58372 58462 58862 58991 60386 60401 61848 62489 62670 62818 63100 63456 63662 64375 64592 65817 65973 66025 66050 66667 68591 68915 69206 69568 0 70542 70635 71682 72266 72343 73241 73412 73606 73828 76077 76135 76638 76964 77295 77734 78265 78814 79027 79355 79412 79637 80287 80748 81134 82451 82596 82638 82877 83760 83833 84420 84629 85001 85306 85413 85468 85815 86480 86854 87302 88547 89011 89126 89396 89533 89696 91187 91419 91918 92419 92445 92507 92562 92682 93394 94098 95048 95216 96594 96595 96686 97123 97436 97584 97643 98101 98357 98554 98665 98885 99457 99587 99652 
57889 58115 58887 59534 60426 60481 60821 60971 62497 63487 63667 64221 66084 66259 66415 66623 66803 67162 0 67781 67894 67983 69742 70190 70432 70811 70968 71064 71302 71939 72287 72673 73552 73886 73928 74406 76132 76322 76999 77140 77436 77774 78679 78951 80263 81121 81710 82082 83229 83275 85374 85861 85992 87577 88434 88437 88549 89317 89514 89538 89686 89869 90208 90398 90715 90816 90962 90975 91181 91457 91869 91885 92535 92540 93335 93340 93448 93520 93620 93641 93756 94028 94665 95290 95523 96694 96698 0 97204 97528 97729 97777 98254 98481 98556 98701 99006 99484 99674 0 
59209 60169 60567 60725 60792 60892 61053 61068 62544 63548 63706 64269 66863 67852 68138 68162 68815 68860 69530 69789 69896 71423 71852 72034 72356 72798 72906 73141 75124 76385 76881 77194 78291 78511 79085 80010 80478 80919 80958 81201 82277 82288 82595 82666 83871 84527 84768 85062 85512 85666 86164 86166 86274 88052 88515 88603 88682 89325 89758 0 90762 90841 91504 91574 92035 92237 92518 92639 0 92772 92818 93248 93631 93718 93970 94340 94714 94905 94964 94969 95056 95388 95419 95515 95587 96719 0 97099 97231 97544 97783 97821 98515 98587 98832 98919 99128 99533 99709 99786 
59538 60281 60970 61019 61388 62083 63115 63179 63356 63710 63858 66902 67179 69090 69471 69600 69993 70252 70366 71225 72410 72559 72937 73760 73835 73849 74599 74668 75201 76646 77237 77556 79539 79563 79654 80115 80689 81544 81804 82046 82576 82857 83083 83183 84239 84595 85094 85277 85769 86121 86247 87558 87619 88522 88798 88937 89658 90635 90916 91558 91560 92169 92299 92426 92698 92713 93352 93521 93793 93869 93870 93887 94547 94946 95018 95453 95596 95773 0 95986 95993 96326 96349 96434 96906 96995 97051 97242 97288 97602 97905 97914 98673 98703 98896 98955 99193 99613 99718 99796 
64925 65090 65267 66497 66967 67231 67301 67388 67449 67494 68265 68357 68507 69583 69628 69748 70053 70661 71220 71878 73460 73565 73654 74790 75118 75199 75470 75848 76260 77614 77726 78010 80091 81685 0 82041 82377 82437 82616 82889 83114 83588 83725 83930 84558 84633 85711 85977 86222 86232 86323 87915 88083 88841 89102 90705 0 90823 91147 91581 91874 92190 92701 92734 92896 93603 93965 94021 94231 94363 94757 95006 95071 95101 95140 95521 95852 95859 96320 96362 0 96826 96895 97296 97762 97868 98096 98129 98174 98369 98445 98463 98800 98966 99104 99359 99595 99710 99719 99875 
65162 65202 65374 66658 67544 67923 68049 68175 69309 69377 70047 70243 71415 71623 72556 73116 73221 73312 73470 73518 73707 73759 73960 74961 75446 76105 76627 76662 77480 78147 78274 78692 80180 82994 83412 83549 83999 84272 84584 85103 85444 85554 86079 86120 86167 86258 0 86884 0 0 87653 88262 88948 88973 89448 0 91315 92066 92406 92516 92560 92688 92709 92761 92909 93919 94306 94583 94949 94977 95068 95268 95300 95348 95860 95884 96348 96597 96839 96866 96902 96953 97559 97730 97966 98167 98316 98435 98560 98571 98636 98698 98911 98976 99119 99499 99617 99770 99788 99889 
69595 69601 69760 70911 71817 71966 72704 72732 72807 73072 74035 74117 74211 75937 76545 76598 77753 77950 78163 78319 78320 78716 79008 79141 79183 79194 79548 79698 79747 79844 81007 81175 81494 83079 83659 83667 84843 85383 85662 86786 86909 87328 87398 87552 88622 0 89553 0 89814 90542 90599 90633 90801 91088 91283 91477 91923 92394 93006 93211 93390 0 93630 94025 94298 94328 94367 94599 95023 95229 95549 95815 0 96022 96134 96147 96884 97229 97356 97438 97439 97771 98261 98283 98370 98417 98421 98841 98971 99055 99136 99157 99167 99221 99259 99507 99673 99809 99848 99912 
71373 72345 72602 73665 73837 74153 75561 75690 76556 77334 77499 77869 77921 78279 78448 78686 80426 80612 81048 81203 82052 82119 82728 82893 83587 83689 83813 83822 83950 83996 84036 84264 84356 84722 84756 85873 86201 87077 87544 88269 88360 88408 89235 89299 90256 90579 90588 90954 91729 91761 91926 92020 92052 92112 92288 92564 92882 93176 93578 93606 93629 93846 93918 94296 94516 94664 94769 94861 95132 95298 0 95873 96044 96766 96796 0 97163 97261 97430 97450 97537 97985 98523 98827 98856 98903 98953 99043 99083 99095 99323 99355 99415 99532 99548 99638 99707 99920 99937 99942 
71448 74313 74449 74641 74807 74827 75689 76265 77954 79247 79277 79975 80467 81060 81250 81323 81543 81931 82199 82343 82569 83098 83571 83994 84287 84415 84717 84749 84824 84835 85140 85270 85673 85896 85908 86482 86506 87082 87710 88276 89067 89194 89545 89680 90425 90689 90777 91093 91788 91797 92026 92479 92851 92883 93121 93178 93226 93589 94068 94198 94529 94825 94951 95242 95261 95287 95961 96324 96356 96488 96567 96622 96651 96903 97053 97282 97595 97724 97754 97892 97898 98258 98679 98916 98973 99028 99073 99190 99245 99309 99379 99435 99448 99594 99662 99726 99844 99938 99968 99976 
74348 74359 74492 74905 75222 75419 76194 76295 78866 79508 79587 80154 80788 81954 82230 0 83417 85398 85818 85901 86109 86474 87268 87530 87929 88017 88258 88477 88571 88760 89146 89894 90638 90749 91225 91529 91864 92354 92538 92616 92733 93047 93050 93169 93480 93646 93732 93747 93852 94018 94036 94087 94453 94686 94696 94956 95017 95711 95846 95886 96273 96476 96484 96579 96782 96783 96853 96886 97054 97442 97529 97549 97592 97610 97813 97970 98007 98023 0 98245 98471 98623 99005 99075 99123 99143 99318 99425 99515 99524 99530 99626 0 99730 99799 99828 99880 99971 99972 99980 
