45
17 121 165 259 595 611 669 719 904 1138 3019 3711 3917 4615 5060 7962 8464 8496 9579 9708 9960 10371 10844 15213 15463 15926 16470 17670 18200 20620 23080 26477 29443 29498 32874 38118 39311 42968 50515 57634 57839 64410 70003 77322 80168 
176 391 536 690 1235 1267 1816 2157 3032 3164 4083 4137 4425 5274 5439 8212 9600 10395 10804 11476 11661 13062 13268 15354 15612 17036 17197 17714 18521 20703 23207 27215 30133 30738 34000 38253 40765 44896 50582 58210 61039 65030 70069 78872 80475 
208 423 720 936 1767 1992 2452 2857 3904 4522 4545 5273 5332 5408 5576 8468 9925 10705 10861 11845 12325 13698 13841 15534 17777 18023 18139 18148 18876 20772 23835 28059 30566 31145 34381 39675 41266 47083 50837 58306 61552 65613 70347 79001 81008 
406 525 985 1140 1998 2593 3029 3392 4069 5056 5302 5419 6981 7107 7156 8521 10524 10858 11179 12770 12843 14454 14567 17209 18989 20174 20489 21475 22000 24234 25190 28732 31931 32471 34388 40114 41270 47549 51123 58799 61768 65665 71159 80027 83596 
583 634 1407 1668 3055 3717 3943 4028 4102 5668 5849 6075 7115 8236 8540 8932 10567 11188 13233 13919 14673 15389 15788 17571 19136 20450 21090 21946 22586 24937 25410 29314 33830 34568 34709 41557 42051 49697 51463 58844 62075 66101 71594 80367 84305 
755 1047 1556 2138 3880 3993 4352 4415 6034 7694 9908 10691 11621 12380 13154 13638 14036 14248 14755 15784 17771 18383 18410 19861 20962 21373 21992 23287 24414 25315 25677 30236 34420 34812 35214 41624 43816 50296 51519 59048 63905 66731 72835 80799 84553 
1003 1089 2596 4082 4116 4197 5491 6749 7358 7750 9949 10965 11735 12959 13997 14177 14256 14380 14823 16186 18993 20939 21563 22723 24115 25132 28333 30269 31529 31715 33629 34607 36113 36137 36930 43537 44809 51053 51568 59368 63935 67257 73427 80808 84882 
1141 1593 3740 5162 5451 5613 5671 6895 7740 7952 10082 12138 12456 13784 14306 14492 15092 15429 16514 17333 19453 21639 21755 25131 25164 25647 29545 30437 32397 32769 35162 35361 36197 36679 36950 43761 46577 51105 52655 60147 64777 67910 75487 81935 85193 
1623 2807 4287 5243 5769 5868 7092 7279 7850 8415 11008 12172 12851 15454 15660 16139 16828 17134 17693 18610 20653 21847 22266 26715 26786 27104 31362 32315 32444 32821 36388 37211 37918 38927 40360 44058 48719 52680 55596 62132 65647 70101 75758 82237 86530 
1966 2845 4387 6613 7090 7159 8393 8405 8558 8906 11508 12451 13344 15935 15949 17664 18591 18701 19646 20262 20712 22644 23595 26933 27098 27550 32928 33312 34188 37438 37564 38268 39762 41554 42866 45571 49400 52863 55616 62388 66051 72461 75899 82715 86568 
2531 3810 5572 6619 7297 7496 8500 8910 9040 9275 11570 14507 15251 16382 16594 18145 18988 19752 20023 20263 20783 23986 24501 27835 28285 28508 34852 36174 36252 39985 42355 43744 44240 45827 46164 46423 49459 52867 55869 62595 66094 73644 76370 82796 87277 
5290 5816 5833 6978 7712 8706 8862 8988 9695 10111 11965 14821 15363 17431 19488 19504 20896 21731 22551 24631 25667 27875 30085 31091 32921 35117 35654 37313 37364 40380 42592 44950 46904 47648 48866 49165 51481 53223 55982 63422 67919 75427 77158 83487 87397 
5462 6800 6829 7012 7737 10027 10171 11350 11631 12610 12875 15027 18223 18636 20689 21546 21839 21937 23403 25798 25921 27879 30206 31730 34648 35753 36038 37731 37848 43138 43901 46165 47564 49413 49623 50082 52303 54229 56347 63509 67984 77505 77805 83828 87560 
6968 6975 7178 7562 8201 10445 10739 11397 11909 12628 13537 15360 18536 18696 20972 21689 23570 25364 25576 26048 27929 28728 30585 31775 34693 37589 37789 39991 40025 44027 44140 46952 47751 50152 50629 51770 52692 55123 57226 64344 68138 78162 78817 84771 88028 
7005 7037 7409 7672 8485 10521 11638 12466 12784 13592 14022 15655 18741 19047 22639 23600 24211 27719 28169 28187 28643 28904 31306 31877 35590 37697 38239 41066 42539 46346 46599 47476 48481 50496 50739 52137 53452 55454 57945 65481 69230 78793 79378 85267 88421 
8295 8517 8557 8632 9553 11236 12340 12663 13873 14175 14711 17851 19173 20794 23400 23926 24659 27957 29261 29547 31525 31894 33829 34844 36759 38318 40411 42375 42560 48791 50174 50680 52884 53701 54298 54985 54993 55679 58641 65971 69316 79004 79849 86114 88677 
8779 9348 9503 9566 9812 12016 12990 13266 14605 14651 14954 20818 21422 22448 25057 25713 26035 29327 29553 29849 33422 33620 34968 34973 38108 38967 42868 44224 44686 48911 50447 50904 53175 56858 57909 57977 58422 58886 59845 66293 69338 79456 81742 86300 89053 
10877 12483 13806 14547 14553 14968 15041 15070 15317 16031 16100 21597 24329 25122 25603 26684 27060 29452 29628 29953 33860 35253 35851 36598 38683 41245 42920 45250 46608 49206 51099 51145 53876 56932 58903 58972 58995 59445 61137 66523 69343 79655 82158 86834 89391 
10946 13522 13892 15712 17156 17840 17933 18020 18594 19012 19155 22013 25148 25477 26932 27074 28520 30210 32413 33305 34793 37163 37567 37699 38953 41294 43855 45760 46670 49296 51119 51545 55962 57056 59966 60053 61260 61959 62433 67552 70278 79725 82283 86837 89632 
11141 14869 16237 16897 17568 18187 19413 19467 19489 21382 22047 23382 25990 28035 28317 29185 29324 30700 33780 34365 35260 37368 38323 38477 40503 41410 44703 46213 47079 50380 51546 51548 56318 58404 60162 60702 62916 63804 63890 68320 70463 80471 82694 86940 89972 
11968 14950 17386 17834 18400 18835 19808 20278 22612 22649 24808 26005 26414 28953 30049 30294 31448 31514 33922 34407 35572 37686 38743 39917 41230 42948 45863 46247 47247 51129 52412 54450 56698 58569 60175 60766 63828 64846 65116 69446 71699 82155 83217 86965 90366 
15164 16365 17821 18915 18979 20124 20287 20855 22735 23863 25320 27482 27531 29140 30265 31205 31479 31871 37083 39320 39896 39933 40375 41789 43670 43733 46726 48216 48823 51707 53160 55825 57327 60251 61417 61456 64113 65554 65586 70875 73499 82974 83679 88625 92192 
16616 17257 18155 18933 19670 21483 21827 22447 22923 24898 26421 27677 27841 30587 30809 31333 32363 32567 37306 39338 40259 40845 41436 43771 46052 47368 48908 49610 50155 53723 53825 55828 58117 60309 61853 63504 65209 65963 66241 71063 73678 83607 83727 89585 92415 
16901 17391 18403 18981 20109 22096 23167 23888 24063 25002 28740 29028 32020 32123 33403 34891 35610 37092 38019 39452 41004 41272 41468 44443 46291 48615 49763 50311 51198 54151 54355 56535 58186 62204 62368 64783 65518 66264 68092 71765 74395 83914 84855 90033 92427 
16990 17576 18571 19641 21414 24138 25994 27458 27505 28009 29001 30115 32520 32727 33441 35420 35716 37531 38847 41138 41318 41845 42830 44540 47427 48788 50144 50386 52916 55133 56586 57168 59221 64750 64935 64945 65867 66799 69641 72807 74934 84932 85318 90634 93610 
19116 19215 20408 21167 22378 24268 27420 27894 28271 28829 31034 31138 33066 34181 34798 36069 36178 38183 39446 41950 42115 43100 44852 45169 47754 50126 51677 52036 53330 55170 57065 57869 60287 65042 65309 65465 66178 67431 70746 73379 74956 86188 86763 90882 95065 
19299 21560 21566 23056 23130 24600 27933 29232 29358 29811 31121 33071 36263 36304 36600 36896 39414 40673 41031 43053 43559 45418 45720 46070 47820 50404 53392 53793 55395 55547 57740 58073 62112 65353 65821 66158 66450 67667 71514 77402 77813 86637 87147 91056 95728 
20604 22557 24923 25017 25216 25737 28000 29879 30676 30678 32104 33536 38351 38786 39407 39683 42884 43661 43730 44706 46014 46740 47011 48817 48843 50983 54496 54824 55481 57120 59954 63143 67131 70533 70879 71138 71327 71542 72999 77480 78621 87155 87197 92209 95830 
26196 26595 26964 28220 28471 28765 29260 30863 31344 33287 34359 35988 40866 41723 41829 42661 43975 48676 48759 48873 49365 49963 51792 52756 52820 53470 56772 57560 57798 59103 60040 65444 67219 70934 71902 72453 73033 73166 73212 78423 78903 88184 88277 92675 96131 
26222 26653 27068 29491 29886 29929 30806 31249 32149 33855 34911 36635 44511 44688 47547 47556 48208 49175 51033 51152 51254 51271 52428 53544 55007 55430 57157 58628 59810 59999 60612 65499 67278 73583 73834 74925 75077 77184 78978 79996 82149 88231 88329 93123 96306 
28794 28883 29850 30644 31416 32262 33502 33865 34278 35913 38588 38724 44556 45367 48580 48610 48904 51880 52590 53532 53630 54191 54361 55344 55663 56091 57235 60048 61834 63418 63632 67279 67659 74074 75948 76556 76758 79679 79904 80058 83089 90495 90508 93734 96376 
31404 33555 37939 38291 38489 40217 40597 40675 41589 41920 43134 43249 44704 45558 48605 49404 49582 52022 53226 54102 56217 56714 57584 58671 58789 59946 60421 60781 62710 64823 65844 68041 69276 74133 75966 76891 77301 80060 80170 80291 84018 90713 93054 94559 96378 
31491 34814 38796 40485 45222 45580 46267 47348 48887 50707 50938 55016 56995 58252 58825 60168 61434 61991 62777 62797 63239 65425 65546 66598 67433 68519 68706 71093 71701 72827 72996 75295 76359 77214 77688 78618 79770 80112 80586 80668 84390 91211 93120 94654 96655 
33175 35045 39806 40777 47630 49289 53107 53442 53729 54717 54890 56180 58058 58780 59610 61356 61590 62623 64493 64563 66829 68961 69325 69480 71244 72618 73696 74031 74386 75795 76772 76860 78310 80079 80463 80844 81923 82656 82801 83545 84792 92449 94867 95347 97012 
35685 36076 40442 44017 48184 49938 53922 53942 59403 60099 60584 62568 63068 63261 63920 64038 64180 64355 66412 66711 69473 71059 73172 73948 74678 76801 77134 77540 77616 80139 81094 81718 81941 82366 83789 85230 85462 87239 87970 88639 89909 93139 96379 96621 97440 
38738 41343 43723 46272 48898 50478 55445 55777 59659 61571 62540 62925 63168 63319 64165 64214 64420 64595 68024 68479 69484 71272 73396 76677 76780 77040 77856 82618 82902 83895 84432 84981 85614 87032 88240 89715 91893 92015 93236 93809 94607 94830 96401 96713 97589 
39958 41587 44130 46618 52322 52409 56727 57747 59661 61691 64604 66254 66276 66740 66887 67475 67828 68032 68149 69072 70693 72248 73820 76833 76940 77183 81479 82882 83276 83955 85098 85533 85956 87882 88776 90642 92688 92820 93675 94216 94714 94883 96448 97603 97959 
40440 42932 46386 46757 52569 53670 57042 58448 61535 63522 66054 66622 67445 67655 69123 69608 69625 69961 70067 70497 70894 72425 74229 77704 77838 78119 81490 82964 83396 83964 85619 86356 86401 88976 89177 91487 92777 93797 94693 94698 94750 94996 96652 97956 98247 
43326 43640 48059 48227 53060 54972 57780 59309 61855 63876 70094 70238 70992 71414 71559 72186 72578 72828 73060 73222 73314 73794 74329 77717 78289 79356 82769 83010 83608 84169 85889 86393 86480 89085 89626 91799 92845 94388 94703 95644 95805 96010 96741 98278 98589 
46241 47305 48159 48659 53905 56179 58227 59880 62880 66119 70526 71871 72473 73646 74159 75231 76044 77229 77437 79489 80113 81559 82444 83156 83930 88767 88950 89253 89572 90038 90971 91171 91195 91394 91659 93763 94033 95186 95339 95951 96108 96123 96756 98394 98876 
47688 48337 48987 49529 54047 57651 59019 61426 63184 66349 70778 72871 73150 73930 74893 76406 78356 78505 78929 79636 83697 84055 84319 84854 85548 89176 89866 90449 90708 90917 91456 91501 92660 92965 93077 94152 94925 96543 97103 97225 97458 97819 97841 98977 99495 
64373 65215 66187 67738 68209 68895 69905 70170 70203 70557 71746 74583 75421 76184 78871 79570 80814 83748 84654 85447 85475 87230 87698 88274 88495 89903 90546 90837 90874 91533 91664 92949 93328 93462 94337 94369 95008 96681 97524 97933 98298 98542 98817 99242 99678 
67766 67887 68452 69999 70681 70903 71160 72354 72509 73480 73524 75375 78059 80081 80369 80757 82065 84001 85814 86766 87104 87945 88035 88502 88964 90381 91249 91684 92196 93128 93502 94432 94434 94585 96513 96662 96684 97832 98030 98330 98604 98874 98910 99398 99716 
75333 75708 76144 78185 78625 78667 80640 81065 81153 82075 83686 83802 83918 84303 85057 86380 86541 86949 87437 87755 87811 88467 89954 89974 90244 92104 92786 93307 94009 94692 95453 95663 96922 97118 98545 98702 98892 98940 98981 99071 99126 99298 99530 99558 99910 
80720 81077 81357 81723 84612 85596 85660 87668 87805 88290 88572 88871 89141 89743 90583 90786 91689 91903 92863 93815 94780 95252 95635 95845 96091 96893 96990 97003 97197 97601 97851 97878 98232 98598 98739 98812 99147 99222 99314 99367 99378 99527 99603 99923 99997 
