100
1 8 35 167 198 222 247 270 346 388 389 600 714 738 1136 1258 1556 1577 1672 1736 1866 2067 2219 3098 3674 4172 4397 4605 4734 5016 5133 6623 6728 7342 7539 7783 8142 8409 8609 8617 9107 10008 10619 10797 10982 12348 13102 13205 13210 14739 15266 16701 16763 17084 17102 17164 17177 17886 18747 19383 19599 19753 23660 23756 25171 26364 26453 28899 30246 30514 31902 34798 35192 37103 37948 38267 39205 39541 40621 40887 41468 0 42198 42943 42996 43393 46616 46857 47618 0 54822 55823 56909 58170 60784 66381 68961 73279 75201 78405 
56 59 64 168 201 232 254 316 418 496 631 814 0 0 1208 1396 1599 1628 0 1803 2010 2081 2319 3318 3682 4307 4472 4623 5152 5205 5215 6865 6889 7529 7654 0 8682 8775 8826 8969 9170 10240 10643 10882 11028 12419 13612 13806 13823 14812 15513 16797 17422 17633 18034 18249 18611 18884 19209 19877 21504 21745 23988 24359 25177 26904 27612 28995 30268 30670 31956 35163 35200 37308 38200 38488 39288 40323 40642 41062 43952 44856 44893 44913 44973 45000 47043 47792 48082 0 55329 56288 57033 58542 61840 66479 69357 73316 75977 78437 
60 98 113 195 240 260 312 332 514 639 827 828 876 1009 1214 1443 1605 1664 1858 1867 2177 2232 2436 3398 3772 4410 4630 4725 5261 5265 5284 6911 7569 7648 7684 7970 8699 9298 9336 9485 9493 10285 10877 11123 11312 12432 14187 14298 14448 14859 15699 16918 17497 17936 18130 0 19134 19309 19515 20123 22447 22578 24214 24519 25554 26920 28066 29401 30388 30950 32524 35331 35627 37314 38352 38681 40007 41180 41508 41981 44583 45468 45478 46074 46367 46596 47164 47961 48412 51087 55446 56321 57219 58681 62625 0 69419 73406 76019 78936 
86 144 158 199 366 374 568 657 678 819 855 885 893 1115 1238 1496 1614 1725 1873 1903 2190 2331 2439 3418 4023 4429 4718 4919 5340 5354 5486 6924 7974 8112 8253 8418 8935 9385 9477 9530 9670 10322 0 11183 11330 12505 14347 14627 14809 14954 15939 17005 18119 18283 20485 20922 20978 21321 21418 21443 22869 23656 24217 24643 25604 27056 28318 30280 30627 31088 33067 35550 35691 37681 38519 39401 40965 41745 41920 42145 44758 46201 46638 46808 46969 47358 47561 48322 48726 51643 55470 56638 57303 58940 62789 66678 69944 73463 76152 80188 
137 190 335 387 519 584 0 811 832 884 968 0 1161 1197 1261 1517 1678 1737 1990 2029 0 2630 2710 3625 4062 4436 4768 5280 5357 5378 5711 6988 8032 8288 8343 8444 8986 9709 0 9822 10058 10554 11050 11414 11570 13099 14517 0 14880 15813 15944 17682 18178 18942 20586 21336 21501 21643 21749 21902 23231 24092 24323 24752 26015 27183 28329 30615 30685 31149 33538 35822 35938 37746 38651 40009 41318 42364 43209 43418 46253 46989 47692 47778 47855 47890 48047 48374 49445 52169 55907 56828 57511 59223 65387 68515 70469 75400 76283 80198 
415 462 501 502 551 585 769 858 1014 1045 1278 1317 1394 1423 1484 1519 1757 1799 2242 0 2539 2633 3108 3775 4193 4461 4841 5290 5379 5411 5900 7064 8194 8690 8970 9045 9069 9871 9900 10342 10461 10559 11088 11447 11585 13276 14902 15469 15479 15973 16289 17836 18794 19278 21616 22435 22935 23840 24430 24636 24958 25019 0 25598 27294 27297 28368 30888 31086 31158 33799 36679 37472 37822 38883 40548 41539 42538 44047 44423 46350 47541 49335 49542 49791 50380 50634 50709 50735 52650 55990 57455 57550 59654 65594 69070 70764 75499 76312 80824 
416 494 575 583 709 716 774 967 1024 1048 1361 1374 1404 1508 1580 1603 1769 1825 2382 2490 2655 2694 3336 3832 4238 4470 4888 5391 6132 6144 6493 7345 8201 9009 9400 9499 9540 10377 10498 10680 10715 10725 11366 11480 11701 13626 15441 15594 15779 16359 16475 18050 0 20049 22034 22483 23177 23886 24677 25071 25552 25944 26152 26197 27580 27815 28485 31011 31217 31603 33826 36920 37826 37836 39058 41725 41832 42822 44543 44784 47406 48100 49578 50432 50541 51680 51802 52068 52622 54214 56076 57772 58185 60114 66153 69158 71126 75520 77636 80945 
503 541 606 671 718 765 846 1042 1062 0 1454 0 1469 1898 1974 2007 2009 2160 2517 2546 2756 2823 3374 3910 4263 4665 5100 5446 6180 6299 6696 7605 8477 9178 9503 9564 9860 10749 10798 10946 11033 11698 12305 13011 13297 14109 0 16228 16278 16494 16878 18081 18940 20132 22109 22623 23181 24349 25372 25483 25590 26075 27180 27803 28083 28106 28839 31114 31441 31664 33983 37014 38359 38791 39623 41831 41942 43092 44741 45320 47788 48556 49877 50439 50769 52123 52385 52567 53020 54439 56902 57985 58395 60198 67327 69300 71431 75921 78006 80964 
857 873 894 916 1079 1096 1117 1227 1266 1422 1477 1481 1542 0 2000 2079 2089 2329 2623 2864 2883 2998 3399 3918 4347 4730 5439 5722 6257 6422 6964 7656 8831 9479 9710 9735 9917 10911 10984 11224 11400 11843 12447 13121 14275 14303 16507 16657 16692 16858 16952 18101 19135 20487 22387 22841 23318 24436 25851 26652 27209 29268 29445 29864 30270 30519 30933 31503 31880 32435 34090 37034 38527 38894 39624 42209 42346 44165 45415 45563 0 50084 50602 0 51475 52487 53189 53237 54091 54451 57546 58060 58809 60278 68241 69514 72120 76938 78246 81251 
921 979 1053 1057 1199 1224 1387 1402 1424 1468 1499 1513 1568 2171 2421 2548 2619 2726 2763 3346 3443 4742 5028 5095 5551 5822 5884 5910 6473 6652 7062 7896 9181 9634 9745 9887 10077 11101 11358 11374 11412 12597 12654 13410 14331 14366 16749 17253 17672 17888 17930 18415 19472 20690 22445 22973 23740 24481 26081 26966 27311 29311 29505 30220 31366 31506 31558 31794 31947 33294 34091 37267 38876 39041 39778 42627 43234 44553 46084 46117 48287 50304 51975 52192 52846 53122 53234 53527 55523 55545 57650 58890 59548 60422 68579 69546 73143 77048 78327 81269 
1257 1487 1562 1600 1746 1782 2041 2063 2084 2198 2284 0 2618 2841 2857 3132 3193 3310 3466 3556 3762 4755 5220 5333 5781 6230 6282 6292 6643 6677 7164 7966 9365 9712 9870 9956 10126 11250 11487 11513 11566 12686 13234 13603 14956 15029 17025 17646 18097 18285 18372 18555 19575 21526 22830 0 23771 25382 26401 27455 27762 29414 29608 30881 31623 31785 32504 32847 32880 34307 34338 38123 39491 0 40137 42684 43440 44661 46170 47047 48898 50379 52712 53032 53538 53561 53887 54981 55701 55814 57726 59908 59917 60545 68814 69580 73257 77742 78667 82371 
1465 1498 1590 1790 2144 2157 2170 2176 2192 2369 2585 2728 2871 2924 3177 3243 3341 3377 3491 3630 3822 4914 5905 5932 5989 6658 6792 6925 7039 7145 7252 8045 9471 10329 0 10577 10899 11293 11499 11629 11693 12891 13288 14535 15728 15748 17341 17728 18564 18868 19295 19692 19780 22315 23065 23741 23999 25815 26947 27504 27880 29927 30046 31040 32284 33553 34524 34723 34856 35045 35213 38767 39988 40730 41119 0 43707 45379 46511 47344 49047 50453 52990 53336 53812 53820 54268 55187 55908 56050 57844 60079 60234 61458 69491 69595 73784 78263 78764 82512 
1492 1504 1643 1832 2257 2258 2481 2652 2774 2788 2933 3018 3042 3043 3217 3279 3609 3640 3790 3853 3871 5230 6114 6242 6723 6856 7211 7273 7787 7988 8146 8258 9498 10508 10595 11607 11685 11745 11944 11971 11975 13473 13766 0 15765 15876 17729 17785 18592 19424 19588 19894 19905 24188 24380 24693 24703 26150 27208 27637 29340 30242 30262 31122 32777 33632 34928 35563 35668 35818 35976 40013 40437 40874 41142 44303 44445 45925 48173 48660 49060 51024 53756 54687 55310 55518 55710 55936 57507 58091 58252 60157 60558 61658 69623 70341 74120 78410 79083 83233 
1545 1567 1644 1879 2290 2318 2547 2711 0 2805 2951 3095 3499 3662 3667 3686 3916 4039 4109 4203 4297 5371 0 6443 6875 6952 7292 7649 7910 8003 8262 8585 9749 11457 11687 11892 12058 12192 12368 12389 12452 13563 13933 14649 15846 16066 18617 18743 18770 19485 19659 20468 20495 24790 25672 25734 26002 26303 27285 27689 29691 30265 31194 31644 33088 33698 35382 36025 36290 36524 36948 40408 41579 41964 42002 44962 45450 45947 48368 49288 49922 51468 55160 55296 55598 55912 56336 56681 57889 58903 59494 60590 60828 61752 69853 71423 74286 78797 79547 83488 
1631 1696 1734 1881 2393 2512 2601 2834 3078 3113 3150 3230 3829 4083 4096 4277 4348 4444 4912 4935 5442 5531 6351 6465 7187 7306 7391 7902 8062 8277 8300 8705 9897 11593 0 12131 12154 12598 12627 12633 12897 13647 13948 14712 16284 16854 18791 18824 18993 20027 20297 20894 20969 25126 26782 26801 27414 28290 28420 28759 29998 31678 31800 32713 0 34644 36396 37010 37364 37745 37844 40459 41937 0 42420 44987 45958 46518 48719 49640 51261 52441 56916 57410 58226 59518 59997 60141 60395 60644 61914 61978 62014 62310 69985 71509 74347 78959 79752 84008 
1897 1935 1971 2023 2463 2913 3063 3118 3261 3287 3326 0 0 4697 4770 4820 4926 5037 5324 5565 5640 6536 6641 6647 7303 7575 8039 8327 8662 8812 9264 0 10261 11691 12039 12226 12319 13010 13537 13605 13848 13997 14557 14747 16320 16859 19277 19279 19393 20470 21046 21754 22149 25748 27112 27290 27436 28445 0 29690 30957 32178 32429 33283 34013 34865 36503 37143 37440 38324 38573 40480 42358 42507 42693 45046 47469 47764 49183 49738 51667 52931 57101 57503 59231 59669 60101 62757 63489 64689 64780 64853 64857 64979 70165 71598 74407 80128 80552 84128 
1953 2017 2040 2137 2605 3022 3087 3306 3339 3430 3588 3646 4626 4736 4855 4909 5113 5208 5451 5675 5744 6561 6779 0 7658 7802 8217 8359 8740 8979 9407 9467 10270 11707 12045 12623 12760 13610 13858 14552 14688 14923 15132 15245 16720 16913 19544 19822 20885 21519 21702 22638 22655 25814 27328 27405 27572 28484 29931 30598 31004 32422 32712 33804 34302 35061 36775 37694 37978 38385 38864 41957 42438 42715 43342 45566 47763 48694 49371 50412 52109 54429 57657 58264 59307 60094 60595 63111 64503 65213 65285 65942 66445 67134 71259 72300 74652 80662 80749 84349 
2148 2196 2497 2523 2606 3181 3182 3360 3484 3673 3861 0 4698 5021 5055 5199 5652 5694 5729 6238 6417 6771 7209 7775 8071 8282 8598 8635 8829 9521 9605 9804 10272 11881 12067 12920 13068 13875 14029 14748 15119 16003 16112 16318 16940 17197 19707 20245 20917 22110 22229 23464 23825 26216 27535 27575 29673 30251 30723 31220 31226 32690 32773 33927 34512 35198 37233 38191 38539 39003 39571 42082 43374 43773 44082 45843 47904 48773 49460 50806 52702 54626 58138 58554 59492 61386 61683 63193 64743 65286 65297 66352 66601 67156 71734 72801 74671 81112 81415 84459 
2166 2299 2602 2748 2767 3236 3461 3471 3765 4030 4067 4131 4911 0 5156 5447 5860 6001 6560 7251 7277 7430 7487 7818 8400 8654 8770 8982 9162 9541 9672 9933 10455 12180 12232 13128 13248 14152 14162 14883 15194 16108 16173 16744 16987 17757 19778 20581 20987 22219 22262 23698 23836 26704 28255 28592 31652 31833 32046 33207 34048 34121 34283 34717 36456 36509 37319 38849 39514 39832 40424 42189 44046 44981 45481 46281 49486 49912 50371 50824 52872 54685 58218 58796 59504 61604 61864 63427 64856 65696 65866 67373 67611 67617 72574 72894 74790 81527 81574 84667 
2695 3028 3076 3100 3239 3297 4132 4165 4208 4402 4416 4608 4937 5190 5194 5558 6070 6195 6609 7499 7589 7611 7861 7923 8555 8879 9104 9210 9333 10148 10179 10248 10547 12204 12804 13344 14040 14291 14293 14891 15504 16370 16537 17172 17296 18111 19878 20680 21419 22783 23074 23759 23876 26839 28617 28739 32014 32576 32889 33304 34053 34294 34487 34720 36489 36619 37960 39528 39910 40537 41185 42218 44571 46873 47882 48265 49568 50985 51526 52035 54172 54760 58427 59632 59818 62161 63645 63981 65092 66255 66267 68798 71703 0 72753 72897 75380 81540 81828 85064 
3066 3292 3510 3580 3616 3638 4145 4433 4542 4577 4866 4963 5142 5538 5681 0 6159 0 6822 7562 7661 7946 8042 8173 8634 9224 9664 9995 10150 0 10579 10672 10795 12264 13609 13970 14244 14877 14946 14948 15525 16536 16559 17271 18091 19051 20549 20683 22112 22982 24560 24978 25049 26849 28724 29765 32121 32580 33122 33354 34284 34310 34528 35000 37129 38730 39219 39596 40158 40732 42079 42390 46999 47012 48129 48961 51006 51575 51687 52492 55048 55872 0 59925 60722 62769 63868 64080 65289 66879 66963 69082 71985 72137 72942 73455 75786 81550 82226 85250 
3082 3597 3606 3751 3994 4042 4215 4503 4592 4767 6009 6110 6175 6592 6637 6731 6849 6881 7120 7743 7907 8118 8338 8440 8649 9307 9872 11219 11228 11251 11364 12151 12153 12431 13763 14280 14477 14985 15272 15359 0 16586 17882 18073 18153 19065 22162 22412 23102 23193 25162 25403 25921 26988 29564 29826 32289 32925 33400 33648 34382 34500 34672 35159 37631 39035 39459 39612 40413 40902 42098 42608 47490 47502 48831 49114 51832 52170 53945 54454 56496 57304 60505 60717 60769 62869 64146 64218 66005 67243 67599 69315 72463 72476 73090 74291 76076 81972 82466 85517 
3402 3764 3885 3974 4139 4291 4353 4532 4862 4871 6281 6330 6601 6868 6883 7264 7383 7397 7744 7950 8029 8185 0 8902 8949 9404 9978 11384 11501 12010 12262 12410 12532 12537 13955 14403 14703 15071 15759 15883 16148 16605 17978 18236 18317 19510 22887 22899 23890 24054 25476 25612 0 27459 30397 31670 32841 33178 33708 33788 34407 34926 36010 36206 38320 39404 39584 39807 40427 41238 43284 43382 47656 47833 49350 51924 51979 52310 54166 54571 57072 58179 60905 61337 61564 63832 64410 64892 66671 68634 69710 69807 72648 73304 73881 76599 77053 82786 83309 86026 
3561 3852 3900 3995 4269 4591 4740 4973 5026 5147 6706 6882 7352 7635 8323 8454 8495 8583 8601 8742 0 9949 9973 10324 10679 10689 10740 11459 11802 12175 12343 0 13016 14530 14569 14648 14944 15196 15793 16103 16239 17194 0 19045 19535 19550 23327 23328 24028 24276 25575 25614 0 28067 30775 32368 32888 33280 34497 35039 35837 36013 36573 36616 38492 39579 0 40633 41094 41251 43684 44156 47781 48239 50072 52352 52358 54241 54914 57760 57969 58373 60995 61405 61837 64545 64668 65199 66837 68969 69813 70763 73361 73827 74802 76628 77068 84067 85349 86204 
3672 3889 3991 4177 4585 4737 4783 5222 5583 5842 7107 7133 7452 7725 8382 9251 9287 9517 9683 9920 9939 10620 10633 10756 11089 11439 11466 11672 12015 12397 12909 12985 13479 14709 14734 14783 15107 15312 16074 17112 18036 18300 19060 19199 20370 21250 23427 23700 24130 24530 25608 26315 0 28363 31078 32850 33101 33426 34635 35643 36120 36248 36580 37617 39044 41113 41662 42111 42900 43873 44169 44480 48075 48656 51062 52905 53697 54392 56156 58384 58619 58778 61053 61435 62305 64554 64758 65986 66846 70317 71805 72908 73824 74449 74919 77652 77888 84374 85404 86395 
4076 4216 4224 4311 4882 4884 4969 5270 5620 6082 7118 7233 7463 7895 8576 9488 9587 9707 10310 10423 10907 11023 11217 11353 11503 11511 12063 12694 12870 13027 13192 13247 13850 14952 15195 15640 15716 16178 16306 17376 18264 18525 19364 19693 20810 21909 23674 23929 24956 24959 26352 26584 27032 28752 31327 0 34002 34162 34927 36073 37241 37482 37848 38166 39438 41706 41761 42212 43529 44388 44489 44647 48130 0 51159 52915 54089 55064 56900 58948 59658 59725 61276 61485 63009 64704 65421 66532 66904 71194 72364 73050 73861 74593 75484 77680 78467 84473 86404 86907 
4282 4382 4932 5005 5032 5082 5697 6107 6134 6158 7150 7395 7917 7987 8592 9579 9638 9717 11096 11176 11335 12703 12855 12879 13195 13535 14160 14698 14888 14980 15198 15656 15754 15787 16048 17064 17065 17410 17958 18029 18971 19020 19371 20246 22259 22753 23751 24627 25040 25114 26454 26668 27099 29400 31916 33882 34109 34517 34972 36080 37393 37830 38682 38720 39899 42379 44382 45098 45318 46279 46500 46531 0 49618 51661 54720 56163 56327 58159 59210 60246 60388 61327 61847 64310 65238 66483 66715 67341 71700 72519 73161 74636 75876 76278 77953 78510 84698 86931 87112 
4342 4559 5057 5585 5595 5626 5958 6564 6741 7014 7285 7425 8192 8225 8818 9619 9848 9910 11249 11281 11569 13131 13456 13941 14170 14367 14479 14981 15233 15786 16573 16979 17030 17219 17246 17733 17871 18059 18318 18832 18989 19528 19739 20398 22378 22870 23803 24742 25194 25310 26632 26674 0 29718 32405 34127 34857 35484 36069 36871 37811 37942 38793 39193 40954 42886 44449 46259 46425 47463 47886 48522 49375 49641 52072 55327 56302 56491 58415 59631 0 60653 61383 62536 64523 65994 68346 68885 69474 71906 72740 73204 76679 76831 76921 78555 78791 85111 87252 87643 
4561 4714 5066 5632 5638 5838 6064 7114 7948 8074 8607 8916 9059 9436 9439 9714 10023 10308 11300 11422 11748 13916 14180 14319 14503 14653 15228 15371 15451 15955 16673 17014 17581 17953 18383 18701 19372 20434 21139 21206 21432 21713 21813 23123 24454 24496 24850 24878 25309 25445 26650 26739 27996 29772 32545 34226 34934 36331 36926 37679 0 38140 38962 39245 41049 43004 44515 46458 46943 48535 0 49669 51775 0 53232 55353 56487 56508 59562 59776 60884 60954 61411 63750 65491 66373 68555 69462 69638 71976 72860 73256 77541 77576 77920 79367 79444 85339 87936 88465 
4650 4857 5419 5649 5664 5863 6277 7159 8209 9396 9414 9554 10386 10642 10686 11039 11181 11316 11529 11695 11928 13964 14720 15002 15545 16045 16329 16333 17366 17624 18200 18549 18624 18634 18758 18782 19719 21131 21450 21587 21656 22351 22366 23207 24848 25055 25146 25181 25722 25983 27001 27071 28091 29804 33012 34278 35058 36895 36992 38092 38181 39093 39142 39325 41445 43780 45075 46525 47127 49882 50054 50225 51898 52131 53599 55702 58008 58531 60112 60240 61278 62337 63121 63795 66073 66683 68800 69836 70085 72082 72920 73456 78522 79049 79948 80344 80601 85377 88201 88517 
4703 5025 5422 5741 5819 5960 6457 7201 8232 9690 10052 10220 10521 10694 10811 11397 11754 12014 12081 12213 12479 13977 14918 15129 15650 16154 16546 16555 17460 18366 18851 18979 19427 19761 19797 19859 20625 21259 21832 21884 22215 22565 22679 24347 25042 25066 25963 26113 26374 26662 27696 28490 28816 30747 33358 34333 35156 36950 37331 38959 39967 40396 40450 40645 41600 44609 45343 46542 50017 50486 50649 51195 51906 52274 53821 56550 58017 58710 60374 0 61561 62425 63618 63915 66090 66694 68919 69994 70527 72264 73076 73457 78598 79559 80024 80508 81126 85740 88252 88781 
5865 6057 6226 6336 6453 6655 6807 7454 8613 9774 10292 10460 10660 10844 10863 11669 11850 12029 12155 12758 13007 14163 15015 15593 15896 16363 16582 16719 17683 18379 19651 19874 19923 20314 20475 20748 21175 21347 22450 22453 22519 23396 23527 25282 25509 25526 26213 26238 26536 26846 28044 28939 29149 30807 33812 34617 36161 37157 37464 39499 40315 40591 40685 40693 41863 44726 45382 46877 50348 50512 50683 52081 52174 52421 54204 57436 58082 58774 0 61422 61758 63117 63933 64135 66826 67849 69296 70369 70558 72276 73186 73570 78872 79668 80216 80653 81186 85894 88341 88817 
6463 6475 6653 6730 6802 6844 7040 7471 8985 10370 10437 10738 10855 11057 11761 12296 12320 12476 12477 13250 13370 14334 15023 15753 15904 16721 17033 17418 18310 19077 19821 19888 19937 20334 20516 20813 21644 22086 22478 23245 23548 23766 24165 25360 26958 27305 27495 28641 28845 29368 29389 30153 30973 31306 33951 34899 36218 37524 38084 0 41083 41184 41491 42167 42376 44936 45661 47214 50458 50976 51518 52422 52636 53167 54235 57800 58640 59378 60540 61677 61951 63279 63959 65489 67066 67865 70397 70838 71139 72779 73812 73972 78907 79800 80264 81701 81759 86177 88367 88923 
7005 7180 7232 7386 7541 7702 7847 7872 8995 10488 10913 0 11195 11432 11782 13009 13204 13345 13607 13639 14025 14429 15064 16461 16540 16821 17091 17675 18404 19118 19944 20450 20769 21104 21121 21539 21733 22189 22644 23555 23879 23944 24396 25396 27554 27851 27926 29425 29479 29525 29851 30554 31391 32132 33991 35631 36336 37622 38654 40194 41478 41622 42049 43179 44448 45053 45716 47284 51177 51545 51830 52455 52854 53305 0 59177 60190 60192 61445 62423 62913 0 65229 67265 67433 68149 70526 71042 71292 73689 73938 73983 79394 80227 80406 81797 81893 86339 88987 89090 
7113 7199 7312 7469 0 8080 8889 8892 9146 10565 11162 11561 12099 12186 12333 13894 13974 14263 14630 14661 14797 14871 15167 17120 17434 17749 17867 17908 18532 19483 19983 20453 21469 21522 21571 22165 22784 23176 23339 23673 0 24663 24931 25796 27767 28651 28685 29541 29545 29902 30322 31684 31841 32416 34027 35679 36354 39069 39786 40577 41842 42539 42951 43890 45348 45588 46391 48351 51957 52634 53094 53118 53205 54388 56665 60331 60767 61479 62153 62588 63017 63619 65544 67274 67642 69823 70990 71657 71927 74223 75656 75965 80502 80707 80742 81952 82260 86831 89950 89958 
7356 7706 7711 7960 8648 8906 8929 9001 9258 10787 11171 11579 12646 13052 13267 13971 14318 14434 14905 14943 15056 15176 15224 18600 18608 18867 0 19160 19204 19759 20509 20994 21646 23286 23596 23817 24149 24155 24567 24579 24721 24722 25208 25991 27775 29300 29576 29686 30028 30232 30661 31738 32033 32606 34036 0 36364 40318 40632 41271 41969 42763 43760 44421 45527 45685 46695 48601 52834 52943 53617 54453 54796 55130 56860 60706 60875 62261 63031 63386 63647 64124 65706 68104 69033 69899 71048 72646 74034 74901 75721 76099 80671 81428 81734 0 82521 87870 90126 90550 
7552 7756 7897 8078 8743 9031 9093 9425 9429 11389 11756 11903 12935 13087 13650 14127 14391 14623 15327 15462 15623 16076 16339 0 19533 19573 19748 20250 20409 20644 20935 21033 21850 23948 24116 24404 25182 25405 25636 25723 27089 27133 27764 27914 28400 29398 29666 30107 30323 30420 30893 32259 32743 32780 34088 36189 36383 41582 44332 44618 45035 45037 45112 45619 45748 46161 47178 49383 53286 53371 55293 55442 55547 56868 57568 61368 62200 62268 63656 64683 65038 65214 65778 68877 72795 72880 0 73493 74093 75003 76370 76485 80673 81610 82014 82206 82868 88024 90181 90883 
7931 8216 8267 8333 9108 9569 9606 9963 10180 11702 12087 12108 12988 13454 14620 14817 15276 15969 16340 0 17122 18011 18453 20194 0 20569 20773 20946 21021 21156 21568 21852 22365 23972 24212 24613 25352 25536 25844 26326 27181 27241 27774 28160 28761 30001 30129 30684 30759 30910 30970 32389 33084 33489 34117 36277 36411 42288 44704 45016 45070 45172 45284 45763 45985 46240 0 49384 53383 53844 56294 57135 57450 58781 59155 61505 62492 62631 63960 65851 67038 67417 67979 69152 72991 73235 73998 74786 74973 75250 76989 77114 81238 81647 82055 83765 83949 88466 90351 91197 
8007 8296 8377 8497 9140 9753 9880 10313 10596 11705 12126 12284 13598 13658 14634 14903 15358 16028 0 16755 17587 18146 18515 20788 20908 20970 21374 21380 21570 21986 22407 22437 22539 24117 25343 25353 25380 25617 25917 27031 27468 27671 27872 28527 28794 30024 31493 31682 31867 32278 32385 32784 33672 33696 34131 36483 36980 42511 44846 45227 46102 46570 47383 47409 49292 49732 49973 49989 53785 54225 56599 57167 57937 59243 60288 61814 63215 63693 0 66341 67215 67534 69786 0 73640 73901 74118 75746 76133 76891 77730 77824 81306 81889 82445 83919 83997 88746 90356 92237 
8360 8366 8545 8900 9145 9785 10040 10397 10635 12461 12619 13086 13918 14480 14717 15562 16379 16778 17440 17691 17721 18294 18642 20924 21155 21651 21723 21804 21820 22499 22529 23275 25232 25626 25645 25765 26833 27155 27173 27353 27734 27744 28266 29683 30387 31157 31940 32089 32146 32543 32795 32918 33831 33836 34518 37150 38425 43056 45118 45855 46475 46878 48179 48444 49324 49914 50426 50988 54272 54334 56992 57541 58826 60010 61165 61867 63586 63934 65800 66428 67248 67928 70143 70810 74613 74836 76115 76532 77204 77387 77775 78121 81316 82426 82844 84103 84202 88986 90752 92295 
8457 8703 8719 9054 9177 9868 10293 10480 11309 12507 13065 13219 14002 14529 14822 15903 0 18466 18494 18523 18946 18961 19108 20964 21666 22247 22792 22846 23172 23448 23497 23614 25361 26009 26492 26493 28090 28113 28289 28998 29634 29833 30290 30721 31244 31346 32082 32100 32365 32749 32906 32937 33952 33968 34695 37195 38600 43343 45334 45923 46719 46953 48582 49315 49447 50330 51035 51284 55099 55197 57073 57817 58965 60919 61318 62854 63902 64093 66017 66531 67285 68014 70288 70828 74720 75321 76590 76718 77322 77590 78472 78973 82667 83065 83216 84269 84308 89126 91651 93262 
8835 9337 9438 9691 9820 10229 10295 10823 11349 12589 13126 13265 14329 14729 14911 0 17560 18477 18828 18881 19736 19815 19909 21034 22383 22428 23313 23389 23877 25240 0 25744 25756 26308 26681 27165 28403 28982 29180 29273 30057 30206 30647 30877 31447 32065 32559 33833 34248 34297 34610 34931 0 35135 35827 38302 38953 43893 45338 47237 48095 48131 48680 49377 50180 50960 51364 51715 55139 55368 59939 59956 60248 61200 61756 64340 64500 65215 66027 67102 68017 68166 70303 71307 74960 75469 76621 76976 77438 78062 78623 79860 82869 83128 83274 85704 86413 89445 91678 93313 
10681 10964 11210 11215 11242 11657 11989 12061 12913 12966 13687 14702 15146 15199 15370 16310 17671 19170 19537 19660 20138 20232 20573 21454 23163 23322 23367 23727 23891 25574 25629 25861 0 26466 26756 28049 28946 29501 29707 30053 30298 30569 31305 31584 32237 32851 32879 33996 34884 35761 36420 37566 38353 0 39420 39442 41415 43990 45517 47290 48558 48980 0 49439 50245 51314 51694 52139 55473 55896 59959 60968 60986 61279 62380 64533 64537 65290 66047 67411 68022 68436 70721 71772 75487 76212 76659 77940 78142 78404 79100 80033 83167 83176 83834 86406 86562 89847 91958 93353 
11092 11225 11262 11297 11381 11671 12240 12398 13313 13761 14155 15065 15183 15435 15616 16665 17764 19478 19938 20714 21026 21240 21561 21795 23387 23722 24413 24466 25416 25801 26061 26099 26121 26812 27218 28323 29038 29529 29957 31551 31688 31793 33078 33082 33096 33704 33947 34137 35274 35921 36821 37654 38941 39928 40211 40236 42489 44059 45871 48058 48654 49192 49290 50052 50782 51431 54616 55382 55752 56101 60007 62330 62610 62620 62649 65165 66533 66563 66580 67640 68090 68589 71321 72656 75853 77164 77961 78635 78671 79154 79433 80342 83474 83491 83884 86582 86631 89960 92022 93598 
11979 12077 12898 13038 13302 13540 13688 13985 14352 14549 15144 15978 16085 16349 16566 16809 17947 19723 20465 20990 21768 22268 22446 23204 23453 23906 24517 24589 25535 26057 26304 26359 26970 27020 27358 28343 29216 29645 30063 31712 31774 32035 33128 33885 34540 34924 35756 36235 36644 37289 37557 37940 38951 41005 41353 41411 42768 44642 49601 50656 50971 50987 51393 51530 52189 52360 55052 56488 56875 0 60180 65045 65166 65183 65865 66734 67450 67501 67673 67863 68201 68883 71648 73359 76197 77230 78257 78916 79102 79796 80716 81554 84788 85370 85388 86758 86830 90035 0 93938 
12156 12653 12940 13218 13715 14363 14548 15000 15355 15511 15820 16249 16936 17013 17032 17061 18015 20178 20472 21588 22849 22851 0 23963 24271 0 24756 24843 25786 26574 27476 27549 27956 28337 28475 29320 29339 29819 30568 31922 32067 32156 33557 34229 34707 36480 36595 37007 37968 38098 38118 38274 38970 41359 42027 43544 44311 44761 49610 50907 51360 52409 52584 53707 0 54514 55237 56906 57502 57634 61136 65112 65827 65892 66000 67519 68263 68694 68786 69270 70855 71198 71702 73420 76468 78159 78309 79864 80066 80329 80983 81817 85055 86765 87225 87483 87515 90092 92113 93996 
12237 12721 12976 13258 14213 14376 14671 15159 15380 15591 16059 16254 17492 17518 18435 18463 18484 20213 20482 21617 22873 23285 23382 24147 24856 24927 25327 25527 26386 27146 27990 28058 28285 0 28803 29342 29973 30120 31304 32171 34103 34263 34567 34977 35187 0 36943 37251 38315 38453 39149 39177 39250 42322 42365 43660 45104 45559 49717 50967 52087 52518 52968 53864 54366 55215 55714 57177 57599 57784 61141 65287 66109 66263 66292 67592 68490 68816 69097 69379 70946 71346 71786 74015 77029 78277 78367 79896 80675 80811 81237 82244 85070 87320 87796 88175 88572 90262 92356 94026 
13991 14041 15420 15428 15732 15964 16065 16533 17097 17423 17536 17802 17954 18183 18678 19281 19347 20446 20663 21620 23217 23633 23717 24162 25580 25900 27263 27483 27503 28402 28478 29061 29083 29457 29760 29877 30092 30377 31370 32765 34597 34862 35920 35955 35989 37649 38225 38445 38797 39417 39524 39792 40288 42513 43740 44436 45210 46177 50175 50983 52099 53304 53439 54321 54424 56052 56212 57259 58664 59069 61744 65519 66322 66635 67018 67706 68912 68920 69314 69918 71729 72105 72763 74309 77201 78419 78609 80063 81090 82363 82471 82725 85663 87461 88029 88818 88922 90377 92477 94048 
14139 14283 16036 17139 17305 17325 17591 17747 18060 18925 19161 19360 19598 19849 19870 20188 20483 20696 20848 22045 23769 24341 24354 24366 25601 26703 27432 27562 27564 29036 29259 29332 29635 29667 29977 30374 30534 30978 31527 32852 34638 35059 36732 36857 36990 37751 38337 38672 38827 40454 40722 41161 41485 42623 43894 44531 45236 46235 50560 51049 52145 53321 53440 54600 55095 56333 57486 57585 0 59540 61973 65746 67010 67266 67615 68088 68982 69065 69674 70064 71742 74893 76016 76552 77491 79215 80045 81013 82444 82771 83180 83212 86398 87621 88384 89594 89737 90384 92567 94212 
14406 14490 16042 17184 17329 17586 0 17762 18142 18986 19211 19440 19701 19929 20065 20555 21317 21420 21659 22148 23837 24437 24706 24885 26139 26757 27866 28378 28703 29303 29382 29481 31283 31582 32281 32590 32716 33199 33776 33899 35139 35671 36758 36886 37257 37901 39713 41103 41507 41586 41624 42095 43028 43619 44173 44582 45879 47112 50925 51182 0 53562 54190 55645 56095 56628 57521 57587 58864 60634 62752 66340 67249 68762 69038 69367 69575 70116 70618 71443 72733 74945 76406 76850 79336 79663 81502 81803 83485 84402 85559 85890 86563 87737 88636 89595 90059 90838 92657 0 
15912 16277 16774 17285 17425 17732 17745 18286 18771 19292 20050 20115 20149 20607 21295 21495 22232 22682 22943 0 24249 24442 24829 25086 26725 27104 28178 28464 28713 29615 29892 31873 32091 32734 33017 33739 33987 34047 34273 34286 35480 35824 36873 36936 38159 39081 40281 42135 42146 42881 42931 44273 44350 44519 44539 44874 46268 47728 52900 53163 53624 53871 54293 56071 56119 56709 58007 58806 59775 60817 62957 66401 67273 68957 69136 69455 70188 70678 71245 71821 72796 75155 76615 77004 79358 79674 81682 81947 83885 84492 85616 86066 86632 87776 88662 89732 90243 90839 93144 94806 
16866 16871 17018 17858 18535 18638 18779 19129 19163 19898 20055 20541 21435 21872 22367 22531 22787 22839 22989 23856 24459 24518 24945 26031 0 27105 28344 28494 29429 29844 29911 33053 33369 35289 35364 35557 35600 35885 36050 36455 37470 37789 38891 39534 40486 40980 41172 0 42393 43391 43793 44458 44887 45505 45546 46410 46863 48106 0 53447 53627 53974 55025 56765 56966 57643 58727 59605 60057 61720 63196 66981 67768 69275 69956 70666 72348 73226 73621 73975 74497 75818 76622 77079 79517 80493 82386 82552 83909 84789 85636 86671 86959 88353 88692 89876 90421 91479 93232 95600 
18074 18593 18629 18722 19110 19141 19195 19353 20165 20386 20739 21279 21463 22040 22474 22963 23010 23016 23019 24730 25105 25345 25642 26450 27062 27115 28582 28717 29751 30038 30195 0 33434 35290 35429 35583 36520 36615 37188 37216 37501 38031 38939 39683 40771 41900 42214 42815 43891 44498 45325 45707 46163 46306 46314 47021 47157 48647 53375 53505 53896 54260 55913 57122 57368 57677 58870 59624 60909 62695 65247 67113 68150 69555 70047 70691 72442 73297 74859 74991 75150 75933 76742 77875 79563 80791 82887 83778 84073 84981 85752 86744 87267 88891 89014 89929 90764 91714 93585 95628 
18102 18784 19098 19265 19668 19891 20823 20864 21885 21989 22249 22310 22331 22919 23330 23477 0 23709 24059 24803 25106 25593 25774 26643 27490 27873 28729 28972 30385 30913 31131 33247 33487 35481 35535 36167 36553 36618 38121 38127 38247 0 38975 39723 0 42446 42965 43084 43892 45217 45582 45755 47312 47997 48133 48775 48927 50042 53953 54881 55736 56164 56286 57155 57640 57900 59098 0 61082 63946 65308 67135 68380 70014 70058 70773 72493 74257 0 75553 75566 76105 77658 78301 79652 80965 83297 84006 84182 85209 85848 87054 87382 89040 89488 89937 91053 91739 94250 95893 
18204 18789 19183 19476 20267 0 21023 21479 22239 22434 22461 22845 0 23534 24569 25525 25681 25798 26147 26969 27174 27365 27848 27868 28109 28723 29075 29937 30953 31343 31356 33296 33710 35850 36849 36855 37088 37965 38694 39046 39395 39687 40941 41233 41645 43591 43629 43769 44750 46866 47821 47892 47957 48366 48867 49166 49405 0 54027 54974 56006 56641 56700 57679 58182 59844 59853 60286 61265 65582 65712 67211 68458 0 71181 71263 72825 74266 75450 75595 75702 76473 78207 78775 79941 81135 83435 84316 85158 85782 86006 87552 87574 89325 89632 90030 91485 91870 94258 95940 
18727 19235 19254 20060 20518 20844 21337 21736 22370 22661 23199 23550 23710 24173 24679 26148 26508 26675 26844 27194 27373 27417 28036 28055 28283 29242 29407 30311 31274 31918 32193 33384 33820 36262 36869 37153 37281 38168 38738 39352 39664 39851 42314 43219 43328 43626 43931 44347 45576 48142 48345 49293 49577 49585 50536 50800 51299 52699 54670 55083 56092 57081 57342 58888 59009 60203 60780 61062 61303 65901 66631 67529 70353 70626 71512 71680 73440 74760 76241 76441 76771 76838 78409 78787 80402 81665 84548 84844 85479 86009 86065 87587 88154 89661 89725 90228 91507 91928 94278 96099 
18920 20030 20136 20661 20694 21316 21773 22966 23353 23558 23560 23563 24218 24819 25262 26335 26796 27012 27093 27402 28302 28837 28887 29474 29562 29921 29935 30571 31350 31921 32199 33584 33835 36631 37435 37955 38068 39183 39838 41395 41487 41829 42339 43609 43862 44990 45352 45418 46265 48288 48881 49535 50060 50091 50901 50945 51584 52785 55045 55229 57000 58118 59467 59621 60176 61096 61281 61506 61574 66486 67089 67633 71165 71217 72005 72267 74351 74783 76525 76672 76975 77282 78651 78866 80681 82083 85159 85160 86224 86320 86326 88463 88484 89692 90237 90414 91673 91954 94376 96262 
18964 20054 20353 21142 21654 22190 23270 23341 23636 23794 24457 24664 25570 26441 26597 26760 26816 0 0 28322 28616 28882 28979 29692 29736 31155 31782 32527 32558 32706 33203 33984 34296 37080 38047 38777 39351 39405 40624 42153 42696 43264 43297 43634 44104 45937 46032 46150 46442 48783 49131 49647 51334 51632 51741 52037 52451 53513 55274 55317 57008 58561 59701 60659 60852 61248 61466 62118 63246 66861 67894 68838 71497 71500 72687 72918 75025 75612 77106 78672 78741 78874 78927 79042 80846 82788 85450 85503 86257 86730 87139 88604 89020 89968 91249 92055 92159 92432 94487 96374 
19096 20587 21010 21879 23239 23820 23848 24046 24197 24372 25101 25577 25583 27876 28526 28566 30224 30545 30654 30657 30664 30835 30871 31549 32021 32848 33099 33577 33670 34046 34175 34549 34912 37448 38117 38934 39515 40400 41068 42240 43583 44099 44126 44216 45122 46655 47413 47910 48227 49718 49724 49827 52519 54191 54541 54647 54695 55519 56514 56623 57149 61189 61519 61743 62555 63191 64111 64565 64763 67299 67983 70168 71861 72667 73244 73641 75937 76542 77250 78819 79513 79624 79792 80050 80889 82997 85567 85840 86271 87204 87629 88784 89134 90259 91449 92133 92464 92701 94713 96631 
20459 20854 21159 22098 23315 23868 23975 24398 24494 24681 25107 25603 25996 28211 28836 29435 30612 30686 30843 31022 31193 32782 32804 33780 34074 34290 34954 0 35409 35415 35552 35585 35907 38292 38346 39264 40337 40465 41124 42445 43975 44709 44823 45601 45724 46657 47582 48213 48555 49728 50087 50796 52521 54237 0 55167 55443 55880 56885 56931 57460 61767 62696 63389 63635 63721 64461 65443 65988 67301 68833 70712 71900 72697 73272 74560 76294 77758 78030 79277 79527 79801 80587 81749 81960 83395 86094 86372 86382 87443 87690 89337 89701 90344 91554 92308 0 93412 94949 96770 
23828 24099 24634 24744 25986 26286 26585 26985 27003 27278 27879 28649 28747 28870 28918 29636 31296 31443 31587 32337 32756 32917 33028 33783 34424 34459 35612 36163 37476 37479 37790 38308 38469 38714 39237 39886 41137 41303 42158 42644 44117 45241 45880 46119 46181 47887 48589 49086 49222 50039 50154 50900 53658 54286 0 55435 55885 56961 57309 57402 57828 61831 63101 63837 64184 64226 65747 66095 66171 67414 68874 72090 72309 72904 74058 75293 76313 78203 78276 79350 80258 80690 80857 82130 82543 84092 86510 86603 87700 87989 88303 89349 90345 90646 92039 92608 92667 93628 95029 96803 
24373 25275 25324 25422 26818 26835 27596 27809 28195 28320 28443 28997 29585 29974 30333 30464 31308 31714 31900 32863 33021 33141 33169 34032 0 35001 36000 36942 37626 38432 39297 39816 40119 40142 40250 0 41224 41638 42291 43063 44425 45911 46198 46548 46832 48102 48906 49221 49532 50173 50720 50990 54419 54850 55493 55579 56175 57282 57437 57506 57945 62170 63909 64020 64440 65102 65775 66730 66919 68252 70030 72273 72455 72994 74842 75822 76327 79099 79435 79649 80469 80908 81264 82486 82748 84188 86548 87502 87968 88076 88477 89605 90406 91310 92198 93024 93170 93841 95369 97114 
24837 25725 26289 26463 26953 27225 27698 27972 28260 0 28736 29124 29824 30036 30830 30905 32308 32317 32388 33256 33386 33711 33958 34060 34815 35215 36001 37418 37721 38884 40016 40806 40967 42178 42190 42565 42622 44345 45486 46671 46768 47348 47520 48138 48612 49141 49150 51748 51999 52248 52291 53134 54873 56068 56826 56884 58054 58688 59220 59372 0 62181 63979 64196 64949 65383 65963 66876 67232 68298 70175 72338 0 73212 74890 76179 76359 79509 79523 79804 80510 81001 81287 82546 82909 84581 86551 88128 88141 88814 88844 89627 90511 91620 92215 93058 93363 93889 95456 97168 
25153 26110 26545 27111 28108 28183 28701 29347 29777 30465 31095 31487 32163 32812 33868 34201 34241 34631 34760 35230 35257 35755 36809 37290 37354 37880 38533 38554 38616 40662 41207 41405 41618 42278 42611 42759 43300 44352 45989 46726 46797 48145 48649 49147 50449 50619 50722 52717 52935 53353 53370 54704 55821 56240 58544 59509 59560 59790 59839 59889 59900 62533 64042 65111 65936 66365 66693 67091 67332 68548 70307 72686 73513 73936 74933 76410 77277 80262 80674 80700 80739 81019 81348 83059 83223 85136 86871 88178 88289 88822 88919 89755 90576 91871 92595 93246 93764 94240 0 97226 
25183 26356 27175 27843 28253 28280 28829 29625 30115 30712 31418 31511 32275 32834 34008 34417 34656 34836 35381 36947 37126 37590 37609 37769 37877 38254 39134 39694 39982 41250 41707 41866 42292 42952 43024 43486 43607 44992 46487 47403 47536 48671 49611 50452 50478 50894 50914 53104 53238 53810 0 54930 56362 56518 58581 59549 59616 60296 60404 61073 61581 63607 64062 65743 66075 66796 66797 67189 67416 68845 70903 72912 73651 74096 75267 76582 0 80629 81115 81872 82198 82316 82839 83087 83742 0 86893 88211 88290 88835 0 89855 90941 92116 92768 93272 93797 94359 95612 97315 
25795 26462 27462 27888 28366 28449 29072 30823 30952 32639 32809 33039 33375 33719 34083 35853 36172 36300 36410 37487 37554 38032 38558 38859 39176 39815 40767 41126 41248 42196 42653 43036 43150 43314 43603 43699 43963 45120 46740 47540 47945 48744 49856 50460 50675 51270 0 53259 53324 53922 54152 55040 56434 57751 58605 59703 60761 62367 63107 63957 64015 65047 65147 65887 66119 67011 67825 67888 68638 69120 71006 73427 74013 74860 76114 76775 77442 81500 81510 82548 82695 82755 83764 83870 83931 86142 87354 0 88528 89375 89575 90626 91075 92339 92880 93314 94097 94380 95768 97437 
26556 26635 28147 28180 28704 29239 29263 31200 31341 32932 33170 33324 33889 34642 35412 35963 36494 36527 36806 37500 37988 38906 40024 40308 41709 42251 42756 43146 43203 43750 44298 44935 45833 46064 46073 46156 46368 47144 0 47548 47980 49081 50104 50934 51295 51354 51730 54057 54119 54789 56187 56235 57066 58157 58650 60109 61094 62778 63313 64276 64634 65077 65240 66086 66149 68204 68828 68948 69439 71797 71924 74006 75476 75607 76518 76898 78179 82301 82447 83305 83476 83758 83814 0 84262 86355 87356 88699 88737 89657 89667 90909 91260 92430 0 93706 94778 95432 96038 97542 
27895 29766 30409 31307 31324 31380 31408 31580 31809 33360 33381 33610 34214 34827 35441 36046 36671 36724 36852 37621 38021 39013 40325 40734 41928 42409 43072 43449 0 45008 45407 45644 46173 46687 46971 47399 48209 49135 49153 49265 50058 50261 51234 51252 51794 51866 52403 54133 54772 55038 57201 57251 57272 58312 58672 60664 62364 62929 63989 64348 65916 66101 66839 67090 67977 68726 68887 69084 69842 71882 72586 74547 76664 77199 77802 78286 80430 82643 83006 84045 84104 84149 84817 84944 84995 86480 87939 89271 89762 90072 90263 91225 91277 92507 93807 94284 94891 95518 96173 97599 
28249 29966 30572 31389 31446 31974 32099 32378 32883 34189 34619 35031 35109 35240 36299 37288 37724 38467 38735 38740 38810 39370 41593 41772 41930 42444 43243 43834 44277 45519 0 47158 47169 47190 47720 47747 48259 49474 49929 50200 50668 51069 51391 51838 52306 0 52772 54919 55678 56383 57597 58234 58521 59241 59433 61145 62684 64751 65452 65466 66060 67056 67256 68394 68846 69376 70118 70488 70502 71969 73680 75690 77265 78219 78570 79731 80437 82768 83913 84241 84732 86284 86927 87248 87250 87491 88221 89287 89779 90087 90600 91226 91797 92521 94022 94334 94916 95640 96348 97691 
28299 30492 30581 31895 0 32186 32732 33148 33156 34598 35137 35983 36049 36632 36894 37441 38186 38776 39452 39893 39915 40448 41898 42874 43859 43968 43974 44322 46112 46762 47373 47506 47537 47680 48015 49126 49317 50438 50456 50695 51104 51263 51515 54338 55500 55816 56558 56951 57860 57961 58335 58527 58686 59257 60532 61523 62875 64822 65939 66465 67201 67539 67733 68465 69487 69718 71175 71354 71472 72201 74350 75809 77335 78858 78899 79733 80641 82969 84242 84637 85114 86293 87261 87548 87743 87885 88389 89365 90695 91117 91381 91500 92232 92584 94374 94485 94920 95786 96522 97867 
29205 30558 31110 31995 32330 32479 33262 33620 33647 35642 36244 37022 37116 37432 37478 37602 38817 38869 39530 40604 41489 41676 42370 44505 44527 44574 44730 46286 46960 47772 0 48761 48814 48988 49012 49483 49706 50655 51017 51193 51845 51859 52152 55141 0 56523 58511 59057 59479 59879 60174 61670 62121 62247 63395 64105 64678 65447 66013 66854 68368 68503 68518 68595 70679 70758 72962 74392 74456 74880 75871 76427 77371 79080 79267 79769 81501 83308 84250 84696 85154 86303 87440 87617 87879 88176 0 89429 90986 91203 91407 91654 92729 93178 94520 94685 95071 95816 96531 97881 
29828 32126 32358 33060 33144 33602 34521 34621 34640 35723 36424 38217 38567 38617 38900 39088 40478 40773 41413 42164 42491 42506 42589 44944 45127 45186 45384 46532 47044 49011 49145 49378 49614 49628 49778 49941 50537 50752 51374 51563 52071 52198 53319 55165 56015 57069 58857 59060 59620 60359 60764 61907 62439 62501 63932 64316 64775 66294 66464 66896 68728 68808 69967 70035 70879 71067 73929 75451 75643 75900 76030 77494 77513 79539 79756 80190 81776 83760 84372 84903 85982 86528 87704 87798 88050 88457 88720 0 91079 91401 91452 91731 92918 93323 94608 94786 95101 95942 96703 97972 
31590 32910 32981 33441 33701 33855 35203 35447 35561 35796 36543 38503 39043 39621 39659 39824 40713 41554 42272 42297 42673 43117 44870 44961 45359 47743 48544 49259 49590 50075 50320 50422 0 51688 51938 52178 52887 0 54618 55035 0 55840 57513 58277 59700 59921 60074 60344 60401 60411 61991 62339 62546 63913 64017 64374 64956 66353 67550 68721 69632 70659 71334 71565 71623 71955 74167 76134 76210 76381 76509 78972 79233 79834 79956 80909 82106 84237 84433 85169 86087 87073 87899 88386 88621 89415 89741 89977 91087 91433 91484 92079 93018 93743 95148 95326 95401 95969 96898 98146 
33462 33488 34136 34511 35076 35168 35402 35752 35973 36355 36668 38655 39271 39958 40605 40614 41307 41649 43290 43389 44109 44590 45090 45174 46461 47984 0 50181 51055 51534 51641 0 52842 53023 53086 54428 54678 55230 55638 55891 56043 56895 57763 58558 59963 60257 60410 61027 61109 61284 62333 62802 63152 64251 64272 64563 64959 66368 67828 68748 69757 70766 71909 72212 72350 72552 74513 76720 77216 77415 77609 79023 79399 80503 80827 81847 83306 84518 85565 87169 88021 88645 88790 89831 89985 90592 90643 90689 91211 91810 92183 92686 93748 93776 95152 95448 95478 96035 96959 98156 
34585 34701 35787 36002 36346 36450 36492 36588 36658 36938 37105 39206 39829 39993 40739 42217 42448 42598 43488 44302 44680 44864 45254 45906 47636 48604 49702 50347 51230 51749 52381 52840 52947 54343 54382 54721 55138 55595 55795 56342 57206 57447 57852 59229 61355 61424 61438 61629 61659 61823 63348 63681 63682 64280 64508 64672 65245 66438 67953 69504 70061 70914 71954 72411 72637 72793 75862 0 77698 78093 79777 80366 80425 80567 0 82197 83669 84725 86944 87237 88103 88873 88884 89926 90747 90971 91022 92337 92451 93009 93088 93271 93862 94761 95233 95712 96178 96210 97112 98231 
35703 36937 36982 36998 37246 37357 37409 37760 38545 38646 38729 39533 40565 40728 40849 43530 43679 44134 44142 44367 46394 47000 47622 47699 47828 48693 49721 50508 51620 51902 52545 53247 53302 54882 55404 55861 55954 56125 56227 56861 57355 58275 59219 59451 61507 61853 62073 62074 63345 63398 63478 63994 64773 64903 65204 65374 65377 66696 67956 70312 71026 71204 72002 72671 72791 72935 75966 77511 77778 78415 79871 80635 80721 82412 82450 82579 84009 85408 87009 87281 88373 89064 89345 90105 90976 91214 91233 92811 92941 93191 93903 94028 94219 94922 0 95737 96185 96560 97219 98248 
37703 37964 38149 38433 0 38678 39806 40777 41419 42096 42140 42392 42396 42656 43263 43818 43857 44393 44700 45208 46572 47162 48302 48732 49494 49519 49741 50569 51646 52221 52653 53303 53598 55376 55626 55941 57458 57528 57630 57689 58482 58745 59265 0 61804 62628 62882 63860 63904 64049 64131 64327 64804 66270 66298 66682 66783 66990 68091 70993 71344 71748 72499 72875 73017 73139 76464 77639 78310 79245 0 80832 82659 84042 84362 84893 85067 85453 87584 87716 88507 89548 89615 90174 91366 91699 91721 93039 93041 93216 94367 94396 94457 95129 95324 95845 96188 96679 97265 98323 
38838 40647 40677 0 41064 41121 41294 42767 42897 42974 42999 43324 43743 43882 44072 44490 44720 45509 45808 46183 46950 47346 48531 49234 0 49848 49852 51178 51960 52319 53168 53696 55916 56636 56758 57906 57943 58236 58265 58435 59865 60437 61726 62408 63292 63711 63722 65762 65902 66087 67110 67129 67742 68232 68449 68670 68844 68864 70452 71212 71430 71935 73742 75535 75745 76492 77612 78284 78486 79339 81495 81644 82707 84057 84475 85098 0 85645 87803 88004 88773 89617 89676 90178 91495 91761 92139 93882 94310 94547 94709 95109 95202 95370 95639 95965 96369 96697 97294 98364 
40369 40922 41315 42239 42953 43982 44409 45113 45237 45634 45779 45813 46203 47010 47078 47351 47472 47631 48551 48577 48842 49043 49282 49285 49527 49981 50924 51386 52043 52346 53229 53700 56415 57147 57287 58002 59289 59399 0 59910 59970 61783 61949 63003 63594 63777 63876 65977 67473 67926 67967 68888 68997 69241 69574 69824 70216 70735 71756 72432 72533 73323 74398 75998 76603 76971 77750 78530 0 79656 81564 82231 83017 84115 85235 85434 85880 86182 88150 88287 89479 90034 90623 90767 91524 91777 92164 93958 94329 94690 94923 95579 95632 95806 95943 95979 96681 96701 97490 98425 
41223 41837 42159 42262 43106 44210 44770 45765 46519 46523 46908 47746 48311 0 49470 49898 49911 50214 51655 51878 52747 52927 52966 53472 54316 55340 56089 56241 56854 57242 57801 58377 58445 58584 59196 59227 61166 61771 62291 62502 62892 62945 63149 63302 64419 64840 65086 66406 67495 68243 68275 70131 70283 71273 71448 71672 72254 73400 73626 73775 74009 74239 74476 76176 76689 77220 77864 79149 79333 80481 81760 82415 83339 84678 85644 85737 86346 86606 88266 89295 89600 90050 90738 90785 91784 91787 92247 94139 94449 94822 95013 95603 95803 95877 96053 96108 96830 96943 97526 98700 
43115 43386 43836 43961 45181 45665 46255 47219 47580 48041 48060 48811 49245 49504 50331 50425 50707 50744 51868 52135 52771 53145 53491 53770 56813 56816 57279 57411 59097 59473 59545 60043 60156 60309 60354 61195 61311 61822 62534 62728 63353 63538 63595 64293 64789 65591 66237 67801 68199 68896 68990 70208 71469 71831 0 72902 73068 73524 73631 73845 74280 75608 76571 78154 78575 79025 79516 80255 80529 80735 82061 82421 84301 84999 85703 85805 86764 87030 88267 89440 89991 90482 91092 91269 91873 91937 92267 94972 95002 95155 95212 95970 95973 96138 96476 96756 96927 97141 97724 98768 
43407 43815 44154 44939 45799 46010 46591 47340 47774 48413 48632 48921 50989 51204 51929 52382 52490 52883 53339 53951 54692 55242 55300 56072 57063 57771 0 58376 59106 59696 60876 60990 61921 62192 62743 63030 63456 63766 63827 63845 64083 64928 65799 66164 67685 0 0 68572 69663 69694 69740 70748 72313 72486 73057 73066 73698 74717 74932 75366 75420 75878 76607 78155 78967 79469 79770 0 81179 81180 82217 82661 84587 85219 85712 86198 86977 87641 88403 90155 90396 90517 91150 91460 91880 92062 92445 95207 95527 95630 95701 96264 0 96424 96705 96786 96946 97228 97822 98835 
46209 46577 46785 46884 47539 47565 48022 49918 50310 50488 50809 51089 51115 51505 51961 52977 53331 54634 54875 54909 55248 55627 55835 56225 58149 58821 59614 59830 60013 60302 61529 62412 62576 62763 62852 63110 64597 64676 64931 65326 65426 65494 66319 66605 67847 68229 69305 69338 69699 70728 71381 71410 73042 73233 73666 74036 74160 74857 75238 75622 75733 76038 76673 79291 80017 80025 0 81016 81183 82125 82257 82961 85127 85393 85741 86310 87124 0 88436 90761 91472 91668 91696 91767 91983 92604 92773 95244 95576 95684 95846 96781 96902 97250 97253 97342 97837 97891 97905 98842 
46692 0 47809 48195 49084 49490 49991 50074 50713 51666 51759 51997 53197 53888 54058 54591 55014 56301 56501 57408 60237 60446 60934 61450 64006 64791 64933 65276 65406 65420 65537 65671 65814 66162 67145 67871 68109 68349 68783 69335 69477 69687 69921 69924 70387 70794 70979 71345 71425 71607 71850 72237 73849 74856 75080 75283 75637 76041 76257 76305 76701 78755 78913 80226 80336 80933 81413 81863 81901 82196 82309 83442 85418 85426 86678 87672 87833 87933 88576 90827 91574 91674 92067 92317 92791 92793 92964 95568 95615 96263 96517 96797 96906 97292 97363 97410 98115 98123 98283 98864 
51416 52374 52444 52758 53217 53717 53805 53819 54109 54127 54472 54801 55253 55801 55841 55911 56275 57227 57296 57573 60320 61932 62486 62698 64133 64816 65009 65804 66304 66567 67284 67378 67747 67857 68261 68315 68890 69287 69381 69410 69958 70231 70376 70425 70863 70927 71008 71735 72021 72088 72930 73155 74194 74868 75291 0 75801 76058 76611 76786 76915 78870 79064 80395 80558 82141 82383 82474 83513 83571 83993 84172 86020 86602 86723 88044 88094 88312 89047 90937 92122 92652 92889 0 93403 93636 93742 96068 96198 96386 96936 96949 97014 97335 97379 97543 0 98256 98315 98916 
51699 53515 53559 53791 54484 54527 54656 55070 55123 55565 55693 56614 56777 56805 56928 57736 57948 59373 59489 59637 60675 62190 62646 63015 64307 64855 66199 66427 66748 66945 67598 67762 67903 68124 68304 68978 69473 69523 69912 70031 0 71458 71705 71941 72143 73594 73927 74209 74269 74872 74892 75105 75266 76138 76157 76424 76929 77289 78213 78614 78706 80409 80432 80891 81404 82946 83009 83263 83704 83719 84108 0 86075 86953 87152 88202 88493 88534 89248 0 92127 92666 92965 93302 93627 93699 93944 96104 96601 96727 97078 97123 97140 97757 97854 98018 98419 98659 98708 98966 
53489 53662 53757 53935 54858 55252 55727 56005 0 56439 56499 56840 57717 58281 58404 59713 59796 59861 60125 60226 60940 62676 64029 64364 64526 65022 66289 66474 66872 67216 67619 67763 68003 68202 68484 69006 70314 71206 72058 72480 72531 72691 72839 73733 74208 74468 74758 74844 74912 75408 77304 0 78563 78704 80533 80767 81020 81497 81546 82980 83611 83733 84276 85258 85514 86331 86610 86843 87067 87137 87459 87608 87732 88041 88114 88357 88502 88722 89609 91333 92222 92998 93116 93457 93805 93816 94725 96433 96985 97009 97218 97328 97402 97833 97921 98286 98439 98757 98824 99011 
53493 53807 54706 54832 55269 56553 56926 57865 58031 58062 58438 58448 60017 60650 60676 61149 61725 61834 62002 62103 63519 63731 64201 64386 65780 65931 67788 68921 69414 69691 69772 69785 70182 70540 70646 70878 70992 71286 72139 73159 73395 73690 73997 74617 74674 74692 74972 75109 75187 75804 77434 78659 79537 79571 80540 80819 81167 81933 82255 83572 83676 84050 84418 85305 85772 86655 87006 87098 88544 88592 88655 88678 89056 89749 90453 90660 90755 91519 92045 92307 92597 93109 93204 94560 94684 95791 95873 96950 96994 97041 97465 97692 97841 97987 97994 98353 98516 98872 98903 99043 
53794 53954 55717 55855 56283 56977 58063 58721 58807 59269 59382 60299 60723 61233 61387 61481 61899 62126 62143 62372 63737 64693 65154 65630 65909 66106 67905 68967 70532 71355 71508 71762 72023 72893 73329 73910 74352 74554 74831 75000 75384 76314 78618 78727 79241 79535 80665 80727 81098 81151 81427 81471 81607 81946 82219 83334 83440 83484 83673 83833 84028 84213 84872 85497 86174 87182 87380 87717 89184 89490 90137 90350 90726 90822 91241 91254 91970 92049 92390 92466 92837 93358 93639 94654 94840 95944 96155 97028 97480 97715 97775 97943 97951 98030 98381 98590 98820 99072 99099 99212 
55335 56456 56657 56671 57079 58128 58316 58976 59523 59651 59906 60579 61704 62021 62859 63022 63688 64734 64971 65948 66036 66566 66611 66614 66744 66930 68616 69284 70700 71513 72110 72243 72423 72913 73344 74693 74798 75005 75404 75528 76159 76604 78673 78924 79461 79626 80759 81338 81339 81771 81780 82495 83469 83679 83706 84487 84782 84954 85144 85145 85428 85516 86825 87111 87164 87232 87652 88433 90001 90042 90512 90603 90772 91320 91580 91855 92625 92764 92996 93121 93298 93907 94218 94762 94936 95995 96162 97062 97516 97799 97852 97978 98017 98189 98703 98710 98881 99087 99137 99298 
56197 57214 59064 59232 59497 0 60076 60264 61371 62136 62246 63113 64094 64125 64221 64378 64389 65039 65554 66749 67781 68744 69749 69806 69839 70920 71486 71923 72855 73074 74466 75912 76995 77321 77338 77857 78283 79264 79297 80491 80650 80736 80774 81197 81398 81777 83156 83318 83940 84084 84152 84254 84270 84513 84708 85554 85630 86217 87135 87955 87984 88250 88573 89065 89066 89256 89279 89357 90194 90619 90907 91126 91146 91473 91608 92473 92953 93031 93212 93458 93613 94468 94758 94893 95130 96041 96380 97191 97563 97910 97962 97986 98112 98198 99033 99203 99281 99304 99314 99326 
58066 58132 59416 59555 59763 59795 60416 60557 61537 62773 63378 63450 64639 64721 65117 65210 65551 67197 67554 67824 67976 68941 69935 70006 70837 71506 71534 72698 73657 73807 74635 76498 77259 77428 77980 78115 78353 79420 79462 81252 81789 82161 82333 82685 83039 83941 84091 84398 84750 84851 84911 84912 85146 85182 85288 86571 86633 86997 87190 88276 88393 88467 88602 89077 89083 89566 90109 90192 90207 90638 91010 91431 92726 92867 92905 93146 93360 93438 94051 94412 94579 94738 95001 95089 95344 96114 96536 97238 97617 97954 98267 98413 98540 98729 99106 99211 99286 99366 99406 99494 
60958 61193 61669 61998 63493 63570 63576 63712 64368 64471 64711 64800 65435 65527 65836 66547 68004 68112 69747 70261 0 70565 70612 71659 71894 72413 72827 72848 73842 74750 75243 77347 77528 77841 79039 79890 79952 80122 80139 81370 81922 82162 82638 82713 83761 84212 84620 85053 85156 86022 86963 87300 87345 87358 87455 87536 87616 87622 87777 88500 89111 89206 89439 89606 89781 90555 90728 91180 91492 91661 91780 91809 92913 93153 93277 93728 93950 94274 94325 94712 94892 94904 95041 95185 95513 96554 96590 97257 97793 98036 98558 98667 98717 98829 99194 99277 99361 0 99468 99643 
65869 66442 0 67675 68079 68098 0 68427 68756 69164 70614 71197 71254 71736 71867 72060 72477 72634 74386 74678 74779 75597 76962 77077 77548 77650 79362 79408 79636 80522 80768 80920 81121 81131 82047 83054 83179 83403 83661 83936 83972 84447 84454 85137 85868 85939 86132 86195 87178 88048 88135 88347 88624 88649 89189 89213 89262 89431 89470 89481 89539 89753 90587 91106 91132 91307 91629 91853 91960 0 92234 92248 92924 93402 93601 94553 94592 94724 94954 94995 95543 95859 96339 96417 96815 96925 97343 97345 97801 98190 98597 98752 98847 98899 99235 99386 0 99452 99513 99646 
0 66771 67323 67870 68236 69077 69323 69344 70636 71003 71047 71298 72324 72718 73007 73227 73969 74119 74586 74713 74807 76308 77573 77967 78664 79012 79468 79867 81461 81910 82205 82815 83093 84235 84502 84542 84899 85032 85684 85836 85863 86110 86433 86590 86788 87286 87427 87549 87680 89067 89141 89584 89789 89934 90359 90492 90560 90878 91885 91892 92128 92605 93235 93595 93961 94071 94088 94098 94112 94641 94662 95140 95237 95297 95488 95718 96204 96377 96418 96432 96449 96747 96855 97110 97122 97174 97393 97504 97944 98225 98620 98910 99017 99100 99261 99567 99671 99676 99713 99734 
69402 69475 0 70771 70781 70862 71070 71433 71652 71938 72539 73611 0 73878 74250 75524 75685 76194 0 76526 76764 76900 77885 78114 79031 79281 79798 80843 81876 81990 82775 83145 83377 84291 84541 84597 85923 86570 0 87268 87685 88232 88596 88603 89427 89696 89718 89878 90102 90399 90704 90724 90783 91118 91246 91669 91752 91778 91923 91959 92340 93175 93383 93968 94221 94358 94632 94843 94909 95159 95258 95287 95407 95414 95767 95802 96448 96574 96605 96746 96748 96754 96870 97324 97668 97787 98259 98322 98397 98478 98656 99066 99073 99175 99279 99654 99691 0 99774 99812 
70380 70817 71780 73246 73336 73364 74186 74877 74922 75704 75858 76401 76676 76842 77002 77023 77453 77880 77913 77947 78046 78322 78715 79257 79506 79645 80326 81152 82593 82757 82862 83715 83808 84558 85019 85033 86146 86587 87156 87270 88412 88455 89197 89230 89693 89822 89971 90024 90487 90513 90754 90874 91801 92047 92184 92436 92585 92960 93640 93723 93759 94616 94730 94970 95077 95479 95503 95601 0 95679 95796 95913 96061 96217 96297 96505 96568 0 96619 96779 96892 96917 97044 97419 97683 97896 98296 98328 98512 98711 99159 99188 99273 99462 99602 99655 99798 99872 99901 99906 
74231 74393 74927 75152 75599 76008 76103 76144 76507 76800 77246 77388 78416 78477 79361 79426 80222 80482 81118 81232 81406 82069 82641 83019 83226 83791 84228 84661 84951 85118 85831 86122 86266 87136 87863 88644 88881 89101 89525 89993 90139 90180 90854 91029 91255 91406 91486 92429 92450 92882 93319 93506 94152 94355 94436 94465 94524 94652 94728 94748 94789 94971 95452 95491 0 95530 95610 96048 96193 96231 96490 96510 96607 96896 97017 97124 97395 97471 97572 97654 97736 97913 98012 98053 98057 98438 98734 98905 98970 98988 99382 99584 99616 99661 99675 99687 99799 99896 99910 99973 
77694 78136 78253 78352 78629 79125 80108 80134 80220 80354 80568 80711 80826 81381 81394 82214 82424 82498 83315 83405 83588 83853 83924 84266 84524 84635 84650 84832 84986 85121 86015 86262 86525 87338 88770 88787 89029 89147 89731 90419 90606 90712 91040 91257 91717 92397 92479 92715 92876 92926 94172 94443 94802 94896 94929 94950 95037 95115 95161 95424 95472 95848 96161 96181 96378 0 96733 96784 96832 96887 97233 97314 97406 97427 97590 97593 97923 98020 98050 98300 98331 98350 98351 98437 98602 98617 98908 98919 99041 99140 99624 99635 99821 99828 99847 99856 99890 99951 99958 99984 
78068 78325 78498 78739 0 79179 80200 80202 80243 80550 80842 80921 81571 81867 82001 82350 83081 83657 83906 84248 84431 84957 84968 84974 85177 85269 85307 85691 85862 86746 86849 87061 87072 87495 88801 89039 89152 89208 89750 90491 91100 0 92502 92857 93010 93020 93463 93739 93744 94462 95128 95180 95807 95986 96137 96172 96584 96592 96864 0 97245 97376 97386 97664 97820 97888 98044 98087 98129 98374 98394 98568 0 98625 98639 98665 98751 98862 98980 98990 99088 99111 99457 99487 99527 99664 99667 99682 99686 99699 99731 99762 99843 99854 99905 99907 99940 99955 99977 99986 
