29
8 320 554 1196 0 1731 3924 4955 5003 7669 7721 9031 12073 16827 20868 22038 25315 26656 26741 26792 30108 31069 36550 38390 44958 55536 59151 62947 64492 
15 1089 2138 2657 3341 3349 4774 4961 6394 7831 9187 11637 13040 17086 0 25075 27850 28012 28560 28733 31150 31781 37350 40320 46217 58104 59381 65067 67036 
175 1669 2155 4958 6217 0 8240 8276 8558 8939 10196 12248 13192 20882 0 25313 0 29272 30272 32071 32298 34347 40440 41576 46654 58951 59635 0 70815 
718 1760 2340 5421 6805 7220 8443 0 8907 0 10416 12987 14373 23662 25481 27240 29177 30871 31624 32737 32975 34699 41034 45715 46743 59847 60769 70458 0 
785 1863 2653 6551 7198 9407 10274 10501 10771 12082 12428 13313 23539 25115 26780 30201 30925 33696 35294 38051 38145 39553 44437 45799 52671 63045 65256 71034 72960 
0 2151 2736 6642 0 11642 13489 13604 13697 14759 15066 18664 23621 26729 33274 40045 42235 43525 43993 46254 46952 47216 48870 49166 53474 63309 65524 75399 77153 
1053 2244 2740 0 7738 11783 14958 15699 0 16764 17967 0 0 27413 34189 42162 42813 46049 46459 47512 47580 47948 50292 53532 55785 67090 68843 75784 0 
1546 2383 0 7079 7766 12151 15177 17343 18776 19038 20537 0 25996 28083 34792 43131 43688 46669 46796 47851 48014 48332 51266 56014 56100 67260 69081 76837 77453 
0 3192 5648 7259 8783 12962 15918 17533 18942 19649 0 23755 29362 30181 0 0 0 48896 49991 50244 51648 53618 54298 56604 60099 67314 69961 78969 80226 
3097 4936 0 8193 8952 13455 17083 18791 19048 20917 21411 0 30073 31071 35825 45869 46468 52069 52635 52848 54326 56486 62063 0 62064 71144 71961 79708 81490 
3242 4994 10961 11220 11468 14361 17227 19256 19754 23086 25889 30862 33988 34906 37048 46460 49257 52380 55160 60290 61713 66530 0 70732 71921 74755 77840 80498 82830 
4161 5416 11344 12585 13522 14949 19148 21202 21964 23609 26898 32492 34796 35827 38567 48088 0 53177 57440 61310 61786 67011 68949 71354 72886 77585 78500 80499 83009 
5495 6238 12665 14508 0 15696 19192 21923 22457 23915 28018 33200 36602 37196 39165 48213 51667 53231 57726 63050 64411 73245 73596 76348 76388 78984 78990 80739 86216 
11855 11874 12818 15166 15999 17547 21370 25613 27477 29107 34037 36946 41004 42192 42215 49553 51705 53283 0 65176 0 73710 75364 76655 80637 81128 0 83784 91014 
12380 13850 14681 15596 17965 20091 23272 25875 27579 29780 34038 37079 42128 0 0 50199 54933 56103 65990 68515 69077 73778 76141 77093 81543 82889 83668 0 91533 
14787 16601 16634 17380 18315 23540 23902 26869 28625 0 35790 40555 42533 45736 46575 51235 55153 56375 66048 68617 69537 0 76249 82239 0 84384 85457 86100 93246 
16608 18403 0 18976 20309 23969 24369 27374 29936 37039 39270 40605 0 48573 0 52246 55471 57227 67015 68702 70780 75770 78170 82438 82729 84809 87399 87531 93594 
18555 19669 21747 23656 23840 24559 24743 27905 35016 38091 40081 40758 43164 48813 50203 56900 57379 57920 68768 70880 72665 76680 79088 85836 87257 87987 88045 88077 93627 
26363 26420 29490 29629 29867 33099 33546 33969 36686 39387 40168 42627 0 49433 50718 57180 61228 62774 69883 71202 0 79525 0 85900 87738 88988 90513 90754 93730 
26836 0 32773 33769 35270 35754 36186 37448 37837 40641 40839 42965 43908 53576 57709 57963 66399 0 70602 71790 75371 80328 0 85931 87808 91307 91479 92285 94625 
32016 34571 35655 36185 36833 37958 40309 40370 40399 41451 41787 48319 49910 56795 60390 60837 66428 68213 71521 72584 78454 80670 84766 86200 87839 91551 92261 92632 94750 
32958 35992 36086 0 41323 43418 45378 46320 46848 47241 47250 48380 50445 58127 61269 65632 68198 0 74880 76280 81572 82406 85496 86360 90341 91738 92818 92820 95000 
38588 41432 43405 43594 43733 0 46093 46484 50229 50449 51178 51349 52538 60284 61651 65995 69660 0 76229 76556 82383 82648 85682 87558 90770 92442 94495 95139 95465 
39443 41433 45462 49901 51913 53110 53410 53627 54619 56133 58631 60372 62594 62648 62914 66258 69818 74229 76337 77129 83153 86104 87240 89445 91081 93437 95627 96544 96639 
51008 51199 51362 52915 53856 54606 59324 59403 62037 62392 68053 70152 74608 74963 75136 80780 82573 84145 84945 85822 86580 86821 87532 0 91480 93931 96364 97188 0 
54908 55751 57974 58474 58947 59480 60606 60754 62798 63450 72455 72543 78047 79579 80367 81419 84211 84784 86308 87181 87292 87505 87815 90730 91779 94904 96530 97394 98391 
56846 57692 58138 0 61236 0 63705 64050 64595 64647 73039 73309 78975 81123 82832 0 86226 86934 87569 89786 90088 90610 91655 91786 92401 95379 96705 98232 0 
62815 0 65811 65857 67912 69279 69654 70028 70131 70421 74270 76833 79137 83215 84908 86285 0 92717 92885 93328 94020 94934 95035 96403 96487 96647 97175 98484 99124 
64617 66612 66800 67150 68377 69302 72228 72497 72675 73087 78258 78503 81304 84966 87900 90002 92050 92756 92945 94282 0 97189 97280 97745 98517 98840 99420 99522 99965 
