31
50 167 244 434 848 1759 2360 2540 3749 3869 5026 6667 11388 13139 13903 14902 18159 0 20881 25225 29868 31953 33124 34700 35150 38947 41810 50948 53332 62927 82138 
0 731 1325 0 2684 2779 3127 4154 4768 0 6373 7017 11772 13748 14895 15128 20432 20813 22225 25586 30168 33253 35564 36863 37466 42171 43487 52334 54160 0 83769 
430 1669 2117 2660 2880 3332 3558 4912 5540 7273 7750 8546 11778 13826 16841 17174 0 23355 24003 25931 30959 33969 36933 37345 40608 43304 44752 52397 0 67494 85028 
438 2025 2195 3563 3932 4823 5396 5526 5753 7621 9217 10146 13613 14312 18047 18329 22399 24179 24592 28194 30962 34726 37516 38510 41103 43381 46288 53611 55285 67777 86182 
1126 2208 2221 3936 4760 5657 5955 6003 6283 8276 9528 10525 15216 19973 0 23499 23580 25711 30519 0 34565 35963 40799 41560 41599 44915 47537 53650 56014 71680 0 
1409 2298 2632 4419 6080 6808 0 9064 9715 11258 11358 11586 0 20566 23206 28359 31041 31204 31591 0 35678 37810 41600 43456 44695 46878 47596 53702 59667 0 89253 
2053 2498 2682 5598 6252 6916 9171 9448 10778 12948 14652 14934 15626 20630 23857 29507 33607 35928 37265 37944 38908 39645 42449 45350 45777 47391 48031 54131 60007 71681 90048 
2072 2784 3348 5782 6418 7467 9420 9537 10814 13503 15863 16836 0 20676 23975 30398 36117 37123 37337 39058 40056 43796 44464 48422 49746 50628 0 54132 61401 72437 90263 
5339 0 5664 6488 7676 8511 9956 10139 11396 13593 16296 19320 19849 20690 24112 30570 38083 38252 38845 39581 41314 43943 44672 49954 51372 0 52217 55950 0 75302 90304 
6001 0 6357 6526 7838 11443 12241 13350 15246 15277 17086 20841 23224 23976 24383 30691 39813 40327 41855 0 43057 45861 47479 50081 51813 51945 52525 57870 62614 77963 91245 
6123 6740 7061 8128 8185 12289 0 16096 16220 0 17224 0 23285 24170 24549 32015 40426 0 43486 43682 45042 46006 0 51646 52487 52627 55086 58410 64692 0 0 
7314 8425 9679 9970 10925 12828 12964 16536 18305 18718 23202 23318 26089 26275 26460 32652 41880 47819 48126 52800 53367 53582 55694 56182 59752 0 65122 65298 67409 78835 92045 
0 9606 10449 10491 11005 12975 14444 17147 19398 19696 25409 26477 27100 27933 29217 33369 41944 48556 50612 54961 56222 59145 59305 59529 61541 63841 66051 67474 68432 80711 92352 
9196 12311 14106 14516 15507 15771 17705 17984 19422 21784 27965 28403 32132 41144 41418 42763 46062 48585 51247 56202 57616 60715 61699 62358 62778 63967 69207 0 73164 82448 92424 
0 16573 18248 0 18457 18623 19334 19435 23316 23344 29754 31053 33033 41197 41505 45263 0 49436 52469 56469 58567 61101 62133 62590 63092 64601 0 74153 77417 83170 92502 
16610 17988 18461 18903 19936 23765 24119 24325 24978 26777 29852 32163 33683 41528 42793 45762 47261 49752 60309 61027 62251 0 63667 63981 65312 65516 70679 77367 78845 85501 92680 
19338 20449 21955 22269 22735 23784 25739 27052 27840 28140 34014 34781 36401 0 43836 47691 48345 49852 64083 65934 66098 67082 67687 68559 71033 75423 75785 79282 80400 85758 93849 
23604 24334 25910 28451 28726 29740 30340 31249 31605 32397 35222 35539 38784 44615 45181 47785 48793 52451 0 0 66527 69277 69404 71937 73864 76783 0 82316 83452 87149 94098 
24904 25922 26147 0 31283 31317 31373 33398 34533 34697 36201 36469 40503 45637 45813 49997 0 55226 67857 70505 70714 70965 71954 72102 74577 79735 80212 84434 85186 89480 94188 
25440 27087 27509 29777 32957 33977 34764 35409 36574 36720 36802 37938 40560 46841 47140 50128 0 55706 68030 71308 72666 72796 74846 74875 78615 80036 80926 85607 86017 89602 94805 
28894 29736 30369 35992 36875 41860 42433 43439 44782 0 46546 46821 49300 0 49910 50346 52925 58515 70149 74794 75912 76132 76529 79973 80267 82290 83392 88212 89112 90229 95819 
45690 46560 47213 47373 48207 48884 49240 49306 49701 52416 54281 56334 58670 58992 59823 61528 61820 62815 70254 75384 0 76227 77496 80927 82549 83050 84286 88347 90893 92206 96297 
46268 46824 47326 48246 49262 49854 51163 51203 51453 54025 55679 57493 59248 59657 62221 63191 64839 65254 71245 77352 77622 78090 78752 81398 83618 83753 85095 90870 91873 92789 96711 
49183 49619 49841 50411 51222 0 54181 56072 56146 0 60845 63058 63081 63188 63878 64450 66981 67606 74023 77524 77821 78634 79818 84003 84059 84590 86382 91961 92034 93283 96928 
49848 51157 51433 51725 55212 59494 60331 61063 61912 66047 67861 69344 0 77203 80854 81714 0 82495 82949 83188 83563 88925 90155 90496 91792 92054 92349 0 93992 94184 97262 
55348 55450 55796 57246 58406 60052 62539 62562 62772 66637 69121 69940 75512 78085 80990 81957 0 83562 84425 86351 88114 89072 90316 91002 92233 94951 95717 95803 97476 98341 98648 
57496 60669 61412 62713 62887 63351 0 66997 0 71427 71797 72987 75959 78245 83375 83685 84166 85126 88364 89146 89379 89890 91022 93054 94248 95276 0 0 97551 98907 99100 
0 61718 61779 63050 64417 64705 65152 67255 70282 71965 75444 75781 76101 78431 83989 84171 85867 87336 88856 89794 90868 92798 93107 93532 0 95351 96831 97119 97736 99313 99385 
67217 67725 67859 73351 73447 73809 74273 76042 79136 79608 81898 83181 84812 85082 85849 86754 87101 87373 89209 89875 91571 93545 94120 0 94382 95546 97186 97299 97907 99400 99846 
68590 68878 69310 73612 74692 74895 74920 76068 81040 82018 84341 84464 85712 88817 89585 89650 90391 91036 0 91478 94981 95360 95830 97585 98149 98158 98287 98314 98866 99498 99874 
79342 80751 80825 81092 82333 0 84079 84839 84901 85288 86625 88073 88084 90051 0 91063 91698 91728 93389 94875 95577 95636 97946 98351 98634 98979 99425 99458 99536 99836 99942 
