11
806 3961 10086 12980 0 0 0 35489 38930 44888 74439 
0 0 10134 14318 20299 26289 31810 38003 49280 55637 78366 
5154 9473 10465 14366 0 36631 37391 42892 50802 56916 79590 
9400 14367 15456 0 26775 40421 0 50711 58960 66207 80342 
14676 15346 19162 21067 31224 41419 49329 52400 0 67684 90845 
19066 0 34586 36143 0 50751 0 59015 62681 67709 92997 
19825 34911 0 44308 48514 60889 62113 63875 64864 0 93283 
45749 48550 53450 58142 63425 64925 71179 73991 74636 0 94224 
48209 48790 56135 64652 70743 72177 74227 76738 78547 84873 95118 
50392 63596 68222 69254 73388 73589 77280 84263 0 98366 98790 
0 82396 82471 0 87701 88852 95676 95861 96662 98617 99259 
