13
962 1238 3492 4558 7195 8024 13205 13612 15623 0 34927 44851 0 
0 2559 0 4626 8337 9336 0 27674 31614 39531 39626 55464 64385 
1242 0 4000 0 10765 11178 26528 31243 33457 40949 44075 70502 72097 
1725 0 0 6460 17973 30138 0 38544 43007 45847 52099 73890 75680 
9804 10483 11307 0 22332 31552 34707 40542 44363 46159 52204 75517 77192 
14926 15088 17165 17882 23658 33131 36338 41378 46664 47544 0 76942 79279 
16237 18107 25676 25831 27219 35643 37850 43655 47003 50698 53840 81981 0 
19492 19678 28625 34190 41211 46442 46740 48939 51845 52053 55068 84942 86505 
0 28896 35062 36369 42199 49132 52599 52867 57485 61552 61939 85269 88245 
36624 38343 40733 40772 43185 49793 60738 64901 67711 70609 73451 88755 93532 
50667 51865 0 59313 61871 0 68946 70795 75089 76627 81886 0 94324 
55763 62796 64606 0 77150 0 78856 79912 80721 82341 82630 91574 96500 
57380 66044 67788 67831 78935 0 0 84655 0 0 92480 95777 99995 
