23
201 780 977 2034 2612 3388 3562 6035 9448 12360 13653 14813 16057 19172 24548 29690 35046 40587 41015 50849 51102 66492 68761 
0 1053 3210 3504 5289 7099 7648 12836 14349 0 18332 18687 20097 20454 25749 34177 0 42667 43120 51655 52110 66945 73816 
552 1138 3302 3523 0 10609 12138 15525 16035 18396 19577 27438 28829 29134 30193 35975 37235 42821 43459 52781 56998 71721 76019 
960 1659 3430 4262 11770 12144 15239 16863 17396 18441 20304 32927 34360 0 36282 43143 44531 46817 48819 55909 57808 71937 78140 
2596 4162 5583 6265 13880 0 17369 17995 18031 26065 30364 33136 35511 36005 36569 46080 47006 49209 49832 59034 59533 72515 78632 
0 4404 6177 7264 15776 0 20186 20233 21041 26852 31385 33310 35647 36229 0 50570 51335 0 56787 59553 60792 73006 0 
3240 0 6237 8099 16260 21569 24557 24949 25279 27341 34276 35567 36380 36417 50357 50691 59808 60612 61933 63363 64441 73782 81651 
3500 4757 6686 9026 16819 23263 24972 25405 28310 29051 36437 38296 39379 44427 51747 52722 61370 65384 65395 67538 68961 73803 82681 
3931 4901 9824 10706 18130 26495 27995 29817 31781 31846 39033 39044 0 46654 51881 0 62306 66725 0 73279 74323 75617 83060 
6589 7856 10832 11015 19443 28511 30600 32163 33433 34807 39499 40844 41370 47285 53881 0 62831 69664 75764 0 82878 83982 91285 
8230 8461 11654 12497 0 28579 32566 32583 37480 0 41331 42490 44529 49104 54070 61586 63120 71624 76035 78171 85078 85417 92029 
11760 13056 15210 15620 22891 29483 36068 36297 37503 40674 44748 45089 0 50362 54840 66341 68734 75687 77640 78461 87195 87449 92252 
13149 14780 15228 15875 24042 29653 36143 37102 40649 40895 45856 50215 54057 58002 61035 66697 73149 76736 77809 80639 87613 88711 93764 
18503 18715 28692 29021 29085 0 37645 0 42216 47597 50370 50719 54843 0 62865 69191 74034 78936 81083 81294 88109 88834 94194 
25267 26613 29910 30278 31329 32953 38273 38395 0 0 50832 52390 57262 61818 63411 75483 76265 79426 81400 83639 89031 0 94436 
25674 29539 31223 31712 32682 33000 0 39283 43699 51571 51787 54222 61431 68653 0 77962 79025 0 82238 89860 90899 94660 96709 
32262 32568 32737 32791 0 35965 44112 44640 45820 53552 56589 0 62764 69137 73126 80194 80214 83862 86553 91729 91748 94848 96736 
37290 37530 37970 45069 46879 0 47299 48336 49741 55402 56934 58298 62971 72982 73171 80410 0 86206 86636 91753 93188 96400 96742 
39289 39463 41178 46943 47071 49175 49704 55276 55587 56497 58393 62646 73510 74092 74192 81528 86494 88615 0 92518 93694 96474 97640 
0 45985 46640 47751 53445 56651 60925 62875 63561 68041 71311 73416 76418 77332 78455 84470 88256 89683 90870 92908 93815 97203 97987 
40778 46412 46652 0 54093 57118 0 64873 0 71931 73080 75215 77296 77931 79444 85827 88335 90294 93184 93455 95396 97313 98179 
73419 75189 76931 77113 77210 79002 80409 82261 84965 85441 87581 91014 91916 0 0 0 95621 97399 98101 0 0 98774 98845 
0 0 86738 87510 87668 87849 88104 89231 90755 90918 91583 91927 94179 94949 95332 95819 96290 98029 98164 98384 99101 99314 99724 
