100
15860 19748 80626 72288 91324 31868 24755 37209 70633 97774 88808 49972 24346 33989 1942 80948 208 28165 14228 29247 51061 93808 58667 50320 46134 63939 9742 75956 1016 28748 52086 84968 19325 24239 19627 36907 88903 50397 91523 73311 78142 95811 86281 24182 76539 7882 27645 55337 94381 14840 74143 68335 23813 31993 39124 8739 35869 86898 49565 96170 13080 21762 58891 6174 4821 28406 87958 57243 93461 56019 10833 15771 16929 57055 96180 14619 41038 754 21289 41551 77011 75376 73037 39579 13633 80726 88279 6638 2321 12146 47592 276 91620 86617 26376 43244 34533 33108 78540 86199 
100
2 64 95337
1 11 83
2 27 36456
1 51 86
1 13 25
1 69 72
2 43 53865
2 64 14492
1 55 86
1 21 22
1 24 64
1 52 96
1 62 83
2 62 94907
2 10 22524
2 37 42222
1 1 10
1 10 88
2 59 53809
1 51 54
2 81 9085
2 50 58032
1 29 48
1 4 97
1 20 64
1 37 83
1 27 84
1 15 38
1 3 61
2 99 13190
1 6 17
2 79 21787
2 21 67099
2 7 15015
1 51 59
2 75 9512
2 65 56014
1 6 23
2 13 38341
2 79 49825
1 39 92
2 55 99124
1 33 97
1 32 58
2 23 30141
2 36 95037
2 91 88911
1 44 89
1 8 9
1 44 48
1 67 82
1 50 69
1 24 31
1 20 61
2 3 25647
2 4 23897
2 9 72703
1 13 32
2 76 56803
2 38 27619
1 32 42
2 67 37978
2 81 34196
2 65 15316
2 50 33481
1 29 100
2 77 54657
1 51 75
2 43 5889
1 43 97
1 71 72
2 71 5155
1 9 82
1 40 69
1 42 92
2 26 17370
2 37 92173
2 85 29290
2 35 19225
2 31 52535
2 41 12442
2 93 19315
1 52 95
2 56 4936
1 7 83
1 64 86
1 55 100
2 13 84514
2 70 8458
2 99 53669
1 26 41
1 45 59
1 30 66
1 41 78
2 30 19544
2 8 94313
2 19 5085
1 19 76
1 60 65
2 11 35962
