20
58200 35624 97349 2001 37457 67989 85319 30883 28890 43971 37930 28768 20456 41483 94639 77484 29070 48787 95848 67825 
100
1 3 18
2 19 91767
2 10 32369
2 14 78282
1 3 11
2 2 47012
1 12 18
2 10 36459
2 9 8227
2 14 70808
1 2 18
1 3 18
2 8 95673
1 8 13
2 11 31882
2 7 29882
2 18 73289
2 13 44420
2 5 7707
2 15 87438
2 19 67515
2 13 58589
2 2 58284
2 19 42348
2 2 99680
2 13 37424
2 10 36301
1 9 14
1 3 10
1 18 18
1 1 6
1 12 20
2 19 43014
2 7 72298
2 19 39427
2 12 22554
2 3 31674
1 5 8
2 5 21692
1 1 7
1 11 19
1 5 6
1 15 18
2 10 16672
2 13 85732
1 5 20
1 8 14
1 4 18
1 2 20
2 17 10796
2 20 67616
1 15 17
1 14 20
1 12 18
2 20 25928
1 3 16
1 6 13
2 10 24870
1 3 6
1 9 18
1 1 13
1 8 13
1 5 6
2 2 16631
1 2 12
2 1 62956
1 9 18
1 6 8
1 2 14
1 2 9
2 2 16910
1 6 16
2 13 15261
2 8 53637
1 6 17
1 2 7
2 16 44729
2 17 5652
1 15 17
1 8 10
1 1 9
1 5 10
1 9 20
1 7 18
1 3 5
2 5 54403
1 16 19
1 2 5
2 12 27737
1 6 11
2 6 85407
2 16 63137
2 19 57168
1 1 17
2 16 93472
1 17 17
1 9 13
2 15 17568
1 7 13
2 11 61265
