3 2892
1 1 1 1 1 1 1 1 1 1 1 1 1 1 1 1 1 1 1 1 1 1 1 1 1 1 1 1 1 1 1 1 1 1 1 1 1 1 1 1 1 1 1 1 1 1 1 1 1 1 1 1 1 1 1 1 1 1 1 1 1 1 1 1 1 1 1 1 1 1 1 1 1 1 1 1 1 1 1 1 1 1 1 1 1 1 1 1 1 1 1 1 1 1 1 1 1 1 1 1 1 1 1 1 1 1 1 1 1 1 1 1 1 1 1 1 1 1 1 1 1 1 1 1 1 1 1 1 1 1 1 1 1 1 1 1 1 1 1 1 1 1 1 1 1 1 1 1 1 1 1 1 1 1 1 1 1 1 1 1 1 1 1 1 1 1 1 1 1 1 1 1 1 1 1 1 1 1 1 1 1 1 1 1 1 1 1 1 1 1 1 1 1 1 1 1 1 1 1 1 1 1 1 1 1 1 1 1 1 1 1 1 1 1 1 1 1 1 1 1 1 1 1 1 1 1 1 1 1 1 1 1 1 1 1 1 1 1 1 1 1 1 1 1 1 1 1 1 1 1 1 1 1 1 1 1 1 1 1 1 1 1 1 1 1 1 1 1 1 1 1 1 1 1 1 1 1 1 1 1 1 1 1 1 1 1 1 1 1 1 1 1 1 1 1 1 1 1 1 1 1 1 1 1 1 1 1 1 1 1 1 1 1 1 1 1 1 1 1 1 1 1 1 1 1 1 1 1 1 1 1 1 1 1 1 1 1 1 1 1 1 1 1 1 1 1 1 1 1 1 1 1 1 1 1 1 1 1 1 1 1 1 1 1 1 1 1 1 1 1 1 1 1 1 1 1 1 1 1 1 1 1 1 1 1 1 1 1 1 1 1 1 1 1 1 1 1 1 1 1 1 1 1 1 1 1 1 1 1 1 1 1 1 1 1 1 1 1 1 1 1 1 1 1 1 1 1 1 1 1 1 1 1 1 1 1 1 1 1 1 1 1 1 1 1 1 1 1 1 1 1 1 1 1 1 1 1 1 1 1 1 1 1 1 1 1 1 1 1 1 1 1 1 1 1 1 1 1 1 1 1 1 1 1 1 1 1 1 1 1 1 1 1 1 1 1 1 1 1 1 1 1 1 1 1 1 1 1 1 1 1 1 1 1 1 1 1 1 1 1 1 1 1 1 1 1 1 1 1 1 1 1 1 1 1 1 1 1 1 1 1 1 1 1 1 1 1 1 1 1 1 1 1 1 1 1 1 1 1 1 1 1 1 1 1 1 1 1 1 1 1 1 1 1 1 1 1 1 1 1 1 1 1 1 1 1 1 1 1 1 1 1 1 1 1 1 1 1 1 1 1 1 1 1 1 1 1 1 1 1 1 1 1 1 1 1 1 1 1 1 1 1 1 1 1 1 1 1 1 1 1 1 1 1 1 1 1 1 1 1 1 1 1 1 1 1 1 1 1 1 1 1 1 1 1 1 1 1 1 1 1 1 1 1 1 1 1 1 1 1 1 1 1 1 1 1 1 1 1 1 1 1 1 1 1 1 1 1 1 1 1 1 1 1 1 1 1 1 1 1 1 1 1 1 1 1 1 1 1 1 1 1 1 1 1 1 1 1 1 1 1 1 1 1 1 1 1 1 1 1 1 1 1 1 1 1 1 1 1 1 1 1 1 1 1 1 1 1 1 1 1 1 1 1 1 1 1 1 1 1 1 1 1 1 1 1 1 1 1 1 1 1 1 1 1 1 1 1 1 1 1 1 1 1 1 1 1 1 1 1 1 1 1 1 1 1 1 1 1 1 1 1 1 1 1 1 1 1 1 1 1 1 1 1 1 1 1 1 1 1 1 1 1 1 1 1 1 1 1 1 1 1 1 1 1 1 1 1 1 1 1 1 1 1 1 1 1 1 1 1 1 1 1 1 1 1 1 1 1 1 1 1 1 1 1 1 1 1 1 1 1 1 1 1 1 1 1 1 1 1 1 1 1 1 1 1 1 1 1 1 1 1 1 1 1 1 1 1 1 1 1 1 1 1 1 1 1 1 1 1 1 1 1 1 1 1 1 1 1 1 1 1 1 1 1 1 1 1 1 1 1 1 1 1 1 1 1 1 1 1 1 1 1 1 1 1 1 1 1 1 1 1 1 1 1 1 1 1 1 1 1 1 1 1 1 1 1 1 1 1 1 1 1 1 1 1 1 1 1 1 1 1 1 1 1 1 1 1 1 1 1 1 1 1 1 1 1 1 1 1 1 1 1 1 1 1 1 1 1 1 1 1 1 1 1 1 1 1 1 1 1 1 1 1 1 1 1 1 1 1 1 1 1 1 1 1 1 1 1 1 1 1 1 1 1 1 1 1 1 1 1 1 1 1 1 1 1 1 1 1 1 1 1 1 1 1 1 1 1 1 1 1 1 1 1 1 1 1 1 1 1 1 1 1 1 1 1 1 1 1 1 1 1 1 1 1 1 1 1 1 1 1 1 1 1 1 1 1 1 1 1 1 1 1 1 1 1 1 1 1 1 1 1 1 1 1 1 1 1 1 1 1 1 1 1 1 1 1 1 1 1 1 1 1 1 1 1 1 1 1 1 1 1 1 1 1 1 1 1 1 1 1 1 1 1 1 1 1 1 1 1 1 1 1 1 1 1 1 1 1 1 1 1 1 1 1 1 1 1 1 1 1 1 1 1 1 1 1 1 1 1 1 1 1 1 1 1 1 1 1 1 1 1 1 1 1 1 1 1 1 1 1 1 1 1 1 1 1 1 1 1 1 1 1 1 1 1 1 1 1 1 1 1 1 1 1 1 1 1 1 1 1 1 1 1 1 1 1 1 1 1 1 1 1 1 1 1 1 1 1 1 1 1 1 1 1 1 1 1 1 1 1 1 1 1 1 1 1 1 1 1 1 1 1 1 1 1 1 1 1 1 1 1 1 1 1 1 1 1 1 1 1 1 1 1 1 1 1 1 1 1 1 1 1 1 1 1 1 1 1 1 1 1 1 1 1 1 1 1 1 1 1 1 1 1 1 1 1 1 1 1 1 1 1 1 1 1 1 1 1 1 1 1 1 1 1 1 1 1 1 1 1 1 1 1 1 1 1 1 1 1 1 1 1 1 1 1 1 1 1 1 1 1 1 1 1 1 1 1 1 1 1 1 1 1 1 1 1 1 1 1 1 1 1 1 1 1 1 1 1 1 1 1 1 1 1 1 1 1 1 1 1 1 1 1 1 1 1 1 1 1 1 1 1 1 1 1 1 1 1 1 1 1 1 1 1 1 1 1 1 1 1 1 1 1 1 1 1 1 1 1 1 1 1 1 1 1 1 1 1 1 1 1 1 1 1 1 1 1 1 1 1 1 1 1 1 1 1 1 1 1 1 1 1 1 1 1 1 1 1 1 1 1 1 1 1 1 1 1 1 1 1 1 1 1 1 1 1 1 1 1 1 1 1 1 1 1 1 1 1 1 1 1 1 1 1 1 1 1 1 1 1 1 1 1 1 1 1 1 1 1 1 1 1 1 1 1 1 1 1 1 1 1 1 1 1 1 1 1 1 1 1 1 1 1 1 1 1 1 1 1 1 1 1 1 1 1 1 1 1 1 1 1 1 1 1 1 1 1 1 1 1 1 1 1 1 1 1 1 1 1 1 1 1 1 1 1 1 1 1 1 1 1 1 1 1 1 1 1 1 1 1 1 1 1 1 1 1 1 1 1 1 1 1 1 1 1 1 1 1 1 1 1 1 1 1 1 1 1 1 1 1 1 1 1 1 1 1 1 1 1 1 1 1 1 1 1 1 1 1 1 1 1 1 1 1 1 1 1 1 1 1 1 1 1 1 1 1 1 1 1 1 1 1 1 1 1 1 1 1 1 1 1 1 1 1 1 1 1 1 1 1 1 1 1 1 1 1 1 1 1 1 1 1 1 1 1 1 1 1 1 1 1 1 1 1 1 1 1 1 1 1 1 1 1 1 1 1 1 1 1 1 1 1 1 1 1 1 1 1 1 1 1 1 1 1 1 1 1 1 1 1 1 1 1 1 1 1 1 1 1 1 1 1 1 1 1 1 1 1 1 1 1 1 1 1 1 1 1 1 1 1 1 1 1 1 1 1 1 1 1 1 1 1 1 1 1 1 1 1 1 1 1 1 1 1 1 1 1 1 1 1 1 1 1 1 1 1 1 1 1 1 1 1 1 1 1 1 1 1 1 1 1 1 1 1 1 1 1 1 1 1 1 1 1 1 1 1 1 1 1 1 1 1 1 1 1 1 1 1 1 1 1 1 1 1 1 1 1 1 1 1 1 1 1 1 1 1 1 1 1 1 1 1 1 1 1 1 1 1 1 1 1 1 1 1 1 1 1 1 1 1 1 1 1 1 1 1 1 1 1 1 1 1 1 1 1 1 1 1 1 1 1 1 1 1 1 1 1 1 1 1 1 1 1 1 1 1 1 1 1 1 1 1 1 1 1 1 1 1 1 1 1 1 1 1 1 1 1 1 1 1 1 1 1 1 1 1 1 1 1 1 1 1 1 1 1 1 1 1 1 1 1 1 1 1 1 1 1 1 1 1 1 1 1 1 1 1 1 1 1 1 1 1 1 1 1 1 1 1 1 1 1 1 1 1 1 1 1 1 1 1 1 1 1 1 1 1 1 1 1 1 1 1 1 1 1 1 1 1 1 1 1 1 1 1 1 1 1 1 1 1 1 1 1 1 1 1 1 1 1 1 1 1 1 1 1 1 1 1 1 1 1 1 1 1 1 1 1 1 1 1 1 1 1 1 1 1 1 1 1 1 1 1 1 1 1 1 1 1 1 1 1 1 1 1 1 1 1 1 1 1 1 1 1 1 1 1 1 1 1 1 1 1 1 1 1 1 1 1 1 1 1 1 1 1 1 1 1 1 1 1 1 1 1 1 1 1 1 1 1 1 1 1 1 1 1 1 1 1 1 1 1 1 1 1 1 1 1 1 1 1 1 1 1 1 1 1 1 1 1 1 1 1 1 1 1 1 1 1 1 1 1 1 1 1 1 1 1 1 1 1 1 1 1 1 1 1 1 1 1 1 1 1 1 1 1 1 1 1 1 1 1 1 1 1 1 1 1 1 1 1 1 1 1 1 1 1 1 1 1 1 1 1 1 1 1 1 1 1 1 1 1 1 1 1 1 1 1 1 1 1 1 1 1 1 1 1 1 1 1 1 1 1 1 1 1 1 1 1 1 1 1 1 1 1 1 1 1 1 1 1 1 1 1 1 1 1 1 1 1 1 1 1 1 1 1 1 1 1 1 1 1 1 1 1 1 1 1 1 1 1 1 1 1 1 1 1 1 1 1 1 1 1 1 1 1 1 1 1 1 1 1 1 1 1 1 1 1 1 1 1 1 1 1 1 1 1 1 1 1 1 1 1 1 1 1 1 1 1 1 1 1 1 1 1 1 1 1 1 1 1 1 1 1 1 1 1 1 1 1 1 1 1 1 1 1 1 1 1 1 1 1 1 1 1 1 1 1 1 1 1 1 1 1 1 1 1 1 1 1 1 1 1 1 1 1 1 1 1 1 1 1 1 1 1 1 1 1 1 1 1 1 1 1 1 1 1 1 1 1 1 1 1 1 1 1 1 1 1 1 1 1 1 1 1 1 1 1 1 1 1 1 1 1 1 1 1 1 1 1 1 1 1 1 1 1 1 1 1 1 1 1 1 1 1 1 1 1 1 1 1 1 1 1 1 1 1 1 1 1 1 1 1 1 1 1 1 1 1 1 1 1 1 1 1 1 1 1 1 1 1 1 1 1 1 1 1 1 1 1 1 1 1 1 1 1 1 1 1 1 1 1 1 1 1 1 1 1 1 1 1 1 1 1 1 1 1 1 1 1 1 1 1 1 1 1 1 1 1 1 1 1 1 1 1 1 1 1 1 1 1 1 1 1 1 1 1 1 1 1 1 1 1 1 1 1 1 1 1 1 1 1 1 1 1 1 1 1 1 1 1 1 1 1 1 1 1 1 1 1 1 1 1 1 1 1 1 1 1 1 1 1 1 1 1 1 1 1 1 1 1 1 1 1 1 1 1 1 1 1 1 1 1 1 1 1 1 1 1 1 1 1 1 1 1 1 1 1 1 1 1 1 1 1 1 1 1 1 1 1 1 1 1 1 1 1 1 1 1 1 1 1 1 1 1 1 1 1 1 1 1 1 1 1 1 1 1 1 1 1 1 1 1 1 1 1 1 1 1 1 1 1 1 1 1 1 1 1 1 1 1 1 1 1 1 1 1 1 1 1 1 1 1 1 1 1 1 1 1 1 1 1 1 1 1 1 1 1 1 1 1 1 1 1 1 1 1 1 1 1 1 1 1 1 1 1 1 1 1 1 1 1 1 1 1 1 1 1 1 1 1 1 1 1 1 1 1 1 1 1 1 1 1 1 1 1 1 1 1 1 1 1 1 1 1 1 1 1 1 1 1 1 1 1 1 1 1 1 1 1 1 1 1 1 1 1 1 1 1 1 1 
1 1 1 1 1 1 1 1 1 1 1 1 1 1 1 1 1 1 1 1 1 1 1 1 1 1 1 1 1 1 1 1 1 1 1 1 1 1 1 1 1 1 1 1 1 1 1 1 1 1 1 1 1 1 1 1 1 1 1 1 1 1 1 1 1 1 1 1 1 1 1 1 1 1 1 1 1 1 1 1 1 1 1 1 1 1 1 1 1 1 1 1 1 1 1 1 1 1 1 1 1 1 1 1 1 1 1 1 1 1 1 1 1 1 1 1 1 1 1 1 1 1 1 1 1 1 1 1 1 1 1 1 1 1 1 1 1 1 1 1 1 1 1 1 1 1 1 1 1 1 1 1 1 1 1 1 1 1 1 1 1 1 1 1 1 1 1 1 1 1 1 1 1 1 1 1 1 1 1 1 1 1 1 1 1 1 1 1 1 1 1 1 1 1 1 1 1 1 1 1 1 1 1 1 1 1 1 1 1 1 1 1 1 1 1 1 1 1 1 1 1 1 1 1 1 1 1 1 1 1 1 1 1 1 1 1 1 1 1 1 1 1 1 1 1 1 1 1 1 1 1 1 1 1 1 1 1 1 1 1 1 1 1 1 1 1 1 1 1 1 1 1 1 1 1 1 1 1 1 1 1 1 1 1 1 1 1 1 1 1 1 1 1 1 1 1 1 1 1 1 1 1 1 1 1 1 1 1 1 1 1 1 1 1 1 1 1 1 1 1 1 1 1 1 1 1 1 1 1 1 1 1 1 1 1 1 1 1 1 1 1 1 1 1 1 1 1 1 1 1 1 1 1 1 1 1 1 1 1 1 1 1 1 1 1 1 1 1 1 1 1 1 1 1 1 1 1 1 1 1 1 1 1 1 1 1 1 1 1 1 1 1 1 1 1 1 1 1 1 1 1 1 1 1 1 1 1 1 1 1 1 1 1 1 1 1 1 1 1 1 1 1 1 1 1 1 1 1 1 1 1 1 1 1 1 1 1 1 1 1 1 1 1 1 1 1 1 1 1 1 1 1 1 1 1 1 1 1 1 1 1 1 1 1 1 1 1 1 1 1 1 1 1 1 1 1 1 1 1 1 1 1 1 1 1 1 1 1 1 1 1 1 1 1 1 1 1 1 1 1 1 1 1 1 1 1 1 1 1 1 1 1 1 1 1 1 1 1 1 1 1 1 1 1 1 1 1 1 1 1 1 1 1 1 1 1 1 1 1 1 1 1 1 1 1 1 1 1 1 1 1 1 1 1 1 1 1 1 1 1 1 1 1 1 1 1 1 1 1 1 1 1 1 1 1 1 1 1 1 1 1 1 1 1 1 1 1 1 1 1 1 1 1 1 1 1 1 1 1 1 1 1 1 1 1 1 1 1 1 1 1 1 1 1 1 1 1 1 1 1 1 1 1 1 1 1 1 1 1 1 1 1 1 1 1 1 1 1 1 1 1 1 1 1 1 1 1 1 1 1 1 1 1 1 1 1 1 1 1 1 1 1 1 1 1 1 1 1 1 1 1 1 1 1 1 1 1 1 1 1 1 1 1 1 1 1 1 1 1 1 1 1 1 1 1 1 1 1 1 1 1 1 1 1 1 1 1 1 1 1 1 1 1 1 1 1 1 1 1 1 1 1 1 1 1 1 1 1 1 1 1 1 1 1 1 1 1 1 1 1 1 1 1 1 1 1 1 1 1 1 1 1 1 1 1 1 1 1 1 1 1 1 1 1 1 1 1 1 1 1 1 1 1 1 1 1 1 1 1 1 1 1 1 1 1 1 1 1 1 1 1 1 1 1 1 1 1 1 1 1 1 1 1 1 1 1 1 1 1 1 1 1 1 1 1 1 1 1 1 1 1 1 1 1 1 1 1 1 1 1 1 1 1 1 1 1 1 1 1 1 1 1 1 1 1 1 1 1 1 1 1 1 1 1 1 1 1 1 1 1 1 1 1 1 1 1 1 1 1 1 1 1 1 1 1 1 1 1 1 1 1 1 1 1 1 1 1 1 1 1 1 1 1 1 1 1 1 1 1 1 1 1 1 1 1 1 1 1 1 1 1 1 1 1 1 1 1 1 1 1 1 1 1 1 1 1 1 1 1 1 1 1 1 1 1 1 1 1 1 1 1 1 1 1 1 1 1 1 1 1 1 1 1 1 1 1 1 1 1 1 1 1 1 1 1 1 1 1 1 1 1 1 1 1 1 1 1 1 1 1 1 1 1 1 1 1 1 1 1 1 1 1 1 1 1 1 1 1 1 1 1 1 1 1 1 1 1 1 1 1 1 1 1 1 1 1 1 1 1 1 1 1 1 1 1 1 1 1 1 1 1 1 1 1 1 1 1 1 1 1 1 1 1 1 1 1 1 1 1 1 1 1 1 1 1 1 1 1 1 1 1 1 1 1 1 1 1 1 1 1 1 1 1 1 1 1 1 1 1 1 1 1 1 1 1 1 1 1 1 1 1 1 1 1 1 1 1 1 1 1 1 1 1 1 1 1 1 1 1 1 1 1 1 1 1 1 1 1 1 1 1 1 1 1 1 1 1 1 1 1 1 1 1 1 1 1 1 1 1 1 1 1 1 1 1 1 1 1 1 1 1 1 1 1 1 1 1 1 1 1 1 1 1 1 1 1 1 1 1 1 1 1 1 1 1 1 1 1 1 1 1 1 1 1 1 1 1 1 1 1 1 1 1 1 1 1 1 1 1 1 1 1 1 1 1 1 1 1 1 1 1 1 1 1 1 1 1 1 1 1 1 1 1 1 1 1 1 1 1 1 1 1 1 1 1 1 1 1 1 1 1 1 1 1 1 1 1 1 1 1 1 1 1 1 1 1 1 1 1 1 1 1 1 1 1 1 1 1 1 1 1 1 1 1 1 1 1 1 1 1 1 1 1 1 1 1 1 1 1 1 1 1 1 1 1 1 1 1 1 1 1 1 1 1 1 1 1 1 1 1 1 1 1 1 1 1 1 1 1 1 1 1 1 1 1 1 1 1 1 1 1 1 1 1 1 1 1 1 1 1 1 1 1 1 1 1 1 1 1 1 1 1 1 1 1 1 1 1 1 1 1 1 1 1 1 1 1 1 1 1 1 1 1 1 1 1 1 1 1 1 1 1 1 1 1 1 1 1 1 1 1 1 1 1 1 1 1 1 1 1 1 1 1 1 1 1 1 1 1 1 1 1 1 1 1 1 1 1 1 1 1 1 1 1 1 1 1 1 1 1 1 1 1 1 1 1 1 1 1 1 1 1 1 1 1 1 1 1 1 1 1 1 1 1 1 1 1 1 1 1 1 1 1 1 1 1 1 1 1 1 1 1 1 1 1 1 1 1 1 1 1 1 1 1 1 1 1 1 1 1 1 1 1 1 1 1 1 1 1 1 1 1 1 1 1 1 1 1 1 1 1 1 1 1 1 1 1 1 1 1 1 1 1 1 1 1 1 1 1 1 1 1 1 1 1 1 1 1 1 1 1 1 1 1 1 1 1 1 1 1 1 1 1 1 1 1 1 1 1 1 1 1 1 1 1 1 1 1 1 1 1 1 1 1 1 1 1 1 1 1 1 1 1 1 1 1 1 1 1 1 1 1 1 1 1 1 1 1 1 1 1 1 1 1 1 1 1 1 1 1 1 1 1 1 1 1 1 1 1 1 1 1 1 1 1 1 1 1 1 1 1 1 1 1 1 1 1 1 1 1 1 1 1 1 1 1 1 1 1 1 1 1 1 1 1 1 1 1 1 1 1 1 1 1 1 1 1 1 1 1 1 1 1 1 1 1 1 1 1 1 1 1 1 1 1 1 1 1 1 1 1 1 1 1 1 1 1 1 1 1 1 1 1 1 1 1 1 1 1 1 1 1 1 1 1 1 1 1 1 1 1 1 1 1 1 1 1 1 1 1 1 1 1 1 1 1 1 1 1 1 1 1 1 1 1 1 1 1 1 1 1 1 1 1 1 1 1 1 1 1 1 1 1 1 1 1 1 1 1 1 1 1 1 1 1 1 1 1 1 1 1 1 1 1 1 1 1 1 1 1 1 1 1 1 1 1 1 1 1 1 1 1 1 1 1 1 1 1 1 1 1 1 1 1 1 1 1 1 1 1 1 1 1 1 1 1 1 1 1 1 1 1 1 1 1 1 1 1 1 1 1 1 1 1 1 1 1 1 1 1 1 1 1 1 1 1 1 1 1 1 1 1 1 1 1 1 1 1 1 1 1 1 1 1 1 1 1 1 1 1 1 1 1 1 1 1 1 1 1 1 1 1 1 1 1 1 1 1 1 1 1 1 1 1 1 1 1 1 1 1 1 1 1 1 1 1 1 1 1 1 1 1 1 1 1 1 1 1 1 1 1 1 1 1 1 1 1 1 1 1 1 1 1 1 1 1 1 1 1 1 1 1 1 1 1 1 1 1 1 1 1 1 1 1 1 1 1 1 1 1 1 1 1 1 1 1 1 1 1 1 1 1 1 1 1 1 1 1 1 1 1 1 1 1 1 1 1 1 1 1 1 1 1 1 1 1 1 1 1 1 1 1 1 1 1 1 1 1 1 1 1 1 1 1 1 1 1 1 1 1 1 1 1 1 1 1 1 1 1 1 1 1 1 1 1 1 1 1 1 1 1 1 1 1 1 1 1 1 1 1 1 1 1 1 1 1 1 1 1 1 1 1 1 1 1 1 1 1 1 1 1 1 1 1 1 1 1 1 1 1 1 1 1 1 1 1 1 1 1 1 1 1 1 1 1 1 1 1 1 1 1 1 1 1 1 1 1 1 1 1 1 1 1 1 1 1 1 1 1 1 1 1 1 1 1 1 1 1 1 1 1 1 1 1 1 1 1 1 1 1 1 1 1 1 1 1 1 1 1 1 1 1 1 1 1 1 1 1 1 1 1 1 1 1 1 1 1 1 1 1 1 1 1 1 1 1 1 1 1 1 1 1 1 1 1 1 1 1 1 1 1 1 1 1 1 1 1 1 1 1 1 1 1 1 1 1 1 1 1 1 1 1 1 1 1 1 1 1 1 1 1 1 1 1 1 1 1 1 1 1 1 1 1 1 1 1 1 1 1 1 1 1 1 1 1 1 1 1 1 1 1 1 1 1 1 1 1 1 1 1 1 1 1 1 1 1 1 1 1 1 1 1 1 1 1 1 1 1 1 1 1 1 1 1 1 1 1 1 1 1 1 1 1 1 1 1 1 1 1 1 1 1 1 1 1 1 1 1 1 1 1 1 1 1 1 1 1 1 1 1 1 1 1 1 1 1 1 1 1 1 1 1 1 1 1 1 1 1 1 1 1 1 1 1 1 1 1 1 1 1 1 1 1 1 1 1 1 1 1 1 1 1 1 1 1 1 1 1 1 1 1 1 1 1 1 1 1 1 1 1 1 1 1 1 1 1 1 1 1 1 1 1 1 1 1 1 1 1 1 1 1 1 1 1 1 1 1 1 1 1 1 1 1 1 1 1 1 1 1 1 1 1 1 1 1 1 1 1 1 1 1 1 1 1 1 1 1 1 1 1 1 1 1 1 1 1 1 1 1 1 1 1 1 1 1 1 1 1 1 1 1 1 1 1 1 1 1 1 1 1 1 1 1 1 1 1 1 1 1 1 1 1 1 1 1 1 1 1 1 1 1 1 1 1 1 1 1 1 1 1 1 1 1 1 1 1 1 1 1 1 1 1 1 1 1 1 1 1 1 1 1 1 1 1 1 1 1 1 1 1 1 1 1 1 1 1 1 1 1 1 1 1 1 1 1 1 1 1 1 1 1 1 1 1 1 1 1 1 1 1 1 1 1 1 1 1 1 1 1 1 1 1 1 1 1 1 1 1 1 1 1 1 1 1 1 1 1 1 1 1 1 1 1 1 1 1 1 1 1 1 1 1 1 1 1 1 1 1 1 1 1 1 1 1 1 1 1 1 1 1 1 1 1 1 1 1 1 1 1 1 1 1 1 1 1 1 1 1 1 1 1 1 1 1 1 1 1 1 1 1 1 1 1 1 1 1 1 1 1 1 1 1 1 1 1 1 1 1 1 1 1 1 1 1 1 1 1 1 1 1 1 1 1 1 1 1 1 1 1 1 1 1 1 1 1 1 1 1 1 1 1 1 1 1 1 1 1 1 1 1 1 1 1 1 1 1 1 1 1 1 1 1 1 1 1 1 1 1 1 1 1 1 1 1 1 1 1 1 1 1 1 1 1 1 1 1 1 1 1 1 1 1 1 1 1 1 1 1 1 1 1 1 1 1 1 1 1 1 1 1 1 1 1 1 1 1 1 1 1 1 1 1 1 1 1 1 1 1 1 1 1 1 1 1 1 1 1 1 1 1 1 1 1 1 1 1 1 1 1 1 1 1 1 1 1 1 1 1 1 1 1 1 1 1 1 1 1 1 1 1 1 1 1 1 1 1 1 1 1 1 1 1 1 1 1 1 1 1 1 1 1 1 1 1 1 1 1 1 1 1 1 1 1 1 1 1 1 1 1 1 1 1 1 1 1 1 1 1 1 1 1 1 
1 1 1 1 1 1 1 1 1 1 1 1 1 1 1 1 1 1 1 1 1 1 1 1 1 1 1 1 1 1 1 1 1 1 1 1 1 1 1 1 1 1 1 1 1 1 1 1 1 1 1 1 1 1 1 1 1 1 1 1 1 1 1 1 1 1 1 1 1 1 1 1 1 1 1 1 1 1 1 1 1 1 1 1 1 1 1 1 1 1 1 1 1 1 1 1 1 1 1 1 1 1 1 1 1 1 1 1 1 1 1 1 1 1 1 1 1 1 1 1 1 1 1 1 1 1 1 1 1 1 1 1 1 1 1 1 1 1 1 1 1 1 1 1 1 1 1 1 1 1 1 1 1 1 1 1 1 1 1 1 1 1 1 1 1 1 1 1 1 1 1 1 1 1 1 1 1 1 1 1 1 1 1 1 1 1 1 1 1 1 1 1 1 1 1 1 1 1 1 1 1 1 1 1 1 1 1 1 1 1 1 1 1 1 1 1 1 1 1 1 1 1 1 1 1 1 1 1 1 1 1 1 1 1 1 1 1 1 1 1 1 1 1 1 1 1 1 1 1 1 1 1 1 1 1 1 1 1 1 1 1 1 1 1 1 1 1 1 1 1 1 1 1 1 1 1 1 1 1 1 1 1 1 1 1 1 1 1 1 1 1 1 1 1 1 1 1 1 1 1 1 1 1 1 1 1 1 1 1 1 1 1 1 1 1 1 1 1 1 1 1 1 1 1 1 1 1 1 1 1 1 1 1 1 1 1 1 1 1 1 1 1 1 1 1 1 1 1 1 1 1 1 1 1 1 1 1 1 1 1 1 1 1 1 1 1 1 1 1 1 1 1 1 1 1 1 1 1 1 1 1 1 1 1 1 1 1 1 1 1 1 1 1 1 1 1 1 1 1 1 1 1 1 1 1 1 1 1 1 1 1 1 1 1 1 1 1 1 1 1 1 1 1 1 1 1 1 1 1 1 1 1 1 1 1 1 1 1 1 1 1 1 1 1 1 1 1 1 1 1 1 1 1 1 1 1 1 1 1 1 1 1 1 1 1 1 1 1 1 1 1 1 1 1 1 1 1 1 1 1 1 1 1 1 1 1 1 1 1 1 1 1 1 1 1 1 1 1 1 1 1 1 1 1 1 1 1 1 1 1 1 1 1 1 1 1 1 1 1 1 1 1 1 1 1 1 1 1 1 1 1 1 1 1 1 1 1 1 1 1 1 1 1 1 1 1 1 1 1 1 1 1 1 1 1 1 1 1 1 1 1 1 1 1 1 1 1 1 1 1 1 1 1 1 1 1 1 1 1 1 1 1 1 1 1 1 1 1 1 1 1 1 1 1 1 1 1 1 1 1 1 1 1 1 1 1 1 1 1 1 1 1 1 1 1 1 1 1 1 1 1 1 1 1 1 1 1 1 1 1 1 1 1 1 1 1 1 1 1 1 1 1 1 1 1 1 1 1 1 1 1 1 1 1 1 1 1 1 1 1 1 1 1 1 1 1 1 1 1 1 1 1 1 1 1 1 1 1 1 1 1 1 1 1 1 1 1 1 1 1 1 1 1 1 1 1 1 1 1 1 1 1 1 1 1 1 1 1 1 1 1 1 1 1 1 1 1 1 1 1 1 1 1 1 1 1 1 1 1 1 1 1 1 1 1 1 1 1 1 1 1 1 1 1 1 1 1 1 1 1 1 1 1 1 1 1 1 1 1 1 1 1 1 1 1 1 1 1 1 1 1 1 1 1 1 1 1 1 1 1 1 1 1 1 1 1 1 1 1 1 1 1 1 1 1 1 1 1 1 1 1 1 1 1 1 1 1 1 1 1 1 1 1 1 1 1 1 1 1 1 1 1 1 1 1 1 1 1 1 1 1 1 1 1 1 1 1 1 1 1 1 1 1 1 1 1 1 1 1 1 1 1 1 1 1 1 1 1 1 1 1 1 1 1 1 1 1 1 1 1 1 1 1 1 1 1 1 1 1 1 1 1 1 1 1 1 1 1 1 1 1 1 1 1 1 1 1 1 1 1 1 1 1 1 1 1 1 1 1 1 1 1 1 1 1 1 1 1 1 1 1 1 1 1 1 1 1 1 1 1 1 1 1 1 1 1 1 1 1 1 1 1 1 1 1 1 1 1 1 1 1 1 1 1 1 1 1 1 1 1 1 1 1 1 1 1 1 1 1 1 1 1 1 1 1 1 1 1 1 1 1 1 1 1 1 1 1 1 1 1 1 1 1 1 1 1 1 1 1 1 1 1 1 1 1 1 1 1 1 1 1 1 1 1 1 1 1 1 1 1 1 1 1 1 1 1 1 1 1 1 1 1 1 1 1 1 1 1 1 1 1 1 1 1 1 1 1 1 1 1 1 1 1 1 1 1 1 1 1 1 1 1 1 1 1 1 1 1 1 1 1 1 1 1 1 1 1 1 1 1 1 1 1 1 1 1 1 1 1 1 1 1 1 1 1 1 1 1 1 1 1 1 1 1 1 1 1 1 1 1 1 1 1 1 1 1 1 1 1 1 1 1 1 1 1 1 1 1 1 1 1 1 1 1 1 1 1 1 1 1 1 1 1 1 1 1 1 1 1 1 1 1 1 1 1 1 1 1 1 1 1 1 1 1 1 1 1 1 1 1 1 1 1 1 1 1 1 1 1 1 1 1 1 1 1 1 1 1 1 1 1 1 1 1 1 1 1 1 1 1 1 1 1 1 1 1 1 1 1 1 1 1 1 1 1 1 1 1 1 1 1 1 1 1 1 1 1 1 1 1 1 1 1 1 1 1 1 1 1 1 1 1 1 1 1 1 1 1 1 1 1 1 1 1 1 1 1 1 1 1 1 1 1 1 1 1 1 1 1 1 1 1 1 1 1 1 1 1 1 1 1 1 1 1 1 1 1 1 1 1 1 1 1 1 1 1 1 1 1 1 1 1 1 1 1 1 1 1 1 1 1 1 1 1 1 1 1 1 1 1 1 1 1 1 1 1 1 1 1 1 1 1 1 1 1 1 1 1 1 1 1 1 1 1 1 1 1 1 1 1 1 1 1 1 1 1 1 1 1 1 1 1 1 1 1 1 1 1 1 1 1 1 1 1 1 1 1 1 1 1 1 1 1 1 1 1 1 1 1 1 1 1 1 1 1 1 1 1 1 1 1 1 1 1 1 1 1 1 1 1 1 1 1 1 1 1 1 1 1 1 1 1 1 1 1 1 1 1 1 1 1 1 1 1 1 1 1 1 1 1 1 1 1 1 1 1 1 1 1 1 1 1 1 1 1 1 1 1 1 1 1 1 1 1 1 1 1 1 1 1 1 1 1 1 1 1 1 1 1 1 1 1 1 1 1 1 1 1 1 1 1 1 1 1 1 1 1 1 1 1 1 1 1 1 1 1 1 1 1 1 1 1 1 1 1 1 1 1 1 1 1 1 1 1 1 1 1 1 1 1 1 1 1 1 1 1 1 1 1 1 1 1 1 1 1 1 1 1 1 1 1 1 1 1 1 1 1 1 1 1 1 1 1 1 1 1 1 1 1 1 1 1 1 1 1 1 1 1 1 1 1 1 1 1 1 1 1 1 1 1 1 1 1 1 1 1 1 1 1 1 1 1 1 1 1 1 1 1 1 1 1 1 1 1 1 1 1 1 1 1 1 1 1 1 1 1 1 1 1 1 1 1 1 1 1 1 1 1 1 1 1 1 1 1 1 1 1 1 1 1 1 1 1 1 1 1 1 1 1 1 1 1 1 1 1 1 1 1 1 1 1 1 1 1 1 1 1 1 1 1 1 1 1 1 1 1 1 1 1 1 1 1 1 1 1 1 1 1 1 1 1 1 1 1 1 1 1 1 1 1 1 1 1 1 1 1 1 1 1 1 1 1 1 1 1 1 1 1 1 1 1 1 1 1 1 1 1 1 1 1 1 1 1 1 1 1 1 1 1 1 1 1 1 1 1 1 1 1 1 1 1 1 1 1 1 1 1 1 1 1 1 1 1 1 1 1 1 1 1 1 1 1 1 1 1 1 1 1 1 1 1 1 1 1 1 1 1 1 1 1 1 1 1 1 1 1 1 1 1 1 1 1 1 1 1 1 1 1 1 1 1 1 1 1 1 1 1 1 1 1 1 1 1 1 1 1 1 1 1 1 1 1 1 1 1 1 1 1 1 1 1 1 1 1 1 1 1 1 1 1 1 1 1 1 1 1 1 1 1 1 1 1 1 1 1 1 1 1 1 1 1 1 1 1 1 1 1 1 1 1 1 1 1 1 1 1 1 1 1 1 1 1 1 1 1 1 1 1 1 1 1 1 1 1 1 1 1 1 1 1 1 1 1 1 1 1 1 1 1 1 1 1 1 1 1 1 1 1 1 1 1 1 1 1 1 1 1 1 1 1 1 1 1 1 1 1 1 1 1 1 1 1 1 1 1 1 1 1 1 1 1 1 1 1 1 1 1 1 1 1 1 1 1 1 1 1 1 1 1 1 1 1 1 1 1 1 1 1 1 1 1 1 1 1 1 1 1 1 1 1 1 1 1 1 1 1 1 1 1 1 1 1 1 1 1 1 1 1 1 1 1 1 1 1 1 1 1 1 1 1 1 1 1 1 1 1 1 1 1 1 1 1 1 1 1 1 1 1 1 1 1 1 1 1 1 1 1 1 1 1 1 1 1 1 1 1 1 1 1 1 1 1 1 1 1 1 1 1 1 1 1 1 1 1 1 1 1 1 1 1 1 1 1 1 1 1 1 1 1 1 1 1 1 1 1 1 1 1 1 1 1 1 1 1 1 1 1 1 1 1 1 1 1 1 1 1 1 1 1 1 1 1 1 1 1 1 1 1 1 1 1 1 1 1 1 1 1 1 1 1 1 1 1 1 1 1 1 1 1 1 1 1 1 1 1 1 1 1 1 1 1 1 1 1 1 1 1 1 1 1 1 1 1 1 1 1 1 1 1 1 1 1 1 1 1 1 1 1 1 1 1 1 1 1 1 1 1 1 1 1 1 1 1 1 1 1 1 1 1 1 1 1 1 1 1 1 1 1 1 1 1 1 1 1 1 1 1 1 1 1 1 1 1 1 1 1 1 1 1 1 1 1 1 1 1 1 1 1 1 1 1 1 1 1 1 1 1 1 1 1 1 1 1 1 1 1 1 1 1 1 1 1 1 1 1 1 1 1 1 1 1 1 1 1 1 1 1 1 1 1 1 1 1 1 1 1 1 1 1 1 1 1 1 1 1 1 1 1 1 1 1 1 1 1 1 1 1 1 1 1 1 1 1 1 1 1 1 1 1 1 1 1 1 1 1 1 1 1 1 1 1 1 1 1 1 1 1 1 1 1 1 1 1 1 1 1 1 1 1 1 1 1 1 1 1 1 1 1 1 1 1 1 1 1 1 1 1 1 1 1 1 1 1 1 1 1 1 1 1 1 1 1 1 1 1 1 1 1 1 1 1 1 1 1 1 1 1 1 1 1 1 1 1 1 1 1 1 1 1 1 1 1 1 1 1 1 1 1 1 1 1 1 1 1 1 1 1 1 1 1 1 1 1 1 1 1 1 1 1 1 1 1 1 1 1 1 1 1 1 1 1 1 1 1 1 1 1 1 1 1 1 1 1 1 1 1 1 1 1 1 1 1 1 1 1 1 1 1 1 1 1 1 1 1 1 1 1 1 1 1 1 1 1 1 1 1 1 1 1 1 1 1 1 1 1 1 1 1 1 1 1 1 1 1 1 1 1 1 1 1 1 1 1 1 1 1 1 1 1 1 1 1 1 1 1 1 1 1 1 1 1 1 1 1 1 1 1 1 1 1 1 1 1 1 1 1 1 1 1 1 1 1 1 1 1 1 1 1 1 1 1 1 1 1 1 1 1 1 1 1 1 1 1 1 1 1 1 1 1 1 1 1 1 1 1 1 1 1 1 1 1 1 1 1 1 1 1 1 1 1 1 1 1 1 1 1 1 1 1 1 1 1 1 1 1 1 1 1 1 1 1 1 1 1 1 1 1 1 1 1 1 1 1 1 1 1 1 1 1 1 1 1 1 1 1 1 1 1 1 1 1 1 1 1 1 1 1 1 1 1 1 1 1 1 1 1 1 1 1 1 1 1 1 1 1 1 1 1 1 1 1 1 1 1 1 1 1 1 1 1 1 1 1 1 1 1 1 1 1 1 1 1 1 1 1 1 1 1 1 1 1 1 1 1 1 1 1 1 1 1 1 1 1 1 1 1 1 1 1 1 1 1 1 1 1 1 1 1 1 1 1 1 1 1 1 1 1 1 1 1 1 1 1 1 1 1 1 1 1 1 1 1 1 1 1 1 1 1 1 1 1 1 1 1 1 1 1 1 1 1 1 1 1 1 1 1 1 1 1 1 1 1 1 1 1 1 1 1 1 1 1 1 1 1 1 1 1 1 1 1 1 1 1 1 1 1 1 1 1 1 1 1 1 1 1 1 1 1 1 1 1 1 1 1 1 1 1 1 1 1 1 1 1 1 1 1 1 1 1 1 1 1 
4000
1 2793 0 1977
1 1039 1 494
2 560 2 702
2 467 2 66
0 125 0 449
2 855 0 2157
1 1121 1 1937
2 2363 0 130
0 1121 1 2186
1 1967 1 204
0 83 2 642
2 730 0 873
1 2520 1 783
1 2696 2 470
1 2813 1 66
0 2141 0 2238
0 2257 1 1994
0 2268 1 1885
0 2739 0 218
0 611 1 2323
0 274 0 1026
1 2284 0 213
1 1085 1 580
0 1251 1 989
2 571 1 413
0 2455 1 113
0 2058 1 393
0 774 2 1349
2 2275 0 1549
0 963 2 1545
1 2382 0 2803
0 1645 1 805
2 666 1 314
0 267 0 1067
1 415 0 1945
2 1247 2 222
1 258 1 964
0 2562 2 2104
0 718 1 508
0 1118 2 1318
2 552 1 646
0 2059 1 1688
1 2462 0 2040
2 2766 1 1901
1 234 1 474
0 2282 1 190
1 1203 2 1802
2 2766 0 1714
1 2640 0 661
1 2250 1 2644
1 642 2 2688
0 1585 1 1490
2 201 1 2813
1 1441 1 679
0 1757 0 1310
2 2841 0 1778
2 1702 2 745
0 1295 0 2404
1 419 2 1713
0 1168 0 1335
0 2123 1 1328
1 1331 1 1686
1 194 0 2185
1 2491 1 1853
1 972 0 1846
0 175 0 2626
0 2554 1 883
0 1716 1 800
0 2326 2 1606
2 536 0 1914
2 2524 2 329
1 1843 1 2601
0 1490 2 1496
0 2281 0 2268
1 89 0 1673
2 2791 1 2403
1 2196 2 94
2 927 0 1886
1 1576 0 2286
2 2586 2 1895
2 827 1 1195
2 207 1 2858
1 596 1 1051
1 992 2 1396
0 2620 1 2083
0 728 2 1986
1 1473 1 1245
1 1218 2 2258
0 2610 1 1660
1 1517 0 1693
2 868 1 954
2 1204 1 263
0 2200 2 2558
0 1027 1 1126
1 1858 2 240
2 2540 2 1427
1 43 1 1933
1 971 0 629
2 1136 2 729
0 1030 2 101
0 331 2 49
1 836 0 375
1 499 1 1365
0 1171 0 1810
1 2342 1 2252
1 535 0 856
0 2886 2 336
2 1098 1 67
0 2438 0 2335
0 768 0 126
2 85 2 2562
1 865 0 233
0 382 0 1588
1 2503 1 1320
2 2653 0 1243
1 2147 2 2487
1 1617 2 307
2 1078 0 1719
2 1450 0 2406
2 1279 0 1198
1 2292 0 1354
2 2721 0 865
0 1770 0 245
1 880 1 2046
2 832 2 1705
0 184 2 2594
1 946 0 2358
1 374 1 2681
2 221 1 2309
0 1377 2 1044
2 186 0 98
2 2711 1 997
1 1735 0 1651
1 841 1 2747
0 2177 1 1791
2 2559 1 2763
1 2055 0 1612
2 496 0 1372
2 191 0 1034
2 1671 0 819
2 152 1 2436
0 1558 2 87
2 253 0 1173
1 296 2 1809
0 256 0 2669
0 427 0 517
0 591 1 1074
0 1649 2 1279
0 2228 0 2040
1 1065 1 2853
0 95 1 835
2 1459 2 2039
0 1873 0 2284
1 288 0 1107
2 1296 0 2405
0 1089 2 1821
1 390 1 2515
0 469 1 1864
0 1152 2 1475
2 1653 0 1156
1 2529 2 1725
1 1856 0 1963
1 2540 2 1999
1 128 2 308
2 2000 2 1970
1 226 0 750
2 544 1 1278
2 434 0 2791
1 187 1 280
2 376 0 1053
0 1019 1 1697
2 1966 0 453
1 1952 0 1477
2 2721 1 1594
1 420 0 1976
2 2589 2 1482
0 1158 2 1019
2 229 1 2237
2 1524 1 2096
1 447 1 199
2 2541 2 56
2 1641 1 620
2 2518 2 1972
0 1004 2 2859
1 644 1 2151
2 138 0 2173
0 1809 0 1488
0 1820 0 1665
1 879 0 948
0 2754 1 78
1 444 1 2566
1 662 2 2248
0 2571 1 591
2 1590 1 1752
0 1497 0 1555
2 621 1 1635
1 1955 0 2204
0 2114 2 107
1 1270 1 2847
0 2620 2 1370
2 1188 1 2406
1 832 0 1474
2 2211 1 1466
0 2167 1 1496
1 2180 1 2366
0 1614 2 802
1 279 1 2007
1 210 1 2297
2 474 2 1525
2 1109 1 617
0 2403 1 2258
1 1265 1 2048
0 2121 0 234
2 690 0 1367
0 2876 0 2854
1 2653 1 1667
2 1107 2 1075
1 1169 0 1081
1 634 1 234
2 1732 0 2636
1 1474 0 1023
1 2595 2 1539
0 780 1 2628
1 1274 1 364
0 349 2 285
2 1853 0 1187
0 25 1 1470
1 79 0 1288
1 2034 2 904
1 425 1 1993
1 722 0 1886
0 1568 1 625
1 1010 1 435
2 2321 2 1772
1 1596 2 817
0 2277 2 1339
0 1138 0 2822
1 2008 1 1142
2 2688 1 1042
2 2666 0 2366
2 2048 0 368
0 2803 0 1361
2 1838 2 2765
0 2088 2 2079
1 1239 2 1790
1 1645 2 848
0 459 0 2312
1 1982 1 2295
0 823 2 352
1 867 1 5
0 2151 2 1885
1 1349 2 2746
2 1632 0 2396
1 1525 2 61
0 2328 2 1840
1 208 0 1884
0 2194 1 2098
0 211 2 257
1 879 0 1726
1 2076 2 1636
0 548 2 2439
1 111 0 272
2 2510 2 1672
0 2341 0 2469
1 2496 2 2835
1 404 0 2367
0 2695 0 1471
1 1982 0 979
2 947 0 716
0 2765 2 708
2 267 1 1656
2 1011 1 302
0 39 0 1607
1 529 0 1766
0 464 1 360
2 2877 2 1570
2 2392 0 191
2 289 2 2413
0 52 1 360
1 660 2 1606
2 216 1 653
2 1925 2 1939
2 913 1 2313
2 2545 0 1285
2 1781 2 550
0 523 1 285
2 462 1 618
0 2106 2 1495
1 2527 0 2259
1 2431 0 2407
0 473 1 1068
0 1142 1 2267
0 1537 2 1561
2 1278 1 1972
0 915 0 2295
0 2470 0 6
2 1713 0 2562
0 170 2 210
0 1734 2 315
1 2083 0 2683
0 857 2 1812
1 2537 2 720
0 2347 1 1381
1 336 2 705
1 748 1 1647
2 1308 1 2121
2 841 1 2355
2 108 1 612
0 1025 0 878
0 1995 2 2379
2 1525 1 1817
0 1899 0 494
1 199 0 1417
0 177 0 281
2 146 0 30
1 1443 2 896
2 1529 0 999
2 1214 2 1841
2 1917 0 2145
2 1771 1 1764
2 1919 1 380
2 856 2 89
1 2506 1 463
1 2529 1 2851
1 1646 0 820
2 12 0 233
2 334 1 1617
1 2166 1 681
0 2355 1 2120
0 2046 1 80
0 121 0 1622
2 2596 1 763
2 1485 1 2588
1 2775 1 357
1 853 1 1026
1 1080 2 1792
2 827 1 219
1 510 2 2761
1 405 1 667
1 2063 0 1086
2 2735 1 464
2 2010 0 1115
2 2054 1 2014
1 32 0 2427
1 1152 2 1700
0 2553 1 512
0 2482 1 524
0 1456 2 1573
0 2191 0 132
0 1070 2 938
2 1151 2 2586
0 97 2 391
1 958 0 949
2 589 2 775
2 1631 2 165
1 1371 2 1279
2 49 1 2843
2 596 0 603
1 816 1 366
2 1260 1 2067
0 1430 2 740
1 1578 1 637
1 2789 2 703
2 1425 1 2775
1 876 0 1841
1 2614 2 1246
0 1006 0 812
1 190 0 1171
1 1060 0 812
1 2143 2 1261
1 1788 0 2095
1 1512 1 511
0 2763 2 1715
1 1414 1 131
1 1285 0 2011
1 2679 1 149
2 1051 1 1601
1 1191 0 1105
2 2705 2 2011
2 111 2 331
1 1512 2 1591
1 1087 1 274
0 984 1 1411
1 327 2 1868
0 856 2 541
1 563 1 2487
0 363 1 407
2 2750 1 527
0 1215 2 2741
2 1704 1 2295
0 1925 1 2185
1 2823 1 1116
2 385 0 2622
0 2252 2 761
1 1955 2 2614
1 450 1 720
2 1404 2 1073
2 1581 2 708
1 546 1 2563
2 2170 1 1125
2 2842 2 1717
2 428 2 1635
2 1041 2 506
0 1445 2 1879
0 2010 2 2437
1 758 2 449
0 206 0 2284
1 1914 0 826
1 1010 2 983
0 227 1 384
0 1825 0 1796
2 2503 2 1729
2 830 1 714
1 2346 1 472
2 2360 0 248
1 2700 2 1764
0 216 1 1705
1 1014 0 461
0 350 1 2662
0 904 1 1830
2 2332 1 1560
1 2258 0 2649
2 2583 0 910
2 716 1 1021
0 1507 2 188
0 1139 0 2646
1 1445 1 20
1 1842 2 1154
0 816 2 1434
0 635 2 917
0 1174 1 1012
1 756 0 547
1 2841 1 1377
2 343 2 1521
0 1485 0 978
0 1860 2 240
0 1989 0 1710
2 2075 0 1367
0 2096 0 362
2 503 0 926
2 773 0 1382
2 1286 2 79
2 1098 1 1279
0 2095 2 2443
0 2114 1 2108
0 2408 1 1677
2 2014 2 2360
2 460 1 352
2 2085 0 1184
0 2434 0 1939
1 1112 0 249
1 2112 0 2848
1 2431 2 1082
1 2019 0 79
0 2614 0 1078
2 386 0 285
2 1651 2 1562
0 2077 2 2532
2 2222 0 623
2 260 2 2694
0 2146 1 1792
0 544 0 2867
0 2069 0 9
2 2719 1 2139
2 2878 1 199
0 401 0 2020
2 311 2 281
0 1114 1 766
1 1048 1 1634
1 1249 1 2127
0 2486 1 813
1 267 2 2287
1 1941 0 448
1 2210 0 1226
2 2257 0 2790
0 820 1 1184
1 2070 0 2068
1 2350 0 352
0 1735 1 1849
1 408 1 2693
1 1830 0 791
1 185 2 648
2 693 0 1967
0 2499 1 2598
2 1576 1 628
0 2189 0 1290
2 424 1 486
1 2483 2 2041
2 1188 1 531
2 1918 0 2328
0 1084 2 356
1 2036 1 714
0 2567 2 2347
0 1395 0 2838
1 454 0 1230
1 2819 2 868
1 947 0 2531
0 1179 1 1443
2 1633 1 1395
0 1679 2 1939
2 1277 0 669
1 59 1 25
0 2214 2 2590
2 505 1 2553
0 988 0 2359
1 1136 1 2536
0 1118 2 754
0 424 1 370
1 1801 1 178
0 2059 0 1890
0 2614 1 1565
2 25 1 2078
2 1581 2 287
1 2649 2 1437
1 2400 2 2110
1 1015 2 1930
0 2433 1 2192
0 998 0 1347
1 700 1 2614
2 2143 2 1513
1 639 0 2670
2 2771 2 2092
1 1462 0 1584
0 565 1 68
1 2234 1 2090
0 2114 2 2064
1 2257 0 2583
2 2178 2 338
2 354 2 2321
0 1650 0 1875
0 1245 1 1204
1 1942 2 651
0 2694 2 473
2 2201 1 2756
2 1536 2 1473
0 1099 2 2871
0 2484 1 724
1 1931 2 2167
2 869 2 1607
1 367 0 1724
0 1535 0 908
2 1486 1 2465
0 2612 2 2388
2 151 0 778
1 2361 1 1805
1 2717 1 372
1 2440 1 1320
2 2641 1 49
0 2855 2 627
2 241 1 943
0 18 1 163
2 1152 2 2098
1 1988 0 1081
2 2198 2 520
1 2728 1 1320
0 1664 2 135
2 2127 1 2347
1 400 0 2589
1 1297 0 1703
1 326 0 2572
0 550 2 834
0 559 0 2124
0 548 2 947
1 2888 0 2541
0 2801 2 40
0 2673 1 1754
1 143 0 2091
2 1052 1 1121
1 2600 1 1843
0 739 0 2775
2 572 0 2369
0 402 2 2076
1 1922 2 2315
0 1794 2 340
2 2541 1 2753
0 1643 0 1716
2 1863 2 1112
1 2473 2 2474
1 1630 1 2499
1 500 1 1500
0 2658 1 1876
1 310 2 92
1 400 0 2262
0 1383 0 1737
1 883 2 2241
1 2655 2 1172
0 669 2 126
1 2240 0 1657
2 1132 0 2253
1 1924 0 453
2 1496 2 1523
1 1104 1 1295
0 1520 0 1881
0 1888 2 705
1 2516 0 1135
1 1272 0 401
1 1256 2 1071
1 1517 1 2089
1 1926 1 2240
1 999 0 1354
0 1456 1 2499
1 2149 2 631
2 1742 1 394
1 395 2 2815
0 2820 1 1316
2 73 0 2426
1 1139 0 718
1 2405 2 1597
0 2860 2 2373
2 2524 2 3
2 2560 2 1788
0 1037 1 1334
0 391 0 33
2 1258 0 2063
2 2510 0 2767
2 466 2 1773
0 2322 1 2589
2 1821 1 1890
2 866 2 656
0 67 2 815
0 2802 2 1981
0 1814 1 768
1 1689 0 1388
2 2708 1 256
1 2215 0 399
2 1127 1 2150
0 2266 0 1471
2 533 2 2277
2 2720 2 2765
0 2531 0 602
2 1620 0 603
1 2123 1 500
0 184 2 1137
2 187 2 1038
1 1260 0 1575
0 310 2 1261
0 2089 1 507
0 193 1 89
0 2253 1 2724
0 2027 1 423
0 792 0 1613
2 2253 1 1648
1 483 0 603
0 2860 0 2639
0 179 1 2781
0 1493 1 2360
1 2760 1 2514
1 1498 2 1255
1 1307 1 2441
2 690 1 2675
0 2794 2 1670
0 2373 0 2143
2 2002 1 28
2 2316 2 750
1 1273 1 1454
1 2483 1 367
0 1414 1 2345
0 2681 2 2642
2 2693 0 2627
0 2466 0 415
0 2335 2 243
2 334 1 1091
0 2319 1 1408
1 1570 2 1129
2 1599 2 1719
2 663 2 2138
1 1675 2 2809
0 478 1 2403
1 1078 1 2095
2 2539 1 2413
0 209 1 1571
0 867 0 1781
2 2061 0 2733
1 1219 0 2056
2 443 0 1249
1 1663 2 140
2 1570 1 786
1 2386 2 899
0 1793 1 1464
1 816 2 209
1 1666 0 631
2 479 2 58
1 1318 0 1166
2 985 2 2071
0 1103 0 22
0 2098 0 731
0 1435 1 1724
0 2423 2 1493
0 663 1 869
1 88 0 536
0 805 2 2790
0 2221 1 2745
0 12 2 34
2 602 1 1332
2 2423 2 2344
2 2875 1 959
0 196 0 1957
0 2427 0 1150
2 2042 2 2421
2 2221 0 512
2 195 1 1703
2 611 0 2318
2 885 1 985
2 2028 0 1156
1 2874 1 237
0 1701 1 1911
2 1281 2 1395
2 602 1 1565
0 1391 2 1865
1 1385 1 266
0 1677 1 2377
1 958 1 261
0 2409 0 624
1 752 1 2477
0 2617 2 2680
1 644 0 955
0 2392 1 2475
2 454 1 2756
1 2370 2 469
1 1398 0 2804
1 776 0 946
0 1990 2 1397
2 2826 0 2702
2 1297 0 665
0 2270 0 1037
1 2631 1 2525
1 138 0 2031
0 2854 0 496
0 401 1 2350
0 1019 2 109
0 2442 0 1319
2 894 1 83
1 1334 0 1479
1 699 1 2785
0 2142 0 124
0 407 1 951
1 2168 1 458
0 381 0 581
1 1394 1 1384
2 1579 2 2842
2 2461 0 36
2 918 0 736
2 1505 0 2255
0 409 2 989
1 348 1 2664
0 1479 1 390
1 570 1 2615
2 2215 0 230
0 707 1 704
1 2462 0 378
2 1079 0 1522
1 574 1 1564
0 1715 0 840
1 206 1 352
0 2793 2 956
1 2495 1 566
0 2744 1 146
1 1893 0 1134
1 536 1 458
0 2125 0 1193
0 1792 0 1548
2 561 0 1415
0 366 2 263
1 1676 2 2060
2 139 1 1821
1 464 1 361
0 812 0 879
0 2330 1 1618
1 1447 2 2687
0 2094 2 2780
1 2401 1 1197
2 862 0 2257
0 1898 1 1309
2 338 1 1822
1 262 2 710
2 67 1 2845
1 774 2 556
1 427 1 355
0 1137 2 437
2 2208 1 2143
2 1715 2 90
0 2810 2 93
1 1318 1 2209
2 654 0 706
0 622 0 2615
1 975 0 698
1 2793 0 2027
0 1420 2 2487
0 161 1 472
1 1485 1 1956
1 1403 0 295
1 372 0 811
2 2340 1 2510
1 266 1 1188
0 1191 1 110
2 462 1 671
2 1791 0 1380
0 700 0 2490
1 1479 2 2213
2 982 0 993
2 1693 0 71
2 835 0 2317
0 2795 0 793
1 2664 2 1273
1 1086 0 220
0 1659 2 2376
2 2292 1 1772
2 2777 0 353
0 1479 0 162
1 2364 2 2748
2 1352 2 1534
2 1626 0 617
1 1176 2 1936
2 926 1 1601
0 908 1 1900
1 595 1 1389
0 2407 0 218
0 704 0 1402
0 208 2 2560
0 2721 0 973
1 140 2 702
2 1243 1 434
1 978 1 1678
1 92 0 2869
0 859 1 1999
2 943 0 328
0 1747 1 117
0 319 2 1482
1 1606 0 722
2 2364 2 249
0 2055 1 1869
0 2036 1 1314
0 1003 1 2601
2 1570 0 1379
2 983 0 74
1 440 0 1989
1 1607 0 329
1 469 0 2595
1 1278 1 746
0 2064 0 40
2 2707 2 146
1 2443 0 2783
0 225 2 649
2 1039 0 274
1 2318 2 2728
0 1495 0 74
2 78 2 2428
2 1457 0 1279
0 1356 1 1434
1 865 0 1557
2 809 2 395
0 2740 2 1917
2 1938 0 1019
1 1937 1 739
2 1661 1 2743
0 267 1 1548
1 2712 1 111
1 936 2 1762
1 2521 1 813
1 1632 1 642
0 696 0 2486
0 1631 0 1007
0 2018 0 1175
0 2640 2 1240
0 1276 1 2752
2 1866 1 1176
1 2105 0 1151
0 558 0 1279
1 124 1 2871
1 2599 1 1455
2 1021 1 1962
2 281 2 1977
2 278 0 2296
0 2828 0 246
1 936 1 1505
1 1582 2 778
2 904 0 1235
0 2767 1 379
1 2288 2 832
1 344 2 2576
2 1750 0 2139
0 2166 1 207
0 2326 1 2729
2 166 0 813
1 321 1 2737
2 820 1 635
2 2699 2 2230
2 921 2 2250
0 440 2 2474
0 572 0 1078
1 393 0 2243
1 960 1 1317
1 2811 1 2501
2 1917 1 1209
1 2845 1 1418
1 1712 0 1811
0 1310 0 2084
2 955 1 2473
0 2488 0 1326
0 1450 1 1965
1 719 2 2328
1 599 1 1213
1 1479 0 2773
2 1734 1 2360
2 2854 1 1583
2 2091 0 2706
2 1899 0 174
0 2524 0 2398
2 738 0 1691
2 1494 0 507
2 1418 2 66
1 2458 0 1737
0 1433 2 2047
0 2396 2 2780
1 2667 1 217
2 2465 2 1683
2 2458 0 44
1 63 0 189
0 2404 1 1851
1 1273 1 423
2 1497 0 2620
2 2050 0 1604
0 1203 0 2126
2 901 1 2120
1 2879 1 2677
1 1672 2 1226
0 1869 0 2382
0 356 0 1093
1 346 0 2614
0 903 2 2435
1 1556 0 1075
2 123 2 2237
0 984 0 1501
0 342 2 62
2 1477 0 604
2 2363 2 1918
2 74 1 44
2 1919 1 9
1 1127 1 1436
1 618 1 1811
0 2192 1 2810
1 2002 0 2645
1 1611 0 1008
2 381 2 2687
0 484 0 1307
1 271 1 328
0 908 2 641
2 762 1 2516
2 204 1 429
1 2003 1 185
1 390 0 936
1 576 0 253
0 1166 0 2368
0 29 2 2033
1 1420 2 1229
1 1338 0 904
2 692 0 360
1 1143 0 1105
0 439 0 2009
1 1194 0 165
1 2716 0 748
1 2617 1 1601
2 2143 2 101
1 1073 0 2500
0 1712 2 1792
0 1561 2 2524
2 685 1 1196
0 615 1 691
1 2181 1 584
2 1191 2 1321
0 502 2 2709
1 1095 0 44
1 2114 0 46
2 2013 0 86
1 118 2 398
1 562 1 481
1 2031 0 583
1 1858 2 1344
1 892 2 1996
0 1046 1 628
0 1193 2 1995
0 292 0 566
1 684 1 2210
1 907 2 2560
1 377 0 1301
1 308 1 927
1 2463 1 607
1 1375 2 428
2 2393 1 1941
0 1750 1 2553
1 2646 0 2421
2 1295 2 223
2 231 2 934
0 2072 1 253
0 103 2 1960
0 555 2 623
1 1374 1 2804
0 2582 0 1260
2 342 0 1415
2 432 2 2885
1 612 1 2637
2 2318 1 1498
2 1789 2 2649
1 1514 0 273
0 891 0 1024
1 2600 0 2318
0 1320 0 823
0 1464 1 2748
0 2536 2 2151
1 127 0 2062
1 1330 2 1148
2 1635 2 1898
2 2089 0 2104
0 1255 0 1320
2 1071 2 2209
0 2695 1 474
0 710 2 1675
1 2510 2 2704
1 269 1 1009
0 1575 0 1028
0 1599 1 310
0 1401 0 683
1 2690 0 1693
2 1281 0 231
2 1669 0 1134
1 216 0 1246
2 940 0 273
2 36 2 2477
2 1352 2 1309
1 1519 0 1080
1 812 0 1559
1 19 0 1951
0 1941 0 2600
0 2241 0 709
0 328 0 1285
2 1657 2 1655
2 421 2 1198
2 198 1 2833
0 1862 1 2462
1 701 0 387
2 716 0 2730
2 63 0 70
2 2160 2 1008
1 2734 2 1510
0 2349 1 2109
0 1339 0 680
2 291 0 5
1 115 0 1726
2 2331 1 664
0 626 1 729
2 264 1 850
1 2515 2 733
2 1217 0 2711
2 2677 2 2373
2 1990 2 2846
1 111 0 992
0 676 0 966
1 2875 0 2325
0 472 0 634
1 392 2 577
1 2116 0 622
2 2460 0 1131
1 2499 0 684
1 943 2 1099
0 139 1 2589
0 1545 2 1409
0 2495 2 188
2 1580 1 2852
0 1443 1 719
1 1699 0 1202
0 1094 2 684
0 395 0 2604
0 2003 1 1389
1 586 1 1985
2 781 0 1607
0 981 2 1889
0 234 0 2845
1 432 1 851
0 1659 2 910
0 703 2 2083
1 2420 0 1478
0 2332 2 700
2 414 2 2177
2 1993 0 2842
2 2589 0 2141
0 1357 1 2355
0 838 0 757
2 2603 0 1059
0 2595 2 1494
1 91 1 2891
2 1128 1 1405
1 94 2 2068
1 250 1 2153
2 410 0 1350
2 1377 1 2392
1 2527 2 2104
1 2671 0 85
2 2449 2 17
2 2640 1 1713
1 818 0 706
2 2147 2 66
2 583 1 711
2 1473 2 643
2 2622 0 37
2 995 1 1863
1 2554 1 51
1 1160 1 11
1 1736 1 126
0 2725 0 2368
1 239 1 2336
0 324 1 2806
1 1450 1 72
2 1190 2 2816
2 1609 2 1004
0 1044 1 2732
2 2476 2 2482
1 1144 0 2104
2 2816 2 1270
1 368 1 2481
0 1875 1 2598
0 539 0 1829
2 1370 2 1996
2 906 0 2025
0 1602 2 1511
1 1516 2 451
0 2036 2 2357
0 1806 0 2515
0 392 2 1801
1 1487 0 420
0 330 0 2022
2 1457 2 2785
1 1202 2 1228
2 2118 0 1942
1 1744 0 1652
2 1130 2 1551
2 66 1 2753
2 594 1 79
2 331 2 1362
1 608 2 469
0 211 2 2728
0 717 1 2134
0 1827 1 2714
2 1209 1 2043
2 1585 2 1891
1 1474 2 285
1 1218 0 2174
2 1646 1 823
2 2092 2 1350
0 1217 0 181
2 1407 1 1306
0 2063 0 178
2 2359 0 263
2 219 1 1433
2 905 2 704
0 2555 0 952
0 991 1 2840
0 2122 0 1015
1 1232 0 1155
2 2665 0 2520
0 1802 1 1254
1 713 0 1231
2 1868 1 1654
0 1228 2 2591
0 1273 1 2550
2 2669 2 689
2 2518 1 175
1 527 1 1985
2 1197 0 894
0 2639 1 1511
2 54 2 1176
0 1096 1 1505
1 351 0 2395
0 1438 1 2373
2 2487 0 165
2 2413 1 2047
0 1557 1 805
0 1762 2 1312
0 24 0 147
2 1772 2 2409
1 627 2 805
1 1230 2 584
0 2218 2 2406
2 1514 1 1887
2 1280 1 2665
1 613 0 821
2 1469 0 1695
1 1942 1 2217
0 1398 1 1196
2 275 2 1816
1 1413 2 2384
1 313 2 676
0 2522 1 2484
2 2086 2 565
1 2605 1 2861
2 378 0 2631
1 1910 0 402
1 845 0 2526
2 2053 0 1387
1 2698 2 1520
0 1025 0 1003
1 147 0 1424
1 751 1 192
1 1729 2 204
1 439 1 2682
1 86 0 1596
1 953 1 1674
1 878 0 1884
0 2512 0 1124
0 1869 1 2194
2 380 2 20
2 1445 0 2063
0 2765 0 2747
1 728 0 84
1 353 1 2094
2 779 1 2696
0 2687 0 1711
2 314 0 1018
2 2579 1 1815
1 2872 2 1641
1 859 1 872
1 1596 1 2578
1 483 2 2313
0 753 1 2696
1 1108 2 1015
1 350 2 643
2 1485 2 2510
2 761 0 2705
2 988 2 1722
2 1985 1 424
2 76 2 304
2 1891 1 1157
0 2786 2 2102
2 1029 2 110
0 2312 2 1921
1 1146 1 200
0 2021 2 270
0 228 1 1427
0 1477 0 2323
2 2797 1 2866
2 893 2 725
1 2073 2 776
2 1974 2 2655
0 2551 2 1941
0 181 1 1373
2 371 0 135
2 189 1 1045
1 262 0 1091
0 491 2 986
1 1151 1 437
1 2363 0 2072
1 541 0 1745
1 1398 1 103
1 2402 1 226
2 1575 2 404
1 2623 1 2113
2 1950 1 1232
1 927 1 1498
2 2582 1 673
1 590 1 1277
1 2710 1 1754
0 323 0 1032
0 765 1 1438
2 2063 0 707
1 1120 1 1917
1 1259 1 1447
2 1872 0 868
1 2459 1 1932
0 636 1 1057
0 2701 1 2403
2 2151 2 504
2 2287 1 2589
1 869 1 2717
1 2093 0 402
2 2678 2 2711
0 1142 1 259
1 1669 2 1813
0 433 0 1088
0 1944 0 1546
1 936 0 2188
2 1364 0 2710
1 1012 0 518
0 1687 2 690
0 2820 0 1369
2 2431 0 1240
1 1430 1 39
2 2397 1 441
0 2511 0 1989
1 330 0 705
2 29 0 971
2 1573 1 2456
0 2223 1 854
0 370 1 961
0 571 2 2654
1 885 2 1583
0 1974 2 1641
2 648 1 635
1 423 2 305
1 1696 2 469
0 2383 0 1581
2 2124 1 412
0 2052 1 1933
1 2150 0 932
2 1919 2 1934
2 1168 0 2079
0 1333 2 1992
2 896 2 8
1 135 0 381
2 644 1 2730
2 835 0 486
1 449 2 1244
2 2134 2 1687
2 730 2 2692
2 332 0 1372
0 606 0 2831
2 1299 1 434
0 1821 0 1547
1 1291 2 161
0 573 1 226
0 1726 1 2536
0 2611 0 2540
1 2878 0 1106
1 2363 2 2857
2 650 1 1624
1 1882 2 856
0 1590 0 560
1 454 2 1121
0 432 2 2384
2 2163 1 2693
1 2108 0 736
2 903 0 1040
0 1298 1 2790
0 288 2 1355
2 287 0 2329
1 1862 1 555
0 1695 2 2215
0 6 1 731
1 1803 0 1296
1 2026 0 1770
2 2180 1 1964
0 333 1 2670
2 619 0 376
1 109 2 2510
2 1335 2 1817
0 1716 1 2624
0 1964 0 2209
1 562 1 2817
1 1064 0 2536
2 789 0 2364
1 1394 0 263
2 2510 2 707
2 1161 1 1305
2 1042 0 1311
2 368 1 152
0 2153 0 2439
2 289 2 982
0 1405 0 2817
0 1846 0 268
0 2585 0 1096
2 2120 2 635
0 1090 2 362
0 148 2 2622
2 165 0 1092
1 838 2 2168
2 918 1 2670
2 2012 0 1544
0 2465 1 965
2 2230 2 2816
0 2628 1 2621
2 2201 0 2288
1 2875 2 1883
1 2129 1 2196
0 1658 0 1389
2 1946 2 1363
2 843 2 328
0 2282 0 1820
0 1009 2 2844
0 129 0 318
1 1290 1 2375
1 1435 0 632
1 2863 2 1513
2 1253 1 2424
2 1045 2 1851
2 1479 1 1612
2 521 1 791
1 966 0 1422
1 2671 2 342
2 2501 1 1485
0 9 0 2200
0 1464 1 38
2 1946 1 72
1 822 2 561
1 1465 2 848
0 754 1 2853
0 1217 0 911
0 2747 2 828
0 1103 2 2457
0 2229 2 2476
0 2203 0 989
2 470 0 1163
1 139 2 2131
1 1129 0 251
2 2151 0 1746
2 2082 0 1918
0 20 0 1729
0 1999 0 2570
0 1120 0 2651
1 1324 1 1606
0 1200 1 2825
1 2558 2 327
0 782 2 76
0 282 0 2663
1 1543 1 1597
0 1817 2 637
2 813 0 2781
2 1676 1 2813
2 169 1 2191
2 1647 1 2068
2 1926 0 1175
0 1343 0 2470
2 1793 1 2593
2 724 2 1942
1 1937 0 2543
0 22 2 238
0 219 1 1265
2 1615 0 1426
2 1333 0 824
2 2057 2 584
1 1194 0 13
0 2829 1 473
0 1170 1 133
2 73 2 2250
2 1317 1 1814
2 2605 1 1053
0 1578 0 2010
0 670 1 1362
2 1814 2 1788
2 827 0 2532
0 2071 0 58
1 1940 1 2864
0 1794 0 1779
0 1922 1 1534
1 1636 2 207
2 2493 0 502
1 765 0 1084
2 815 2 252
1 1040 2 1902
0 904 2 455
2 747 1 2528
1 1212 2 2823
1 607 1 1035
2 2683 1 1247
0 2800 0 1225
2 1913 0 2009
0 2278 2 444
1 2304 2 1694
1 575 0 1637
2 264 2 1179
2 2081 2 1093
0 2411 1 1602
1 1433 2 2561
0 1207 0 106
2 1729 1 1947
2 1288 1 1536
1 650 2 205
2 121 2 1509
2 2416 1 2831
0 2393 1 2808
0 806 0 274
2 2621 1 1118
2 2524 0 100
0 2012 0 835
2 241 2 2246
2 932 0 1199
0 2342 2 922
1 1983 0 1472
0 847 1 2337
2 480 1 142
1 1736 1 263
2 2779 0 2729
0 2532 2 2126
1 1009 1 1753
2 2403 2 1887
0 1219 2 2290
1 2395 2 2043
0 1495 1 2841
2 1324 1 2474
1 1870 2 1793
2 1371 1 2834
1 2504 0 2283
0 538 2 911
2 1246 0 2078
2 233 1 1241
2 1497 0 187
1 1478 2 2477
2 1487 2 2064
0 1146 2 1175
0 252 0 1209
0 2073 2 323
2 278 2 2442
1 1208 0 2294
2 1297 1 442
2 2156 2 2539
1 1246 2 2761
1 1786 2 2520
2 1511 0 2024
2 1422 1 336
2 2182 1 2063
1 1447 1 1937
1 2356 0 934
0 1313 0 2788
0 593 2 772
1 1537 0 1375
1 1617 2 546
0 770 0 2656
2 102 2 1482
2 1687 0 1356
1 869 1 733
1 63 2 561
1 2394 1 1380
0 2077 0 1134
0 1693 1 2089
0 2522 0 2120
2 177 0 1375
0 169 1 1537
1 1325 0 93
2 1193 2 221
1 692 1 1309
0 955 0 2294
2 2474 2 1661
0 2717 1 489
0 105 2 695
0 1932 2 2074
2 2620 2 481
0 32 0 2717
2 1692 1 1259
1 1663 1 212
0 378 2 970
2 481 1 2701
2 1692 2 41
1 269 1 1622
2 1328 1 1633
1 2092 0 2754
1 2707 1 2233
0 2812 1 142
1 55 2 30
1 945 0 2096
2 1731 0 1685
1 141 0 2025
2 2054 0 1312
0 313 1 2669
2 685 1 1250
0 2858 2 1984
2 1711 2 1261
2 996 2 1282
0 1227 2 2838
2 2785 1 2553
0 150 1 139
1 618 1 871
1 1098 0 1869
0 86 1 2458
0 923 2 1726
0 2010 2 1814
1 748 0 1549
1 1015 1 1369
1 1213 1 140
1 1328 0 2471
1 1693 2 619
1 897 1 999
0 2713 0 2324
0 2127 1 1271
0 36 0 1618
0 1800 1 2591
0 2085 2 54
1 517 0 64
0 1826 1 1866
0 2401 2 1700
2 1147 0 1846
1 1533 1 336
1 1412 2 842
2 2299 0 1817
2 583 0 2863
1 116 2 2379
0 2281 2 722
0 1241 0 1596
1 2594 2 2295
2 93 2 2395
2 1784 2 810
0 2082 0 1382
2 400 0 175
1 1028 2 422
0 1440 2 398
2 2553 0 1881
1 2241 1 2347
0 648 1 1308
0 1277 2 1694
0 2653 0 891
2 1759 2 2146
2 1039 1 764
1 2490 0 2234
2 56 1 2270
2 56 0 1521
2 2549 1 2
2 1311 1 2838
1 2023 1 2755
2 864 0 500
0 2262 0 2888
1 1663 0 1756
0 821 1 2461
1 1172 0 1819
0 1477 0 187
0 1791 2 955
2 21 1 1851
2 533 2 971
2 848 2 866
0 587 2 826
0 2441 2 2587
1 2786 1 599
1 1933 0 1493
2 1524 0 1090
2 1650 1 988
1 2246 1 882
2 2353 2 1596
2 1936 0 2185
2 1144 1 2255
0 905 2 2515
0 2629 2 1919
1 2885 0 828
2 2571 0 2526
1 1425 2 2460
2 270 0 1242
2 1881 2 2839
2 1717 2 1416
2 905 1 616
1 2204 1 1223
2 502 2 1989
0 2876 1 1545
2 760 1 2474
2 672 2 2094
1 31 2 2114
2 1203 2 2268
2 2009 2 871
1 1990 2 2810
1 1725 2 1697
1 1300 1 2844
2 1799 0 2710
0 1240 0 2407
0 1897 1 2026
0 167 0 154
1 248 0 2461
0 1277 0 716
2 1611 0 2750
0 178 0 2059
1 2166 2 2663
0 189 0 2709
2 1100 0 878
0 1708 0 648
0 1446 0 139
2 2500 0 2783
0 2618 0 2252
2 1984 1 133
1 966 2 2735
1 2079 0 1071
1 1420 0 2252
1 756 0 2453
1 516 0 416
1 778 1 2122
1 2436 2 2292
2 1740 2 106
2 1330 0 2822
0 1237 0 996
1 1084 0 1435
0 1511 0 79
2 710 1 1510
0 2547 0 34
2 1223 1 811
1 499 0 261
1 838 0 1037
1 2379 1 2220
1 2284 0 538
1 2258 1 1927
1 91 0 1002
0 1971 0 2339
2 2037 2 2478
0 2681 0 2517
1 222 0 612
0 258 0 2043
2 2817 0 1421
2 2020 1 2248
1 2443 0 2828
0 1958 2 380
0 2535 0 1603
1 1025 0 417
0 1282 0 2865
2 519 1 2443
2 1820 2 42
2 1384 0 2616
2 844 1 1005
0 322 2 281
1 1887 2 31
0 116 2 2687
1 1062 2 1918
2 2688 1 1047
2 2042 0 2242
0 1618 1 424
2 1801 2 649
1 1270 1 2884
2 2215 1 610
1 762 1 2133
0 2276 0 1828
0 548 0 731
0 2010 0 86
1 1550 1 1113
1 2098 1 1498
1 1761 2 272
1 1030 1 2619
0 2714 0 714
2 2538 0 486
2 709 2 1681
0 440 1 203
1 1732 0 1023
0 2448 2 2545
2 541 0 2050
0 1650 0 1194
0 1599 0 218
0 1034 0 1785
1 1408 1 982
1 81 2 2538
1 1182 0 1561
0 2711 0 2328
0 2041 0 2001
1 2587 1 1707
1 185 2 2861
2 1638 2 599
2 1637 1 2832
0 2367 2 557
1 2093 2 106
0 2850 0 1680
1 1114 1 2353
2 1542 0 1847
1 2202 0 1945
0 1301 2 2534
1 1421 2 1644
1 2658 2 76
2 557 1 2258
0 1689 1 2396
1 1516 2 2691
0 621 1 2686
2 1419 2 398
2 2798 0 230
1 2084 2 368
2 91 1 581
2 2644 0 275
1 390 1 1684
1 1011 0 495
0 2024 2 1514
1 2376 1 1342
0 724 2 749
2 479 0 2143
2 815 0 1114
1 774 1 964
1 218 0 1260
2 1645 0 738
2 2026 2 512
0 1842 0 2301
0 1790 1 610
0 869 1 2551
2 1836 0 1476
2 110 1 1794
1 184 1 1580
1 2470 2 2362
0 1075 1 2657
2 577 2 1298
2 575 1 1848
0 1942 2 1168
1 2826 0 1654
2 1934 0 1759
2 198 2 690
1 1911 0 2620
1 2266 2 2525
0 2603 2 933
2 113 0 582
1 1644 2 846
1 40 1 555
0 2064 2 498
2 446 0 1693
2 2274 1 810
1 1821 2 627
0 2043 1 1072
0 1524 2 1209
0 86 2 1088
0 218 1 1394
1 1622 1 2324
2 397 0 396
1 436 1 2149
2 2110 1 1748
0 1154 1 911
1 2679 0 983
0 1531 1 632
2 1364 2 1735
1 143 2 2187
0 99 2 2828
0 2310 1 1298
0 1622 0 2090
2 1019 1 368
1 1744 1 212
2 7 2 2704
0 52 1 2177
2 2681 0 2659
0 2129 0 2106
1 1980 1 2216
0 1526 0 232
2 2017 1 2114
2 1525 0 1886
2 1108 0 858
2 218 1 1087
0 1770 2 1621
2 1754 2 1659
0 1433 0 741
1 1897 0 1134
0 2796 0 183
2 1813 1 523
0 559 0 1795
1 2389 1 1075
1 528 0 2498
0 2191 1 2116
0 525 1 2613
1 1447 0 1401
1 1696 1 1251
1 11 2 1146
0 2010 1 2378
2 1616 2 1239
2 2240 0 712
1 754 0 2023
0 889 2 1365
2 2254 0 2423
0 434 0 1014
2 1988 2 711
0 2521 1 2177
1 1657 1 1749
1 2841 1 714
1 784 0 778
0 2022 1 1284
1 2671 0 989
2 474 0 1771
0 447 0 1900
1 1417 1 1553
0 2026 1 556
2 1428 0 1946
0 522 1 1626
1 1576 1 305
1 494 1 169
2 1631 1 1494
0 833 0 1329
0 2746 2 1034
0 205 0 753
0 1946 2 1736
2 877 2 1849
2 1276 0 2354
2 1153 1 1761
0 585 0 1373
2 211 0 827
1 1054 2 1412
2 702 2 474
1 727 0 2200
0 2760 2 719
1 2117 0 1790
2 2876 0 2227
2 1205 0 598
1 59 0 439
2 375 0 1909
0 2654 0 1382
1 2099 0 689
0 2609 0 2379
2 1531 0 1109
2 640 0 1722
0 560 1 1481
2 1574 2 546
2 1489 0 41
0 1878 1 985
0 2438 0 359
2 2640 0 2525
2 1586 2 434
0 26 2 1926
2 627 1 2544
0 250 2 2805
0 2074 0 301
2 823 0 2662
1 2379 1 114
0 1309 0 2572
0 1246 2 2750
2 1868 1 951
0 786 1 2300
2 180 0 2796
2 2555 2 211
0 1990 0 589
1 1294 2 2522
0 1595 0 1790
1 2272 2 2371
2 1695 0 160
0 1601 1 432
2 101 1 493
0 389 1 1316
2 1301 2 758
0 2772 2 2292
2 2164 2 380
2 481 1 379
0 2814 1 554
1 1791 0 271
0 1795 1 104
1 109 0 1411
2 699 1 2247
0 2665 1 1924
0 2477 1 1699
2 2706 1 1999
1 1807 2 20
1 570 0 529
0 2373 0 2797
2 707 2 2703
1 51 0 212
1 1086 0 1328
1 1992 2 1725
1 1089 1 2873
1 1283 1 1134
0 1195 2 2049
0 2442 2 617
1 2250 1 1340
0 2611 1 89
1 118 1 2470
1 577 0 624
1 536 2 1096
2 70 0 2786
1 851 2 753
2 2150 0 2809
2 1633 2 2271
2 2030 1 694
1 74 2 2887
1 44 2 56
1 1901 1 144
2 527 1 1419
1 2469 2 1858
0 221 2 1181
1 2712 0 443
2 1213 2 58
1 2789 1 1251
1 2093 0 2090
0 1521 0 2664
0 2483 0 266
1 689 1 414
1 1576 0 396
2 1912 0 1779
0 1624 0 2477
2 238 1 453
2 1592 2 2743
2 2044 0 2523
0 2494 0 1464
1 276 0 1206
1 113 0 2807
2 1092 2 1499
1 1982 0 533
0 2605 0 700
0 577 2 1120
0 1890 2 909
1 2498 2 2444
0 2714 2 430
1 1800 1 178
1 1018 2 1910
2 260 1 1665
1 72 1 1665
2 748 0 2279
1 1430 2 1107
0 1470 0 1492
2 1614 2 2433
0 1534 0 395
0 415 2 1536
0 231 1 1963
1 2874 0 2764
0 1977 1 167
1 600 1 2483
1 1127 0 1515
1 2208 1 1446
1 611 1 760
0 2790 1 137
1 2534 2 2200
2 1213 2 2260
0 830 1 1003
2 44 2 1714
1 926 1 1508
1 1017 2 438
1 1032 2 1347
2 895 2 2112
0 2469 0 567
0 958 1 2335
1 636 2 1141
0 430 1 2797
1 2385 2 2749
1 1497 2 2087
0 154 1 1971
0 2611 1 1245
0 1341 1 938
1 265 2 1902
1 1989 0 1477
2 2500 2 1823
1 2438 2 2444
1 842 2 399
2 583 1 2605
2 1855 0 841
2 150 0 2147
2 1134 1 665
2 1680 2 1481
2 2138 0 2526
0 2584 0 2381
1 540 1 1092
1 1351 0 746
0 82 2 1903
2 767 2 1868
0 1843 0 226
2 546 2 2574
0 2501 2 572
2 951 2 1520
0 1677 2 1855
2 148 0 2035
2 356 2 2500
1 2872 0 2668
2 1526 1 2271
1 2224 1 1502
0 2664 2 1017
0 1017 1 2682
0 1214 1 2006
0 180 0 1120
2 2865 0 2387
1 2849 2 1430
2 349 1 2300
1 2335 2 1892
1 310 1 1436
2 2544 0 2845
2 147 0 1896
2 942 0 2318
1 2185 2 879
0 1075 0 63
1 81 1 2253
1 1110 0 1202
2 62 2 1356
2 1791 1 209
1 1439 1 966
0 738 1 2306
0 2236 2 583
0 588 1 150
0 1524 0 2533
1 1946 1 1124
1 438 2 1738
0 1152 2 1716
0 1805 2 2172
2 1085 1 2095
1 2706 2 2084
1 1785 0 2604
1 2333 1 1836
0 1266 0 2092
2 2024 1 440
0 2799 2 415
2 1303 2 961
1 813 2 1001
2 1972 0 813
2 2315 2 1593
1 660 2 730
2 1202 1 509
1 1920 0 1232
0 300 1 1468
0 573 0 2646
1 2423 1 979
0 657 0 954
0 2793 2 1636
0 2183 1 1884
1 417 2 895
0 2809 0 1363
1 1700 0 2123
0 415 1 1140
0 386 0 2013
1 662 2 1600
1 1589 0 1734
0 2120 1 1542
2 954 1 2448
0 1519 0 1301
0 1018 2 2055
1 1928 2 2533
2 1329 2 319
0 2846 1 1203
2 2870 1 1945
1 2773 2 2283
0 1640 0 2617
0 270 1 1409
2 996 2 2882
2 2055 1 653
0 724 0 1059
0 2762 0 821
1 2475 2 2292
2 1912 1 2825
1 2215 1 1533
1 1721 0 788
2 1807 2 337
0 1222 2 1698
2 1167 1 836
2 2448 0 1670
1 1349 0 1053
2 365 0 2880
2 2329 2 1990
2 2811 2 2194
2 2744 2 1232
0 1050 1 2350
2 1619 2 1244
1 2081 0 322
1 910 2 1917
0 83 1 47
0 891 0 2069
0 1658 1 2024
1 2123 0 317
0 340 0 137
0 1566 0 2363
0 170 0 862
0 1518 1 488
2 406 2 1058
1 138 0 2258
0 1218 2 2616
0 2848 1 1085
2 1016 1 2455
1 1846 0 2309
0 2233 2 189
1 1027 2 782
2 197 1 2853
0 2661 1 1349
1 2727 0 1785
0 1229 2 1361
2 818 1 2133
1 695 2 2886
0 2324 0 2657
2 2880 0 2160
2 838 0 61
0 614 0 1340
1 2052 1 639
1 490 1 1588
0 1202 0 725
2 2533 2 145
0 1024 1 549
1 1981 0 1842
0 2329 2 1113
1 360 2 2332
2 2090 0 1612
2 2471 1 360
1 736 0 2716
1 143 1 873
1 102 2 2246
2 1028 0 301
1 420 1 2396
1 358 0 690
2 2565 0 1365
0 733 1 619
1 2765 1 1337
2 2223 2 2093
0 2474 1 967
2 1833 0 1890
1 2225 0 1812
1 96 2 864
0 1218 0 2839
1 1199 0 87
1 1157 2 2630
0 1793 1 364
2 2524 2 1829
2 332 1 965
2 442 1 839
2 2223 0 1501
0 1565 2 2889
2 1937 2 2285
1 1953 1 1967
2 1444 0 2249
1 307 1 1014
1 2152 1 496
2 449 2 1626
1 1375 2 2475
0 1025 2 547
0 604 1 911
1 2282 1 2730
0 122 0 1323
2 1748 2 2027
1 1064 0 1560
0 490 0 624
1 679 2 2720
1 1055 1 1339
0 1046 2 57
1 2462 1 1788
2 2704 0 1469
0 1401 0 2502
1 2281 2 891
1 1734 2 1422
1 1349 2 1777
1 1588 0 2082
1 391 1 1184
0 1057 1 1330
1 2434 1 1296
2 1269 1 547
1 56 1 790
0 827 0 2835
1 879 1 501
1 626 2 2870
2 1559 2 1780
1 1376 2 428
2 152 2 346
1 1607 0 2148
1 494 1 1045
0 2711 1 2155
1 503 1 372
1 2137 0 1133
2 2079 1 2855
2 597 0 2403
1 668 0 1198
1 235 1 636
0 1063 2 490
1 1818 2 975
2 1817 2 1205
1 2540 2 1985
2 2019 2 2338
0 1427 1 2424
2 2652 2 2478
0 2624 2 627
0 590 0 2758
0 1529 1 453
1 775 2 1304
0 2681 0 395
0 1972 2 600
2 451 0 2421
0 494 0 1108
1 944 2 1763
1 2330 0 738
0 2186 1 877
0 2742 2 216
1 2387 0 2857
0 2285 1 2694
2 2118 1 1974
0 2491 2 725
1 1661 0 2263
0 769 2 322
0 2490 1 1159
0 2687 1 2058
2 2590 2 1243
1 1530 2 2499
1 359 1 2426
0 1453 2 1091
2 2480 1 1505
1 2566 0 1633
0 2116 1 1260
1 700 1 1187
2 2049 2 626
0 1775 2 122
0 296 1 307
2 2578 0 415
2 2765 2 1263
1 1124 0 805
1 1618 2 797
0 1605 2 551
2 2024 2 689
1 255 2 2624
0 45 1 656
1 425 0 662
1 1416 2 510
0 14 1 2808
0 2486 2 2022
0 775 1 594
0 1934 2 2792
2 2811 2 2352
2 836 2 853
2 2157 1 1892
0 2073 0 2041
0 2686 0 659
1 2352 0 2776
2 2157 0 551
1 2117 1 2183
0 1804 1 2598
0 256 2 2172
0 1414 1 981
0 40 2 440
0 2595 1 1782
0 1586 0 2571
2 1906 0 401
0 2390 0 1408
1 1726 2 910
1 1754 0 561
0 2872 2 317
1 556 0 1516
0 2239 0 659
1 1335 2 747
2 2127 0 1496
1 1975 2 1445
0 2205 0 859
0 2647 0 1684
0 1036 1 508
2 2141 1 140
2 101 0 1419
1 887 2 2158
0 98 1 2877
2 186 0 188
2 1354 0 2228
0 1358 0 122
2 963 1 2149
1 1318 1 1553
0 484 2 2512
0 2768 0 2326
2 138 2 318
1 1325 0 1350
1 2003 0 1370
2 2765 0 1944
0 948 2 1940
0 1179 2 1318
2 2605 1 2689
0 1944 1 2549
1 1352 0 1277
1 1688 2 2683
2 443 0 797
1 1409 0 1392
2 199 1 493
1 613 0 1817
1 2659 1 1944
1 76 2 1282
1 1910 0 1283
1 2585 2 442
1 325 0 1618
1 346 2 882
2 1840 0 308
1 98 0 178
1 829 2 1203
1 31 0 90
2 843 2 32
2 9 0 341
0 2589 2 551
2 2025 0 1127
0 2701 0 2212
1 657 1 2275
1 1786 1 994
0 2485 0 1643
0 481 2 1968
0 1592 1 2146
2 713 2 2528
0 1768 2 1247
1 771 2 938
0 774 2 488
2 679 1 1109
0 1658 2 573
2 452 2 2056
2 1842 1 2147
0 994 1 2136
0 2450 1 2082
2 117 0 371
1 346 1 2606
1 349 2 870
1 1242 2 2336
2 1925 2 2701
2 539 1 2783
1 73 2 1434
2 1958 2 2047
2 2005 2 544
0 1002 0 2855
0 618 2 2050
0 1718 1 2243
1 2723 1 1863
0 1003 0 1122
0 2638 2 874
2 1701 1 576
2 327 1 2394
2 2187 0 2004
0 1262 1 446
2 860 0 1550
0 649 0 237
0 1204 2 2139
2 66 2 2557
1 906 1 1316
0 959 1 114
2 603 0 2557
2 1101 1 2628
1 924 1 1545
1 2574 1 1824
0 2822 0 620
0 1671 2 66
2 257 0 2857
1 1837 1 1253
0 172 0 637
2 265 2 256
2 558 2 17
1 802 1 915
1 2105 1 1559
2 2309 0 868
0 1070 1 2685
2 2883 1 1915
2 1733 2 277
2 866 2 2619
2 1886 1 344
1 2478 1 2535
0 1599 1 1484
0 1176 2 2228
1 410 1 413
1 1678 2 598
0 226 1 190
0 2811 0 1341
2 1951 2 180
2 2176 1 1656
2 2391 0 1757
0 1132 1 2738
0 2822 1 2761
2 1922 0 2668
0 2784 1 2199
1 529 2 1266
1 1663 0 2288
1 151 0 2136
1 2550 2 1358
2 2689 0 1380
2 2457 1 1840
1 2767 1 2190
0 169 1 2716
0 1867 0 963
0 1446 0 1847
0 430 0 2541
1 1280 0 1335
0 1087 0 461
0 639 0 1194
1 2605 2 1890
2 1596 2 2802
0 250 2 1851
2 2460 1 1364
0 1902 1 1072
1 70 0 2411
1 196 0 1290
0 1824 0 969
0 877 2 2443
0 1876 0 555
1 2632 0 2097
1 717 0 2368
1 1386 0 694
0 1011 2 208
1 2287 1 2299
0 657 0 2836
2 2239 0 900
0 1918 0 1062
2 2707 1 1988
1 466 1 2341
2 2806 2 1289
2 301 0 1516
0 1641 0 2738
0 2281 2 2400
2 2219 0 623
0 2013 1 2060
2 1318 0 1716
2 1576 2 2068
2 2604 0 2572
0 1080 0 834
2 591 1 2626
0 289 2 2443
2 718 0 1628
0 218 0 1511
0 2467 1 2498
0 2163 1 672
2 2511 2 1441
2 269 0 1541
0 998 1 761
2 2518 0 169
2 2838 2 1803
0 1379 2 1839
0 2143 0 2101
2 228 1 287
0 2046 1 1202
0 2889 1 2167
1 1279 2 1157
2 1800 2 2050
2 346 2 1473
0 1698 1 452
1 2598 0 1802
2 324 0 2420
2 452 0 1625
0 275 2 715
1 2274 2 795
0 892 2 2171
1 1115 1 2425
1 2886 0 2125
2 925 0 1460
1 1740 2 328
1 790 1 2043
1 131 2 105
1 1102 0 1668
2 2659 1 1900
0 521 2 2654
2 2567 1 2545
1 2194 0 2731
1 2351 0 455
2 2562 1 1049
2 160 0 319
1 1471 1 1792
2 1719 1 470
2 2232 2 1284
1 989 0 2378
0 1289 0 1551
1 735 1 2455
0 916 2 1137
0 1637 1 1562
2 2463 0 235
0 2092 0 1176
2 1399 0 2770
1 1183 0 1595
0 831 0 2867
1 2539 2 1081
2 358 0 1373
1 2526 0 283
1 1872 1 1098
0 1804 1 1564
1 1508 0 1687
1 495 2 1966
1 1071 0 1468
0 596 2 170
1 2343 1 2
1 796 2 1140
2 1621 1 649
2 165 1 1814
0 561 2 1270
0 2817 0 334
1 96 0 278
0 237 1 2081
0 1639 0 1975
0 2504 0 2166
2 514 1 573
1 83 2 731
1 1743 0 560
1 520 0 576
2 2677 2 1474
2 793 0 2159
0 2521 1 558
1 1145 2 1477
2 2229 1 140
2 1509 0 19
1 1180 1 1869
2 396 1 177
2 2398 0 1209
2 1733 1 283
0 2391 1 287
0 264 1 796
1 1278 2 2689
0 719 2 1581
1 770 1 1733
1 1905 1 1749
1 2511 0 1226
1 554 0 1559
0 2402 1 1068
2 327 0 722
0 2807 0 1649
1 2322 2 2414
0 769 1 1803
1 1377 1 1749
1 54 1 985
0 1759 0 1187
0 8 0 21
1 2483 1 2238
1 479 1 1149
2 936 2 402
2 172 2 937
0 954 2 504
1 434 1 756
1 1942 2 2537
0 1481 2 2048
2 2103 2 125
0 601 2 1260
0 958 0 770
0 1623 1 1710
1 1326 1 2256
0 726 1 671
0 910 2 2865
2 2046 1 1265
0 67 1 2696
0 2058 1 2409
1 529 2 1785
1 875 0 1128
2 2810 0 1312
0 850 0 240
2 1369 1 2222
2 2633 0 1757
1 2169 1 89
0 1990 0 2078
0 1917 1 2439
0 1250 1 2409
0 1328 1 1938
0 2609 2 23
0 536 0 1677
0 2686 1 2231
2 2537 2 1996
1 984 0 925
0 150 1 808
2 80 1 119
1 1518 0 2096
0 593 2 222
0 1801 2 242
0 2235 1 1140
2 938 1 1074
1 1229 0 1802
2 1205 2 251
0 146 2 426
2 557 0 2582
0 435 2 788
0 853 0 2627
2 1478 1 914
1 2194 1 1351
1 2873 0 2801
2 688 0 1455
1 1000 1 1068
1 1555 0 1923
2 591 2 2121
1 2350 1 416
1 1541 2 398
1 909 0 1333
1 2499 1 1369
2 758 2 1065
2 1565 2 1344
0 706 1 2283
1 2507 2 1585
1 1252 2 957
0 2470 2 437
0 2256 1 2218
1 169 2 2732
1 1443 0 2549
1 2202 2 547
1 10 1 2109
1 2611 2 1288
0 1575 1 828
1 2631 0 1017
2 675 2 22
1 988 2 1941
1 1720 0 2387
0 1284 2 116
1 573 0 1659
1 408 0 1539
0 2029 1 621
0 69 2 2695
0 213 0 63
1 1980 1 1124
2 2216 1 477
2 2445 0 2732
1 1594 0 325
0 2213 0 590
1 132 2 1075
1 521 2 200
2 1172 0 1382
2 1321 1 2583
1 2274 0 2061
2 1515 1 2596
2 1054 1 807
0 1450 1 2420
1 1094 1 2794
2 440 1 2477
2 1954 1 1709
2 303 1 573
0 1598 0 1210
2 631 2 2015
0 1750 0 431
1 2362 1 1413
0 703 2 740
0 2679 1 1012
1 75 2 2440
2 396 2 1497
0 1648 1 2839
1 631 0 2641
1 1503 0 627
2 1375 2 1752
0 60 2 2376
0 2142 0 1902
2 984 2 1766
2 1357 2 905
0 2675 1 2328
1 1346 0 997
0 1152 2 1044
0 407 0 1448
0 110 0 731
2 1491 2 1358
1 2162 1 818
0 327 2 1779
2 454 0 853
0 2764 0 1518
0 1066 2 1503
2 846 2 1673
2 374 1 917
1 2859 2 961
0 1036 1 2336
1 1859 1 906
2 124 0 1252
0 2799 0 526
0 1075 1 248
1 845 1 1252
1 1661 1 851
1 645 2 58
1 2265 1 159
2 926 1 876
0 528 1 698
2 644 1 242
2 484 0 2713
1 2441 0 845
1 2540 0 1813
0 988 2 618
2 1136 2 621
0 1894 2 2530
2 1452 1 1892
2 2343 1 2198
1 2289 0 1791
2 2624 0 2774
2 2360 1 237
1 946 1 2475
0 2229 1 711
2 1210 0 953
2 1141 2 846
2 2398 2 1100
1 2222 2 1323
2 564 1 2501
1 1327 2 1826
1 974 0 1319
2 448 0 146
2 2850 2 209
2 1076 1 281
2 330 2 1460
2 658 2 14
2 522 1 2386
1 1901 1 367
1 1932 1 2241
2 1461 1 968
1 1724 2 435
0 512 2 2245
0 1838 1 1063
2 998 0 2026
0 1728 0 1651
1 2566 2 1221
0 436 1 1215
0 2246 1 893
0 1370 1 295
1 2815 1 1714
1 339 2 2562
1 2841 2 557
1 2579 0 1251
2 2196 1 376
2 1785 1 2131
1 1993 0 1310
2 1192 0 731
1 1560 0 2807
2 2597 2 2317
1 332 1 879
0 457 0 1080
0 1910 1 2396
1 2343 0 2784
2 2470 1 2353
1 2740 2 611
0 2422 2 1958
2 2448 2 83
0 803 1 2394
1 2098 0 2763
1 1771 1 513
0 1726 1 2406
2 706 0 1564
2 1114 1 1669
2 1587 2 485
1 1820 2 1268
0 537 1 2640
1 599 0 347
1 585 2 180
1 2246 1 842
0 2170 1 512
1 2133 0 2327
1 2303 2 1920
1 1401 0 1167
2 792 1 1584
1 795 0 1865
1 1930 0 2058
1 177 0 978
2 1715 0 639
1 2727 1 2356
1 1885 1 2338
2 2700 2 381
1 17 2 2091
2 2028 2 2869
0 281 2 1755
2 2795 0 2529
0 674 0 2022
0 1587 1 85
0 1396 2 2619
0 1805 2 2499
2 534 0 999
0 2653 2 2234
1 237 1 453
0 2424 0 2679
2 307 2 1391
0 1981 0 2843
0 1891 2 1595
2 2307 1 1893
2 855 2 549
1 1526 1 1015
0 1653 0 413
1 287 1 2581
2 682 2 502
1 411 1 634
1 2414 0 240
1 1555 2 15
0 2028 1 256
1 1802 1 1011
0 154 0 2267
2 1814 1 2881
1 1857 0 2564
0 2465 2 2651
2 616 1 1570
2 1775 0 50
0 719 0 163
0 1829 1 2392
2 429 1 666
2 2240 2 2076
2 272 0 1786
1 1327 0 1616
1 1378 0 2053
0 686 1 251
0 850 2 814
2 1130 1 1667
2 581 2 2585
2 1661 2 2697
1 865 1 1151
1 201 1 1884
2 2684 2 77
2 167 0 2578
0 335 0 1566
2 2124 2 1357
1 536 0 2680
2 1478 1 1112
0 1931 2 2448
1 2227 2 1263
0 2248 0 2306
2 2159 0 2732
2 1832 2 2095
0 926 2 2633
0 367 2 806
1 1245 1 789
1 688 1 527
0 1934 2 2500
2 458 2 900
0 2103 1 377
1 571 0 1998
0 782 1 2423
2 1474 2 2338
2 2509 1 1233
0 1897 1 1561
2 494 0 2742
1 118 0 1897
2 1164 1 1896
0 2279 0 210
1 976 1 230
2 605 0 2113
2 1655 0 2683
0 2385 0 1628
2 505 2 2403
1 1077 2 993
0 2290 2 861
0 490 1 1878
0 1534 0 1543
2 1568 2 1098
0 2504 0 1554
0 1264 1 1003
1 2612 2 680
1 2555 0 2239
0 2865 1 366
0 1957 1 2444
2 1011 1 1440
1 2797 2 2398
1 1129 0 2343
2 949 0 60
0 228 0 1981
2 2731 0 1197
1 1439 1 372
0 1538 1 1904
1 587 2 1552
1 1481 1 536
1 1070 0 2099
0 75 1 1099
2 419 1 1816
1 810 2 2055
1 2333 2 16
2 1042 1 708
1 2233 0 1548
2 2841 2 1957
1 1329 0 2151
0 175 1 1043
2 2330 1 2044
1 1349 2 452
1 1150 1 2242
2 2525 1 465
1 345 0 2808
1 2695 1 670
1 1507 2 377
2 471 2 2206
1 1958 1 1114
0 767 0 1176
1 463 2 1217
1 2210 0 2559
1 982 0 593
0 558 0 315
0 2194 0 2058
0 2618 2 1576
1 1558 0 1342
0 2808 0 59
0 1295 1 2730
1 1095 1 304
2 136 1 2417
2 2398 0 1932
0 1590 2 2096
0 943 0 573
0 1593 0 1893
2 1739 2 639
0 758 0 1557
1 2663 0 1166
0 2430 0 1901
1 2071 0 565
2 1321 1 1761
1 1539 2 2264
1 1310 2 977
0 2835 2 155
1 1845 1 2221
2 2664 2 2347
1 2505 0 594
0 2659 1 2732
0 1764 1 1691
2 1726 2 2217
2 855 0 1822
0 1411 0 1413
0 2012 0 1828
0 1834 2 69
2 1087 0 2675
1 1689 1 1645
0 543 0 1073
1 1155 0 1529
1 1752 1 1544
0 23 0 1629
1 2406 0 268
0 52 2 1514
1 453 1 2698
2 2788 0 2668
2 1149 2 793
0 2063 1 618
2 649 2 723
1 2742 2 563
0 2433 0 1043
2 857 2 2686
0 2060 0 1128
1 1736 1 613
2 1179 0 1931
0 1240 1 1995
2 892 0 615
1 1496 1 824
2 2160 0 2758
0 2845 2 2557
0 1532 1 363
2 183 1 2632
0 613 1 1409
1 436 1 2046
2 790 0 2675
1 2620 2 2213
1 351 1 2172
2 842 1 811
1 2451 2 2648
1 854 1 2064
2 2727 1 947
2 652 0 1995
1 1871 0 524
0 1634 2 352
2 522 1 2865
1 1021 1 1137
2 941 2 1064
2 2186 2 1146
1 1668 0 1388
2 2190 0 2600
0 2052 1 1821
1 2383 0 1845
2 2234 1 1382
2 2833 1 115
1 2221 0 258
2 335 1 448
0 1739 2 2644
0 2749 1 13
2 141 0 328
2 2682 1 1356
0 1277 2 2372
0 544 2 1283
0 1962 2 2310
0 2243 0 2388
2 710 0 2803
2 341 2 2000
0 1407 1 1598
2 1550 1 795
1 2483 0 2245
1 600 0 1333
2 2277 1 552
2 1246 0 1586
1 2544 0 2429
0 711 1 1782
0 1820 0 1179
2 774 1 2172
0 1458 1 48
1 480 2 1782
0 1013 1 1576
0 1750 0 2517
2 1333 0 1751
2 618 0 832
1 2127 1 522
1 931 2 1464
0 472 0 56
2 367 0 883
0 2447 2 155
2 983 2 2690
0 1892 0 378
2 667 1 1463
2 2020 2 1846
0 464 0 615
0 54 2 614
1 989 1 2803
2 1191 2 2614
1 853 1 52
2 1284 0 1191
1 725 1 308
1 304 2 625
2 1720 2 1466
2 2791 0 2775
1 1713 1 1318
1 2651 2 1639
0 1308 1 769
1 649 0 2735
1 1530 0 1017
2 102 1 39
1 2098 2 2084
2 2351 1 2824
2 1191 1 1004
1 767 1 2070
1 1170 1 655
2 1187 0 2357
0 1079 0 1943
1 40 0 1155
2 1693 1 1533
0 2001 1 2189
0 63 0 2171
1 2250 2 1924
1 965 2 861
2 1519 2 2737
1 1801 2 5
0 1073 1 1116
2 94 1 820
0 189 0 719
2 2646 1 1271
1 1103 0 350
2 2325 2 2814
0 672 0 552
1 640 1 336
1 2076 1 25
0 2195 1 1548
1 861 1 1181
2 94 0 639
0 2640 1 1337
0 1222 2 1552
0 143 0 1914
2 982 0 1090
1 1306 1 1452
1 2013 2 1698
1 2279 2 697
0 2164 2 568
0 2104 0 2846
2 1223 2 2096
2 733 1 1574
0 219 2 156
1 1552 2 1046
2 1938 1 2241
1 770 1 1555
0 1559 2 1688
2 613 0 2544
0 2362 1 2120
2 151 2 1402
0 1444 0 1038
1 2153 2 1471
0 2469 0 2499
0 516 1 2130
0 1969 2 2359
2 69 2 1551
2 2118 0 1494
2 1329 1 773
1 1565 2 2525
2 1206 2 1738
2 2834 2 1171
0 1732 2 1260
1 2449 1 1321
1 2147 2 2295
0 2763 1 1595
1 1431 0 2808
2 1604 2 1836
2 1563 0 2373
1 266 2 17
2 2388 0 1622
0 2486 1 1316
0 2020 0 1133
0 1148 0 1589
1 741 1 961
1 2316 1 1681
1 365 0 1655
2 729 0 223
0 2012 1 2034
1 526 1 1156
2 63 1 2890
1 369 1 1646
0 1131 0 542
1 885 1 2446
2 288 2 2314
0 2066 1 10
1 1377 1 1202
0 1919 1 2268
1 1680 0 115
0 78 2 717
2 1596 0 497
2 51 0 2538
2 291 2 427
1 1772 0 1287
0 1817 1 2861
0 822 1 1347
1 2103 1 2422
1 702 0 2149
2 1297 1 1256
0 2651 1 53
0 50 1 2350
2 2114 2 302
0 2832 0 77
1 64 1 2490
0 1506 0 337
1 521 1 1293
2 2577 0 2586
1 1451 2 2382
1 1895 1 1463
0 1847 0 947
0 2091 1 209
2 75 0 2382
2 1244 2 1415
1 1063 0 2056
0 1007 0 2650
0 2473 0 1781
0 898 0 615
0 885 1 2862
2 2253 1 1655
1 1623 2 2811
1 1724 2 1444
0 1265 2 739
1 7 0 1522
0 2612 0 923
0 1173 2 1596
1 956 1 142
0 2341 0 2087
0 1538 0 1481
1 313 0 2475
1 1451 1 802
2 1444 2 948
2 1922 2 2013
2 1783 2 2347
0 484 1 1983
1 495 1 584
1 2397 1 542
1 884 2 1990
2 2057 2 1378
1 900 1 577
0 390 1 2202
1 310 0 1238
1 240 0 695
1 2293 1 2247
1 1213 2 1875
2 2531 0 2622
0 1890 1 1552
0 1704 1 1665
2 681 2 2487
0 574 2 41
0 1119 1 343
2 626 2 2673
1 1432 2 1118
2 1186 1 2717
2 1626 2 447
0 866 2 2008
2 1414 2 1745
1 203 1 2201
1 1194 0 1602
1 517 1 1699
2 2787 1 1166
2 2141 1 1929
0 2691 0 348
0 2166 1 1824
0 1530 0 362
1 1680 1 1368
1 1483 2 1493
0 166 0 476
0 1225 1 20
1 394 2 721
2 18 1 1419
0 2571 2 2685
2 2072 0 26
1 2823 2 1553
2 127 0 2565
1 2039 2 775
1 1040 0 1382
0 84 0 1037
2 359 1 1830
0 2146 0 1516
0 1730 1 1209
1 1415 1 707
0 950 1 2649
1 397 0 1899
2 2393 1 2007
2 2379 2 2474
1 852 1 130
1 1702 1 2755
2 213 2 889
1 759 1 746
2 1504 0 2889
0 2272 0 920
0 1114 1 380
2 1455 2 1642
1 996 2 91
1 39 2 2432
0 617 1 775
0 190 1 171
1 2276 1 1823
2 2331 2 1548
1 1101 2 1383
2 1681 2 1825
2 1231 2 140
2 2123 1 528
2 78 1 1067
1 2052 2 906
2 45 1 2272
1 1303 1 2735
2 80 2 2227
0 1259 2 1688
0 68 1 2187
1 836 1 1429
2 1353 2 846
0 1408 2 275
0 405 1 1051
0 1570 2 1056
2 597 1 1501
1 1536 0 2698
1 2800 1 141
2 1066 2 47
1 949 1 2724
0 1118 2 803
2 2695 0 2851
1 960 2 2588
1 2661 1 677
1 2007 0 2840
2 656 0 537
0 1331 2 2039
1 2857 0 788
0 1637 0 1186
2 141 2 1702
0 556 1 54
1 194 1 315
0 2842 1 2389
0 2729 0 904
0 201 0 1345
2 278 0 2026
2 2272 1 2815
0 1786 1 99
1 406 2 2805
1 2295 1 2714
2 513 2 727
0 180 0 118
2 294 1 1831
1 225 1 2547
2 1896 2 2379
2 1718 2 1106
2 1003 2 2337
1 1616 0 747
2 2294 0 1019
0 1016 2 186
1 457 2 1243
0 2161 2 1564
0 2443 0 1997
1 852 2 895
2 2617 0 2769
2 29 2 2143
1 2816 1 1454
0 1458 0 1460
0 1908 2 2841
2 1595 2 673
2 549 0 2312
0 39 0 941
1 593 2 2098
2 871 1 212
1 1005 1 1151
0 802 0 1815
1 2527 2 2613
2 1053 0 2318
1 1735 0 584
2 413 0 1859
2 73 0 2705
0 2400 1 2579
2 1228 2 2086
2 1279 0 25
0 383 1 2363
0 1379 1 1679
1 2078 0 2289
2 1616 2 612
2 1334 1 2548
0 1278 2 2144
2 2391 0 2259
0 131 2 424
0 2235 2 2200
2 2046 0 1531
0 2833 1 2291
0 1354 0 1457
2 2008 1 900
2 104 1 2341
0 662 1 2552
1 1569 2 211
0 716 0 343
1 20 1 65
1 617 0 2304
1 2432 1 790
0 1194 2 550
1 995 0 2436
0 1536 1 1743
1 1668 1 2059
0 2347 1 545
1 2210 0 2368
2 2559 1 1101
1 1324 2 2182
1 2217 1 878
2 2104 1 1718
0 440 2 2449
2 1738 2 1991
1 425 2 1705
2 440 2 2275
1 2641 1 1753
1 1309 2 1659
0 1998 0 1722
0 744 0 1254
2 650 2 2232
2 2695 1 736
1 1 1 631
0 390 1 230
1 2074 0 1276
0 2369 0 1026
1 2283 2 1036
2 1183 0 562
0 1054 1 2616
1 522 0 153
2 2091 0 314
2 1529 2 1137
2 2399 1 1864
2 2278 0 1810
2 863 2 691
1 113 1 184
0 1874 0 2324
1 863 2 318
0 1805 1 38
0 2142 1 1488
2 267 0 2314
1 674 1 999
0 2515 2 1880
0 477 0 2223
1 2255 0 1526
0 2448 1 936
2 1093 1 1387
2 1079 0 1937
0 2272 2 476
1 2250 0 1223
2 1100 2 2285
1 2140 2 2271
1 2169 2 732
0 1315 0 2281
2 365 2 1630
2 2428 2 229
2 266 0 2765
1 1520 2 2668
0 1697 0 69
2 1563 1 673
0 959 1 1314
1 534 0 1100
0 2 1 2553
1 575 0 1188
0 1489 1 877
1 1358 2 176
1 1159 0 191
0 2138 1 803
2 1716 0 1956
2 1170 1 1760
1 2696 1 937
1 2229 2 658
2 567 2 879
1 1883 0 426
0 2006 0 2272
0 2363 0 732
2 2396 2 2033
2 1620 2 2033
0 2276 0 1368
1 772 0 291
2 1004 0 1236
0 2392 1 2652
2 2318 2 2236
2 237 0 995
1 43 2 1191
2 1945 0 2035
2 793 1 604
0 2847 1 322
2 2643 1 2784
1 2002 2 83
0 2678 2 1109
1 974 0 584
0 1052 0 1922
1 1425 1 2554
0 250 0 2452
1 1551 0 1308
0 1621 0 1580
1 2846 2 500
1 494 2 2783
0 2203 0 316
1 2094 1 2885
2 531 1 1938
1 373 2 1115
0 872 0 212
1 745 0 249
2 1430 0 2842
2 330 0 864
2 539 1 2830
2 1520 0 571
0 2723 2 430
2 922 0 2389
0 2351 1 662
0 57 0 1
2 1749 2 1456
2 1158 0 904
0 282 2 2293
1 390 1 2090
1 1131 1 326
2 1156 1 1242
0 2030 2 828
2 366 0 907
1 1390 2 1953
0 106 2 2510
2 1462 2 4
2 907 1 1181
2 613 1 312
1 468 1 1274
2 327 2 173
0 360 0 2065
1 330 2 452
1 1150 0 2768
2 571 0 569
2 1176 1 2561
1 2574 0 1040
0 2042 2 503
1 1534 1 1355
1 2236 2 2228
0 2559 2 2153
1 1141 1 1200
0 600 1 524
0 1263 1 574
1 331 1 1802
2 2612 2 1851
0 953 2 1900
1 1448 0 442
2 2128 0 337
2 89 1 2327
2 241 1 1422
1 2024 0 104
1 14 2 2204
0 2362 0 491
2 2643 2 672
2 2216 1 2240
2 1623 1 27
2 1597 1 492
1 2114 2 384
1 550 0 2426
0 48 2 282
1 1850 0 1787
2 2150 1 1351
1 2411 0 1133
0 1490 0 1387
2 921 2 890
2 1031 0 2009
2 2380 2 2008
2 1303 0 1597
0 711 0 1355
2 2801 2 2565
1 701 0 1119
2 756 2 207
0 1908 1 1742
2 713 0 2149
1 2880 1 928
1 2643 1 96
1 369 1 1773
2 2059 1 1209
2 2279 0 2584
1 1727 2 333
2 585 1 364
2 347 2 2591
0 29 0 2237
1 2729 2 197
0 425 0 330
1 1843 1 383
1 144 0 40
1 358 1 463
1 2018 0 409
0 2320 1 1909
1 40 0 2529
0 1546 1 1968
2 658 1 903
0 2429 2 814
1 1301 2 486
0 1347 2 296
0 721 1 905
2 1125 1 2847
0 1434 0 2318
2 786 1 1677
0 1356 0 159
2 1444 1 1698
2 1482 1 697
1 2764 1 2613
2 618 1 921
1 1578 0 1197
1 1669 1 470
0 2492 1 730
2 2522 0 2394
1 467 0 1195
2 2630 2 114
2 2770 1 1010
1 780 0 93
0 431 1 1998
2 2602 2 270
2 185 0 1423
2 2614 0 2880
2 2761 2 184
0 379 2 326
2 1196 0 1343
2 1951 1 865
2 1154 2 1877
0 1815 0 1653
1 256 2 2186
0 132 1 205
0 755 1 2590
0 2246 0 681
2 236 0 810
1 992 0 2527
0 2252 0 2850
1 2355 0 1424
0 2221 1 2259
0 1902 1 384
1 1852 2 429
0 2095 1 2058
0 902 2 2741
1 345 0 221
2 626 2 1561
1 232 0 1187
0 453 0 1589
2 295 1 331
1 1946 1 1712
1 1281 1 186
0 751 2 925
2 1436 2 692
1 791 1 2614
1 2814 0 285
0 2211 2 2434
2 280 0 506
0 2830 1 2283
1 1666 1 1495
1 2840 2 2791
0 2725 1 1477
0 1945 2 2406
1 613 0 300
1 2587 1 2806
2 467 0 1375
1 565 0 1420
1 2400 0 2127
1 2140 0 1271
1 1809 2 2144
2 703 0 1588
1 2303 0 760
0 1441 1 2675
1 2511 1 1589
1 2647 1 2050
1 2666 2 861
0 223 2 2002
1 1089 1 2104
0 259 0 671
1 1485 1 1461
0 96 0 1941
2 2659 2 2340
1 2447 0 146
1 2577 1 1142
1 1405 1 894
0 1109 0 1863
2 1014 2 930
2 85 0 2501
0 636 2 1519
1 262 2 2775
1 1116 0 1698
0 906 2 1748
0 724 1 845
2 494 2 61
2 336 0 394
2 1998 1 2346
1 909 0 1875
0 383 1 2294
2 1418 1 1999
2 655 1 1414
0 2837 0 2474
1 786 0 423
2 97 2 1627
2 2563 0 793
1 1852 0 1676
2 544 1 564
2 2646 0 2319
0 2864 1 789
1 998 0 1387
2 698 0 2644
0 1199 1 684
1 2173 1 2481
2 912 1 313
0 32 0 1598
0 166 2 942
1 2366 2 1885
2 492 2 274
2 831 1 2799
2 1521 0 193
1 1949 2 1572
0 333 2 817
1 623 0 706
1 1239 0 950
1 945 2 534
0 815 2 1996
0 1688 2 224
2 1109 0 935
1 2108 1 762
2 558 0 2756
2 429 0 495
1 2501 0 1875
2 2606 1 135
1 493 1 884
0 2103 2 953
0 1127 1 1825
1 620 1 863
0 2418 2 2280
1 2328 0 2757
1 2644 0 2633
2 360 0 2729
2 1481 2 41
0 2179 0 1337
0 1852 1 2205
0 1550 1 2578
0 2364 2 606
0 2679 1 333
2 2346 0 468
1 2822 0 1852
0 1687 0 600
0 1491 1 618
2 926 1 728
1 658 0 1946
2 2809 1 2043
1 699 0 271
0 1946 0 811
1 1157 2 1369
1 1382 2 233
0 1143 1 1610
1 2254 2 867
0 2461 0 676
1 1122 1 376
1 2744 1 2622
0 539 1 60
2 181 1 1016
0 2342 1 2465
2 2656 2 1057
0 314 1 2799
1 249 0 255
0 1512 0 788
2 2563 0 1627
1 1628 1 857
0 918 1 665
1 2608 1 265
1 1613 0 1128
2 2007 1 233
2 836 1 1266
2 429 1 1769
2 2478 2 840
1 2728 0 2476
2 710 0 2279
1 2382 2 1611
0 1075 0 756
1 2648 1 723
1 158 0 626
2 2621 0 1689
1 700 0 1244
1 2079 0 2754
0 1852 2 206
1 2302 0 64
1 1785 2 1502
1 1909 1 2185
0 1915 0 885
0 318 0 1836
0 2063 0 315
0 1137 0 679
2 2374 2 2627
1 1623 1 2862
2 1445 2 1055
1 2640 2 2817
2 2483 2 1433
1 1005 2 2277
1 1662 2 773
2 268 1 413
2 971 2 167
2 1461 1 2525
2 2442 2 248
2 842 0 1713
1 206 1 1854
0 2676 0 2312
1 48 1 2450
1 522 2 621
2 672 1 1311
2 549 1 2834
1 2677 1 406
1 316 0 2827
0 422 1 130
1 311 0 968
2 587 0 2595
0 1584 0 242
1 698 0 1006
0 2139 0 1712
0 1042 1 605
1 1338 0 1406
0 61 0 1912
0 494 1 910
2 2845 1 141
0 343 2 2604
0 575 0 1716
1 333 0 566
0 2416 2 944
2 1394 0 591
1 2243 0 2587
2 2384 0 1961
0 2773 1 29
0 2535 0 2332
2 1585 2 629
1 1338 2 865
0 1825 2 1485
2 2379 0 965
0 223 0 2678
1 860 0 1110
2 1698 2 1015
2 1646 2 700
0 1387 1 1880
2 457 1 1878
2 899 2 1449
1 335 2 88
1 492 0 2377
2 1907 2 2742
0 1378 2 2784
0 931 0 9
2 1583 0 547
0 70 0 1308
0 1311 1 336
2 2435 2 1840
1 1861 2 579
1 208 1 2759
2 995 2 813
2 1989 1 2573
1 808 2 1086
2 2337 2 2268
1 1674 1 2715
0 171 1 1192
1 217 1 132
2 1827 2 1281
0 420 1 1664
0 2560 2 2100
2 467 0 268
1 317 2 2382
0 928 0 1460
2 832 1 2540
2 98 0 28
1 2261 1 2189
2 2370 2 1443
2 2317 2 390
2 623 2 1812
0 734 1 743
2 2122 0 1862
1 800 1 2852
0 1391 2 2566
2 2166 1 1064
1 2579 2 2881
1 251 2 673
0 2256 2 874
0 2761 2 2555
0 1405 1 1527
0 399 1 2233
0 2691 1 2622
2 579 1 1146
0 869 0 1662
0 1976 0 2465
1 314 0 1152
1 878 0 482
1 2521 2 2878
1 506 1 497
2 2019 2 852
0 948 2 433
2 194 2 1849
2 1461 0 869
2 169 1 318
0 2004 0 560
2 2422 1 1656
1 954 0 883
1 2209 2 2737
2 1032 1 2031
1 904 0 365
0 1687 0 2747
0 1255 1 74
2 119 1 259
1 230 1 2270
0 1539 1 232
2 2276 2 978
0 634 1 1556
2 60 0 2105
0 198 1 2289
1 1713 0 1540
2 1907 2 448
1 1058 1 845
0 2289 1 2510
0 2450 0 1489
0 2084 1 1094
0 1714 1 2320
2 2083 0 1940
1 223 2 2733
2 2645 0 2331
1 1545 0 1502
0 576 0 2051
0 283 0 405
2 2239 0 1351
2 1217 1 2058
0 560 2 2410
0 1657 1 2852
2 226 1 2141
1 966 1 1626
2 1100 0 1251
0 2538 0 2190
2 563 0 1430
0 1395 2 2117
1 1678 0 2239
1 622 1 1132
2 871 2 711
2 1070 0 2137
2 1783 1 2265
2 206 2 265
2 1148 1 2043
0 1004 0 1310
0 1705 2 866
0 2174 2 2124
1 1704 0 131
0 958 1 1702
2 793 1 180
2 1321 1 718
2 1378 1 2806
1 1064 1 2474
2 1361 1 1176
0 2373 0 2383
2 395 2 1308
2 809 1 905
2 2884 1 1168
1 1583 1 455
0 1812 1 1400
2 258 1 1689
1 1335 1 822
2 326 0 1105
1 2299 2 10
0 2465 2 557
1 2834 1 2287
0 2040 0 1857
1 1924 0 989
2 2681 0 2298
0 2780 2 1547
2 192 2 583
1 2625 2 2789
1 254 1 2335
1 417 1 2396
0 620 0 75
0 2805 2 416
0 2811 1 2417
1 857 2 2402
0 598 2 2230
1 2819 2 2825
0 341 2 1407
0 1214 2 1127
2 2101 2 1848
0 1429 0 99
1 849 1 2281
1 260 0 1209
2 2403 0 334
2 237 2 2555
0 861 2 1765
2 271 1 684
1 1181 1 1238
2 717 1 2799
2 303 0 474
1 2493 0 2129
1 784 2 110
1 197 2 1656
1 2560 2 2377
0 1847 0 2089
0 312 1 1938
2 2692 2 115
2 1865 2 2481
2 2865 1 218
1 1993 1 1985
2 2054 1 1727
0 1550 2 1814
2 491 0 410
0 1119 0 2646
2 1469 2 439
2 1267 0 1471
1 1459 2 1465
0 1845 0 2586
1 2468 2 1850
2 2777 0 1777
0 903 2 333
2 2745 0 2156
0 756 2 2553
0 670 0 961
2 2560 1 2377
2 978 1 376
1 2537 0 2305
2 2490 2 2167
0 170 1 1873
0 0 2 1658
0 1381 0 886
2 623 2 1661
2 2175 1 740
0 211 0 2200
1 1714 1 2182
2 2890 0 1757
0 657 0 2372
2 1241 1 1529
2 816 1 2747
1 2020 1 2130
2 947 0 576
2 1045 0 1182
2 25 1 2364
2 2073 0 2027
0 1225 1 2648
1 2848 2 878
1 1314 2 2019
1 1552 2 1309
2 1610 0 1176
1 1986 2 2654
1 1930 0 1470
2 2113 2 2561
2 1061 2 1337
2 1331 2 766
1 1971 2 855
0 2597 0 2751
0 213 0 2546
0 376 2 1287
0 2331 1 869
0 2878 2 2853
0 2237 1 2207
1 1672 0 1323
0 1483 1 1436
1 1033 0 2766
1 26 0 1375
0 1701 2 2353
1 1584 2 2360
1 327 1 1207
1 311 1 15
2 2337 2 1759
2 183 0 746
2 1279 2 1050
1 2427 1 2671
2 1181 2 276
0 1014 0 442
0 1422 2 2032
1 271 1 2772
2 461 0 537
2 311 1 2882
0 2005 0 1059
0 660 2 1781
2 1251 1 1094
0 1624 1 220
2 325 0 496
1 1191 0 2515
1 2802 2 843
0 2364 0 1403
1 1686 2 1756
2 2501 2 2226
2 928 1 1676
1 1003 0 2528
2 2334 2 1574
2 2616 0 2782
1 930 1 1202
0 564 0 679
2 593 1 1717
0 2511 1 1541
1 2525 0 908
1 1084 1 235
1 1888 0 2798
1 736 0 2761
0 2241 1 1877
1 2559 1 1218
