1 839
697 401 468 466 92 916 167 717 157 278 58 850 773 676 732 870 724 1000 757 637 260 271 389 237 627 871 962 235 510 829 115 430 87 913 195 473 487 908 908 464 674 793 379 91 716 637 733 145 553 435 68 980 341 955 324 673 127 627 394 540 968 474 904 892 731 708 197 225 292 990 554 277 499 12 620 794 805 283 69 69 537 659 311 771 754 673 337 533 207 474 479 438 833 404 462 266 998 270 728 411 444 159 54 331 220 426 704 660 857 322 48 34 857 443 305 686 730 227 471 341 427 828 538 52 526 875 460 556 898 221 278 901 797 941 862 101 985 242 279 246 33 948 111 740 321 905 900 448 727 401 796 758 636 566 386 697 189 580 418 385 954 208 212 960 289 528 679 608 366 667 957 98 708 542 941 35 6 749 939 139 767 468 64 453 524 556 91 351 561 743 547 26 160 805 45 536 547 458 305 803 247 182 485 219 54 742 151 229 55 15 16 345 342 766 429 705 611 383 182 913 194 161 900 95 272 92 511 356 344 607 96 846 911 112 728 330 702 375 390 521 748 751 600 832 863 861 734 785 946 718 194 478 477 231 804 794 196 954 35 175 962 754 304 733 979 780 622 474 647 829 891 254 372 813 766 664 123 39 917 285 948 144 366 715 688 956 576 879 45 366 97 909 37 688 966 916 307 69 968 264 331 784 12 361 187 826 263 817 65 793 152 804 348 513 753 952 579 814 951 486 668 45 434 369 642 507 692 685 700 286 965 508 447 451 852 80 118 651 813 353 434 805 891 727 61 794 635 906 467 650 91 321 239 455 556 927 746 688 804 109 714 328 564 876 794 95 622 561 895 783 784 143 509 29 284 697 577 934 896 207 657 771 996 656 860 607 9 807 200 855 120 580 230 544 398 180 552 297 70 818 442 550 698 459 61 929 317 208 906 191 349 619 381 264 500 982 827 190 201 500 714 458 577 225 381 227 144 746 700 953 338 282 311 943 871 12 262 935 487 679 361 771 185 22 113 347 525 775 139 356 384 60 360 679 968 773 401 934 111 524 914 258 621 345 473 983 441 77 371 588 961 371 618 143 684 371 8 469 548 395 941 965 998 713 520 425 460 66 266 877 808 520 614 396 494 509 377 333 845 447 727 403 221 78 634 608 575 94 399 317 987 594 870 559 991 225 240 190 251 619 314 655 990 495 420 874 162 170 764 411 329 86 702 769 510 899 29 281 687 289 619 445 916 784 132 724 701 870 448 154 213 381 589 371 267 661 565 263 562 258 768 575 625 826 174 86 185 508 576 231 21 970 895 579 232 488 662 518 529 418 879 988 837 150 812 402 536 60 726 323 537 397 604 975 313 203 538 363 463 142 380 337 935 571 427 95 792 532 938 242 77 206 449 610 748 174 181 470 646 483 92 597 319 347 756 65 991 701 777 798 437 177 597 882 883 294 248 607 438 20 550 612 417 877 450 458 638 287 455 581 706 715 549 145 680 720 438 186 641 943 702 400 355 948 797 85 965 774 43 513 275 76 700 797 955 44 656 310 127 382 967 980 589 733 467 959 694 393 935 705 185 469 710 652 712 30 471 951 59 434 940 899 105 199 831 950 35 781 517 493 712 492 880 379 943 66 345 404 217 159 434 784 108 195 739 25 466 585 536 430 954 137 771 903 303 63 468 970 497 536 459 795 44 821 90 631 330 385 372 393 663 102 715 606 183 275 49 363 872 885 628 484 86 424 817 675 930 873 645 843 748 871 708 429 708 885 915 692 453 636 568 117 213 894 477 359 566 26 281 390 885 646 803 979 424 964 525 76 205 396 46 39 776 154 452 79 680 504 173 279 776 638 891 809 43 638 92 625 905 274 346 90 29 959 743 497 713 686 914 82 274 343 700 112 582 783 125 463 635 
3892
0 727 0 305
0 795 0 708
0 677 0 233
0 467 0 670
0 98 0 584
0 332 0 667
0 148 0 40
0 152 0 486
0 648 0 490
0 736 0 192
0 688 0 719
0 795 0 223
0 523 0 605
0 138 0 685
0 760 0 784
0 582 0 295
0 415 0 211
0 168 0 398
0 489 0 345
0 499 0 814
0 565 0 588
0 369 0 248
0 686 0 88
0 268 0 480
0 553 0 62
0 290 0 490
0 522 0 408
0 415 0 631
0 837 0 521
0 277 0 699
0 568 0 419
0 294 0 814
0 302 0 212
0 827 0 412
0 206 0 742
0 221 0 404
0 166 0 265
0 313 0 153
0 398 0 605
0 407 0 241
0 335 0 283
0 499 0 600
0 160 0 833
0 758 0 113
0 20 0 104
0 740 0 696
0 575 0 454
0 123 0 406
0 301 0 566
0 220 0 725
0 551 0 206
0 474 0 59
0 315 0 348
0 537 0 558
0 811 0 106
0 511 0 260
0 792 0 797
0 671 0 661
0 265 0 733
0 327 0 648
0 793 0 89
0 87 0 517
0 704 0 101
0 174 0 23
0 400 0 586
0 778 0 317
0 449 0 138
0 217 0 513
0 488 0 831
0 480 0 817
0 800 0 393
0 78 0 356
0 40 0 743
0 186 0 335
0 67 0 202
0 160 0 826
0 709 0 42
0 273 0 168
0 291 0 94
0 750 0 607
0 323 0 125
0 399 0 333
0 586 0 763
0 574 0 104
0 391 0 352
0 823 0 199
0 393 0 512
0 540 0 825
0 442 0 22
0 580 0 381
0 626 0 613
0 702 0 493
0 397 0 486
0 574 0 800
0 220 0 778
0 748 0 143
0 225 0 651
0 821 0 294
0 431 0 521
0 405 0 213
0 131 0 277
0 497 0 446
0 649 0 74
0 741 0 544
0 518 0 560
0 168 0 461
0 351 0 783
0 148 0 627
0 362 0 213
0 653 0 170
0 306 0 39
0 445 0 342
0 535 0 669
0 576 0 45
0 740 0 332
0 607 0 127
0 120 0 728
0 210 0 747
0 444 0 566
0 130 0 401
0 272 0 194
0 710 0 506
0 325 0 93
0 686 0 292
0 797 0 226
0 714 0 51
0 5 0 737
0 504 0 640
0 545 0 683
0 664 0 284
0 362 0 350
0 737 0 470
0 607 0 459
0 32 0 164
0 681 0 82
0 240 0 628
0 728 0 666
0 256 0 773
0 166 0 783
0 209 0 688
0 71 0 543
0 78 0 299
0 694 0 348
0 567 0 642
0 611 0 577
0 138 0 616
0 738 0 84
0 311 0 547
0 661 0 84
0 441 0 554
0 537 0 383
0 52 0 216
0 210 0 151
0 338 0 31
0 339 0 587
0 2 0 32
0 326 0 233
0 82 0 123
0 186 0 83
0 19 0 617
0 349 0 583
0 730 0 282
0 100 0 97
0 566 0 570
0 431 0 625
0 483 0 495
0 209 0 118
0 459 0 517
0 345 0 199
0 377 0 120
0 14 0 177
0 239 0 315
0 355 0 593
0 26 0 194
0 191 0 587
0 753 0 343
0 435 0 432
0 383 0 672
0 94 0 448
0 303 0 314
0 709 0 714
0 550 0 655
0 86 0 473
0 536 0 657
0 365 0 214
0 585 0 367
0 768 0 610
0 581 0 824
0 611 0 445
0 354 0 682
0 158 0 434
0 24 0 806
0 690 0 18
0 380 0 612
0 367 0 812
0 610 0 715
0 643 0 56
0 615 0 513
0 168 0 295
0 585 0 518
0 488 0 676
0 10 0 764
0 790 0 362
0 552 0 113
0 254 0 363
0 1 0 583
0 232 0 602
0 700 0 624
0 725 0 719
0 827 0 415
0 638 0 256
0 691 0 672
0 274 0 612
0 633 0 325
0 822 0 456
0 600 0 371
0 485 0 279
0 87 0 640
0 381 0 441
0 267 0 143
0 463 0 462
0 110 0 84
0 760 0 820
0 277 0 297
0 86 0 321
0 651 0 335
0 538 0 471
0 58 0 728
0 775 0 24
0 26 0 348
0 255 0 165
0 50 0 706
0 818 0 661
0 667 0 338
0 748 0 585
0 0 0 781
0 711 0 506
0 713 0 77
0 547 0 795
0 197 0 480
0 810 0 344
0 300 0 14
0 629 0 652
0 12 0 119
0 51 0 227
0 156 0 349
0 355 0 486
0 718 0 768
0 419 0 246
0 149 0 766
0 460 0 224
0 434 0 425
0 491 0 680
0 324 0 428
0 26 0 143
0 283 0 188
0 199 0 262
0 801 0 311
0 425 0 297
0 85 0 614
0 420 0 423
0 10 0 737
0 671 0 569
0 450 0 693
0 551 0 380
0 396 0 761
0 324 0 88
0 287 0 545
0 407 0 742
0 671 0 495
0 651 0 704
0 428 0 397
0 571 0 644
0 521 0 393
0 792 0 734
0 341 0 36
0 678 0 782
0 24 0 585
0 385 0 694
0 475 0 75
0 244 0 618
0 48 0 364
0 607 0 667
0 629 0 599
0 509 0 637
0 592 0 392
0 302 0 764
0 518 0 425
0 837 0 534
0 235 0 165
0 751 0 754
0 88 0 605
0 789 0 62
0 833 0 828
0 536 0 713
0 324 0 132
0 688 0 315
0 157 0 126
0 0 0 688
0 787 0 279
0 175 0 477
0 534 0 550
0 750 0 775
0 750 0 771
0 389 0 203
0 454 0 653
0 754 0 250
0 72 0 497
0 629 0 522
0 25 0 593
0 564 0 135
0 746 0 408
0 775 0 276
0 658 0 722
0 175 0 760
0 766 0 236
0 776 0 85
0 715 0 668
0 208 0 323
0 663 0 98
0 327 0 124
0 528 0 793
0 302 0 309
0 52 0 376
0 382 0 383
0 707 0 740
0 683 0 317
0 57 0 243
0 213 0 555
0 555 0 86
0 205 0 663
0 326 0 344
0 442 0 370
0 272 0 320
0 481 0 8
0 388 0 344
0 483 0 790
0 610 0 243
0 645 0 67
0 534 0 744
0 469 0 14
0 485 0 544
0 682 0 76
0 57 0 660
0 150 0 524
0 511 0 40
0 26 0 23
0 709 0 832
0 567 0 223
0 217 0 444
0 826 0 432
0 49 0 299
0 378 0 192
0 613 0 246
0 414 0 457
0 781 0 386
0 174 0 104
0 641 0 623
0 501 0 634
0 710 0 600
0 683 0 8
0 112 0 290
0 206 0 148
0 731 0 820
0 158 0 16
0 528 0 817
0 794 0 77
0 635 0 502
0 445 0 167
0 239 0 154
0 31 0 448
0 642 0 152
0 386 0 160
0 837 0 723
0 823 0 163
0 102 0 240
0 76 0 297
0 259 0 1
0 8 0 452
0 3 0 266
0 458 0 622
0 727 0 793
0 651 0 106
0 300 0 285
0 738 0 698
0 707 0 484
0 339 0 305
0 599 0 794
0 625 0 102
0 512 0 74
0 296 0 445
0 60 0 507
0 319 0 11
0 744 0 666
0 234 0 524
0 540 0 144
0 751 0 581
0 37 0 54
0 328 0 461
0 673 0 716
0 359 0 229
0 381 0 37
0 422 0 830
0 307 0 743
0 647 0 752
0 635 0 172
0 545 0 813
0 22 0 798
0 107 0 49
0 367 0 678
0 742 0 589
0 498 0 603
0 635 0 554
0 625 0 30
0 432 0 691
0 55 0 583
0 144 0 108
0 573 0 67
0 720 0 274
0 410 0 81
0 729 0 304
0 460 0 462
0 705 0 714
0 223 0 171
0 612 0 277
0 691 0 237
0 766 0 305
0 205 0 569
0 258 0 130
0 820 0 359
0 728 0 640
0 796 0 3
0 243 0 184
0 18 0 537
0 390 0 636
0 395 0 616
0 610 0 130
0 497 0 709
0 586 0 615
0 637 0 523
0 53 0 566
0 692 0 453
0 440 0 386
0 274 0 724
0 99 0 483
0 833 0 168
0 158 0 204
0 157 0 590
0 224 0 791
0 76 0 701
0 644 0 773
0 143 0 678
0 404 0 837
0 811 0 665
0 328 0 23
0 830 0 441
0 687 0 519
0 18 0 263
0 91 0 344
0 823 0 504
0 413 0 382
0 533 0 388
0 817 0 476
0 260 0 150
0 315 0 199
0 816 0 518
0 571 0 215
0 532 0 283
0 4 0 143
0 548 0 97
0 250 0 673
0 823 0 418
0 250 0 241
0 389 0 346
0 714 0 228
0 493 0 369
0 52 0 126
0 241 0 345
0 579 0 286
0 710 0 773
0 514 0 237
0 20 0 473
0 359 0 541
0 186 0 398
0 675 0 27
0 286 0 480
0 7 0 328
0 106 0 271
0 17 0 487
0 676 0 719
0 347 0 112
0 458 0 421
0 600 0 177
0 755 0 276
0 283 0 45
0 601 0 106
0 346 0 616
0 22 0 828
0 695 0 301
0 741 0 276
0 188 0 458
0 34 0 36
0 224 0 393
0 663 0 766
0 728 0 210
0 533 0 502
0 197 0 590
0 294 0 152
0 439 0 383
0 359 0 97
0 832 0 80
0 50 0 739
0 292 0 575
0 32 0 492
0 274 0 39
0 80 0 675
0 392 0 34
0 772 0 207
0 212 0 745
0 3 0 124
0 427 0 615
0 105 0 92
0 149 0 772
0 128 0 193
0 84 0 105
0 337 0 489
0 152 0 656
0 744 0 115
0 219 0 476
0 375 0 737
0 809 0 268
0 694 0 532
0 486 0 452
0 104 0 234
0 574 0 316
0 20 0 366
0 777 0 502
0 325 0 344
0 765 0 530
0 707 0 275
0 815 0 787
0 523 0 473
0 222 0 221
0 261 0 425
0 665 0 754
0 346 0 115
0 832 0 436
0 260 0 528
0 616 0 822
0 10 0 206
0 666 0 302
0 191 0 770
0 668 0 363
0 31 0 42
0 331 0 3
0 661 0 442
0 343 0 6
0 52 0 773
0 577 0 745
0 721 0 762
0 262 0 606
0 110 0 314
0 672 0 788
0 799 0 89
0 247 0 384
0 722 0 571
0 182 0 822
0 75 0 822
0 122 0 784
0 614 0 201
0 597 0 419
0 315 0 723
0 828 0 57
0 119 0 16
0 658 0 768
0 722 0 608
0 346 0 119
0 154 0 472
0 265 0 221
0 742 0 123
0 721 0 833
0 52 0 650
0 703 0 554
0 635 0 587
0 451 0 12
0 193 0 225
0 745 0 52
0 480 0 30
0 703 0 539
0 587 0 395
0 824 0 90
0 469 0 489
0 428 0 313
0 54 0 360
0 255 0 644
0 577 0 499
0 743 0 588
0 109 0 787
0 409 0 359
0 266 0 114
0 723 0 349
0 101 0 176
0 446 0 152
0 73 0 360
0 784 0 596
0 666 0 735
0 520 0 362
0 508 0 814
0 421 0 281
0 243 0 690
0 162 0 94
0 421 0 288
0 550 0 67
0 400 0 828
0 510 0 67
0 349 0 770
0 107 0 809
0 547 0 490
0 261 0 15
0 162 0 369
0 287 0 518
0 730 0 495
0 737 0 61
0 206 0 79
0 325 0 263
0 268 0 837
0 359 0 123
0 447 0 488
0 762 0 245
0 322 0 293
0 692 0 345
0 284 0 57
0 301 0 594
0 508 0 509
0 726 0 562
0 710 0 546
0 822 0 776
0 671 0 749
0 713 0 452
0 684 0 790
0 314 0 630
0 269 0 353
0 795 0 636
0 97 0 253
0 744 0 814
0 67 0 68
0 158 0 121
0 217 0 494
0 211 0 264
0 467 0 336
0 759 0 467
0 560 0 544
0 15 0 510
0 566 0 146
0 530 0 296
0 633 0 73
0 491 0 529
0 745 0 519
0 534 0 81
0 693 0 66
0 820 0 814
0 624 0 439
0 415 0 136
0 216 0 835
0 141 0 402
0 664 0 378
0 794 0 279
0 280 0 555
0 796 0 294
0 834 0 259
0 379 0 461
0 259 0 317
0 653 0 1
0 237 0 628
0 457 0 200
0 466 0 648
0 268 0 415
0 256 0 385
0 774 0 134
0 388 0 208
0 832 0 439
0 341 0 771
0 644 0 384
0 430 0 129
0 217 0 17
0 3 0 217
0 14 0 356
0 752 0 757
0 731 0 572
0 465 0 212
0 811 0 435
0 664 0 485
0 764 0 97
0 193 0 189
0 696 0 360
0 493 0 373
0 336 0 204
0 518 0 132
0 316 0 313
0 681 0 544
0 794 0 195
0 416 0 780
0 652 0 53
0 501 0 47
0 594 0 676
0 257 0 582
0 607 0 697
0 211 0 428
0 610 0 406
0 287 0 305
0 606 0 362
0 71 0 547
0 735 0 70
0 291 0 728
0 464 0 183
0 637 0 543
0 397 0 425
0 828 0 362
0 714 0 796
0 519 0 264
0 325 0 574
0 274 0 706
0 419 0 78
0 337 0 778
0 559 0 87
0 140 0 165
0 746 0 301
0 302 0 708
0 5 0 807
0 68 0 544
0 274 0 517
0 138 0 324
0 146 0 488
0 724 0 761
0 763 0 365
0 833 0 199
0 98 0 380
0 612 0 192
0 706 0 533
0 276 0 402
0 327 0 665
0 435 0 374
0 822 0 359
0 610 0 619
0 384 0 458
0 607 0 597
0 527 0 59
0 538 0 453
0 653 0 228
0 572 0 594
0 762 0 41
0 45 0 535
0 23 0 201
0 31 0 401
0 671 0 280
0 776 0 34
0 195 0 45
0 109 0 697
0 67 0 214
0 521 0 75
0 291 0 467
0 154 0 205
0 646 0 129
0 126 0 823
0 62 0 53
0 251 0 542
0 222 0 358
0 15 0 573
0 161 0 730
0 457 0 336
0 572 0 515
0 590 0 69
0 657 0 230
0 612 0 592
0 89 0 237
0 175 0 678
0 833 0 719
0 419 0 584
0 746 0 206
0 774 0 578
0 547 0 479
0 410 0 563
0 634 0 567
0 529 0 261
0 584 0 110
0 154 0 710
0 547 0 458
0 225 0 50
0 366 0 191
0 490 0 700
0 511 0 183
0 439 0 632
0 744 0 716
0 698 0 191
0 342 0 291
0 586 0 430
0 12 0 342
0 221 0 147
0 127 0 716
0 795 0 458
0 619 0 440
0 577 0 231
0 121 0 548
0 497 0 598
0 683 0 796
0 69 0 261
0 292 0 412
0 605 0 50
0 630 0 802
0 7 0 449
0 770 0 591
0 389 0 691
0 230 0 532
0 743 0 712
0 638 0 620
0 11 0 440
0 588 0 16
0 360 0 374
0 227 0 110
0 315 0 424
0 431 0 553
0 803 0 692
0 246 0 162
0 398 0 472
0 818 0 326
0 765 0 413
0 280 0 86
0 450 0 773
0 769 0 343
0 372 0 131
0 324 0 565
0 458 0 277
0 770 0 297
0 8 0 164
0 484 0 620
0 157 0 515
0 568 0 141
0 480 0 153
0 429 0 147
0 585 0 555
0 487 0 492
0 653 0 325
0 157 0 709
0 237 0 812
0 82 0 136
0 115 0 46
0 302 0 33
0 475 0 256
0 99 0 124
0 714 0 816
0 446 0 483
0 585 0 214
0 596 0 552
0 197 0 405
0 297 0 746
0 234 0 114
0 228 0 285
0 110 0 258
0 153 0 719
0 768 0 260
0 583 0 814
0 736 0 672
0 778 0 497
0 482 0 717
0 606 0 5
0 311 0 776
0 546 0 531
0 531 0 195
0 640 0 51
0 104 0 276
0 377 0 408
0 705 0 379
0 355 0 462
0 433 0 266
0 74 0 520
0 179 0 607
0 291 0 301
0 588 0 798
0 134 0 819
0 800 0 254
0 639 0 276
0 548 0 163
0 816 0 374
0 80 0 47
0 648 0 487
0 351 0 565
0 665 0 704
0 65 0 632
0 741 0 695
0 479 0 587
0 720 0 785
0 786 0 80
0 481 0 170
0 171 0 464
0 414 0 329
0 444 0 193
0 182 0 733
0 837 0 14
0 705 0 808
0 182 0 482
0 810 0 400
0 102 0 130
0 46 0 771
0 764 0 346
0 142 0 114
0 278 0 77
0 363 0 634
0 230 0 303
0 181 0 797
0 107 0 370
0 73 0 809
0 237 0 413
0 586 0 161
0 612 0 101
0 155 0 8
0 556 0 663
0 31 0 153
0 825 0 481
0 579 0 490
0 301 0 394
0 11 0 706
0 99 0 574
0 4 0 712
0 251 0 364
0 75 0 441
0 213 0 608
0 476 0 448
0 179 0 327
0 531 0 782
0 812 0 478
0 788 0 724
0 554 0 696
0 507 0 731
0 815 0 195
0 574 0 166
0 259 0 529
0 670 0 824
0 213 0 52
0 333 0 342
0 542 0 664
0 813 0 139
0 832 0 534
0 464 0 616
0 546 0 678
0 390 0 382
0 349 0 496
0 837 0 542
0 791 0 404
0 54 0 319
0 564 0 191
0 122 0 60
0 315 0 224
0 585 0 608
0 305 0 748
0 260 0 567
0 152 0 760
0 59 0 151
0 236 0 794
0 751 0 756
0 831 0 716
0 205 0 591
0 110 0 383
0 723 0 784
0 569 0 447
0 692 0 402
0 662 0 725
0 204 0 452
0 199 0 801
0 790 0 803
0 502 0 802
0 417 0 475
0 66 0 665
0 738 0 469
0 205 0 384
0 395 0 529
0 452 0 638
0 74 0 7
0 218 0 382
0 399 0 253
0 80 0 161
0 240 0 414
0 354 0 182
0 23 0 541
0 473 0 246
0 774 0 17
0 812 0 608
0 237 0 498
0 812 0 163
0 355 0 683
0 744 0 701
0 0 0 246
0 17 0 716
0 234 0 61
0 481 0 137
0 96 0 501
0 702 0 655
0 233 0 487
0 458 0 247
0 464 0 240
0 573 0 124
0 435 0 626
0 578 0 698
0 25 0 477
0 85 0 692
0 231 0 439
0 357 0 588
0 138 0 620
0 795 0 598
0 321 0 52
0 335 0 625
0 390 0 560
0 612 0 517
0 295 0 83
0 453 0 286
0 534 0 246
0 162 0 553
0 32 0 208
0 777 0 831
0 476 0 187
0 340 0 56
0 234 0 280
0 809 0 364
0 51 0 130
0 348 0 74
0 611 0 279
0 721 0 760
0 626 0 444
0 154 0 786
0 251 0 453
0 386 0 618
0 227 0 519
0 88 0 64
0 224 0 49
0 253 0 585
0 600 0 561
0 325 0 629
0 410 0 565
0 241 0 708
0 366 0 84
0 197 0 108
0 31 0 296
0 791 0 294
0 45 0 251
0 296 0 80
0 149 0 324
0 668 0 223
0 299 0 792
0 594 0 677
0 422 0 786
0 685 0 619
0 240 0 264
0 154 0 421
0 727 0 187
0 620 0 120
0 448 0 663
0 814 0 509
0 354 0 749
0 400 0 342
0 466 0 715
0 607 0 680
0 131 0 654
0 100 0 574
0 728 0 324
0 527 0 647
0 149 0 784
0 176 0 413
0 150 0 492
0 164 0 151
0 103 0 144
0 204 0 311
0 268 0 174
0 786 0 297
0 6 0 100
0 773 0 834
0 326 0 118
0 183 0 226
0 352 0 729
0 621 0 571
0 583 0 688
0 732 0 149
0 162 0 114
0 116 0 89
0 753 0 769
0 220 0 561
0 754 0 152
0 547 0 189
0 132 0 790
0 101 0 505
0 734 0 649
0 81 0 693
0 474 0 520
0 199 0 723
0 272 0 96
0 409 0 403
0 458 0 278
0 94 0 728
0 587 0 798
0 813 0 66
0 480 0 350
0 9 0 601
0 608 0 796
0 51 0 392
0 526 0 206
0 651 0 480
0 160 0 538
0 19 0 446
0 581 0 363
0 373 0 12
0 97 0 771
0 56 0 486
0 533 0 13
0 791 0 601
0 417 0 775
0 260 0 252
0 759 0 658
0 737 0 425
0 516 0 668
0 625 0 354
0 568 0 89
0 424 0 113
0 674 0 194
0 681 0 296
0 690 0 260
0 391 0 724
0 769 0 752
0 553 0 225
0 797 0 11
0 15 0 455
0 362 0 621
0 440 0 7
0 588 0 677
0 672 0 625
0 241 0 743
0 55 0 602
0 527 0 228
0 288 0 114
0 732 0 687
0 692 0 270
0 451 0 443
0 259 0 60
0 60 0 264
0 645 0 92
0 72 0 360
0 581 0 545
0 33 0 195
0 262 0 14
0 184 0 280
0 491 0 602
0 525 0 822
0 353 0 735
0 534 0 681
0 256 0 584
0 162 0 263
0 84 0 11
0 208 0 398
0 39 0 594
0 45 0 477
0 464 0 395
0 696 0 731
0 339 0 683
0 776 0 626
0 542 0 513
0 610 0 729
0 353 0 153
0 538 0 322
0 226 0 152
0 694 0 602
0 361 0 168
0 623 0 797
0 383 0 450
0 179 0 436
0 628 0 313
0 482 0 583
0 134 0 533
0 636 0 190
0 85 0 27
0 207 0 203
0 56 0 450
0 411 0 246
0 760 0 88
0 688 0 479
0 45 0 654
0 221 0 262
0 212 0 240
0 390 0 559
0 799 0 620
0 306 0 25
0 109 0 55
0 355 0 316
0 191 0 5
0 752 0 311
0 459 0 300
0 495 0 122
0 650 0 778
0 784 0 103
0 302 0 755
0 49 0 560
0 806 0 650
0 420 0 766
0 17 0 483
0 668 0 152
0 750 0 714
0 319 0 192
0 627 0 390
0 96 0 14
0 425 0 450
0 21 0 581
0 328 0 280
0 278 0 473
0 434 0 532
0 623 0 171
0 419 0 30
0 134 0 419
0 605 0 574
0 520 0 347
0 212 0 496
0 792 0 637
0 701 0 465
0 604 0 155
0 585 0 311
0 823 0 666
0 319 0 183
0 596 0 681
0 661 0 25
0 353 0 109
0 429 0 111
0 823 0 374
0 767 0 444
0 568 0 737
0 478 0 486
0 657 0 537
0 232 0 820
0 348 0 591
0 215 0 275
0 524 0 379
0 182 0 106
0 297 0 270
0 462 0 713
0 145 0 193
0 411 0 131
0 359 0 662
0 693 0 714
0 678 0 5
0 552 0 53
0 157 0 63
0 379 0 39
0 502 0 294
0 31 0 286
0 137 0 3
0 145 0 291
0 85 0 621
0 578 0 5
0 136 0 404
0 202 0 715
0 832 0 43
0 629 0 61
0 714 0 614
0 144 0 806
0 296 0 310
0 600 0 736
0 312 0 749
0 746 0 419
0 721 0 13
0 355 0 220
0 727 0 541
0 449 0 760
0 164 0 227
0 595 0 287
0 521 0 111
0 528 0 486
0 522 0 33
0 279 0 808
0 641 0 719
0 727 0 469
0 600 0 391
0 407 0 139
0 309 0 540
0 617 0 509
0 150 0 151
0 578 0 177
0 771 0 718
0 537 0 137
0 729 0 28
0 205 0 363
0 401 0 269
0 681 0 669
0 126 0 353
0 23 0 409
0 82 0 341
0 192 0 564
0 739 0 625
0 634 0 59
0 379 0 717
0 823 0 182
0 392 0 487
0 139 0 627
0 802 0 504
0 823 0 206
0 163 0 542
0 428 0 100
0 604 0 42
0 599 0 266
0 492 0 782
0 246 0 401
0 483 0 324
0 711 0 2
0 192 0 531
0 558 0 489
0 293 0 452
0 595 0 246
0 735 0 617
0 137 0 608
0 98 0 530
0 75 0 558
0 728 0 123
0 710 0 547
0 633 0 582
0 502 0 671
0 23 0 837
0 50 0 835
0 147 0 225
0 675 0 158
0 215 0 598
0 736 0 500
0 165 0 819
0 324 0 259
0 691 0 467
0 528 0 831
0 732 0 203
0 167 0 315
0 460 0 520
0 3 0 464
0 149 0 293
0 822 0 305
0 185 0 699
0 288 0 220
0 142 0 341
0 658 0 76
0 50 0 377
0 130 0 130
0 70 0 51
0 241 0 718
0 568 0 313
0 241 0 489
0 476 0 334
0 733 0 93
0 338 0 384
0 312 0 735
0 274 0 517
0 9 0 482
0 12 0 584
0 420 0 73
0 398 0 205
0 438 0 89
0 566 0 240
0 767 0 127
0 651 0 422
0 624 0 61
0 160 0 832
0 800 0 498
0 70 0 671
0 222 0 207
0 331 0 122
0 2 0 316
0 624 0 498
0 686 0 659
0 810 0 703
0 281 0 277
0 823 0 798
0 595 0 438
0 96 0 574
0 634 0 129
0 523 0 271
0 135 0 427
0 256 0 466
0 79 0 102
0 682 0 490
0 573 0 792
0 458 0 836
0 245 0 34
0 644 0 0
0 207 0 366
0 4 0 376
0 498 0 725
0 731 0 716
0 790 0 266
0 308 0 544
0 667 0 163
0 162 0 781
0 289 0 71
0 333 0 300
0 539 0 182
0 225 0 259
0 531 0 9
0 513 0 443
0 793 0 412
0 756 0 334
0 252 0 468
0 45 0 780
0 431 0 707
0 298 0 688
0 85 0 743
0 805 0 195
0 305 0 826
0 420 0 528
0 76 0 613
0 92 0 520
0 418 0 566
0 300 0 519
0 142 0 99
0 750 0 95
0 309 0 202
0 321 0 644
0 810 0 122
0 636 0 651
0 432 0 209
0 699 0 58
0 831 0 761
0 580 0 594
0 407 0 819
0 702 0 379
0 650 0 336
0 258 0 254
0 263 0 810
0 490 0 198
0 213 0 693
0 86 0 410
0 701 0 233
0 463 0 757
0 281 0 236
0 785 0 366
0 111 0 398
0 381 0 58
0 314 0 510
0 763 0 428
0 151 0 221
0 138 0 797
0 632 0 394
0 409 0 260
0 668 0 436
0 299 0 54
0 94 0 555
0 342 0 130
0 606 0 227
0 672 0 385
0 746 0 497
0 819 0 613
0 821 0 623
0 756 0 584
0 99 0 430
0 551 0 615
0 476 0 123
0 830 0 27
0 336 0 318
0 575 0 161
0 782 0 131
0 588 0 108
0 779 0 698
0 499 0 266
0 541 0 698
0 107 0 691
0 757 0 609
0 737 0 669
0 279 0 48
0 163 0 353
0 389 0 486
0 73 0 177
0 149 0 101
0 462 0 681
0 211 0 130
0 124 0 386
0 389 0 369
0 56 0 537
0 147 0 838
0 175 0 739
0 807 0 196
0 205 0 595
0 37 0 405
0 241 0 333
0 366 0 200
0 808 0 306
0 729 0 123
0 163 0 445
0 747 0 350
0 701 0 483
0 680 0 263
0 56 0 294
0 707 0 689
0 130 0 488
0 496 0 622
0 739 0 254
0 619 0 367
0 649 0 741
0 158 0 361
0 350 0 616
0 466 0 825
0 532 0 613
0 27 0 68
0 535 0 686
0 131 0 224
0 544 0 782
0 798 0 369
0 85 0 287
0 12 0 333
0 390 0 473
0 206 0 368
0 152 0 410
0 132 0 676
0 551 0 647
0 686 0 238
0 419 0 176
0 573 0 30
0 829 0 22
0 718 0 279
0 90 0 620
0 500 0 763
0 670 0 784
0 698 0 529
0 449 0 407
0 298 0 217
0 806 0 226
0 140 0 502
0 20 0 779
0 210 0 80
0 96 0 611
0 782 0 42
0 368 0 2
0 594 0 304
0 649 0 311
0 622 0 94
0 11 0 72
0 344 0 389
0 171 0 600
0 766 0 118
0 77 0 377
0 565 0 432
0 118 0 708
0 427 0 453
0 282 0 460
0 467 0 583
0 560 0 243
0 523 0 813
0 189 0 159
0 76 0 751
0 37 0 835
0 580 0 725
0 622 0 18
0 349 0 680
0 524 0 312
0 772 0 270
0 576 0 232
0 318 0 458
0 173 0 349
0 738 0 771
0 612 0 732
0 337 0 212
0 458 0 786
0 21 0 505
0 271 0 558
0 825 0 292
0 168 0 787
0 131 0 258
0 738 0 69
0 139 0 215
0 466 0 398
0 289 0 417
0 594 0 690
0 215 0 653
0 810 0 48
0 571 0 47
0 115 0 496
0 319 0 404
0 93 0 757
0 434 0 141
0 533 0 279
0 452 0 55
0 482 0 512
0 802 0 647
0 663 0 549
0 268 0 263
0 242 0 557
0 54 0 509
0 29 0 140
0 5 0 591
0 484 0 112
0 823 0 39
0 836 0 395
0 452 0 61
0 242 0 826
0 40 0 544
0 681 0 413
0 762 0 377
0 474 0 777
0 811 0 562
0 89 0 17
0 684 0 623
0 606 0 304
0 422 0 826
0 529 0 354
0 143 0 544
0 563 0 463
0 372 0 762
0 837 0 34
0 698 0 766
0 693 0 834
0 247 0 337
0 468 0 302
0 114 0 309
0 738 0 800
0 348 0 699
0 33 0 295
0 332 0 525
0 73 0 38
0 340 0 364
0 489 0 535
0 17 0 540
0 397 0 413
0 584 0 490
0 74 0 434
0 474 0 474
0 606 0 789
0 583 0 610
0 502 0 459
0 720 0 381
0 583 0 745
0 560 0 816
0 464 0 139
0 518 0 534
0 682 0 775
0 506 0 730
0 713 0 93
0 821 0 503
0 435 0 804
0 622 0 196
0 77 0 2
0 326 0 231
0 773 0 648
0 287 0 65
0 521 0 46
0 457 0 425
0 234 0 41
0 82 0 102
0 313 0 386
0 627 0 680
0 14 0 513
0 417 0 11
0 68 0 130
0 306 0 355
0 248 0 422
0 587 0 748
0 715 0 747
0 709 0 175
0 213 0 365
0 608 0 19
0 757 0 712
0 143 0 323
0 670 0 78
0 441 0 574
0 610 0 208
0 25 0 514
0 466 0 725
0 124 0 689
0 655 0 126
0 278 0 509
0 838 0 141
0 788 0 716
0 211 0 481
0 346 0 124
0 100 0 709
0 10 0 569
0 109 0 644
0 81 0 182
0 14 0 785
0 138 0 671
0 548 0 259
0 320 0 454
0 286 0 63
0 162 0 608
0 682 0 777
0 83 0 764
0 187 0 609
0 694 0 11
0 794 0 784
0 714 0 24
0 52 0 485
0 53 0 103
0 79 0 765
0 122 0 751
0 769 0 245
0 15 0 380
0 421 0 358
0 187 0 539
0 786 0 420
0 809 0 703
0 785 0 21
0 730 0 333
0 48 0 682
0 315 0 333
0 121 0 694
0 203 0 89
0 254 0 539
0 47 0 328
0 826 0 162
0 309 0 110
0 280 0 440
0 259 0 742
0 602 0 454
0 547 0 142
0 134 0 360
0 71 0 543
0 268 0 739
0 175 0 592
0 390 0 452
0 189 0 309
0 264 0 8
0 28 0 224
0 787 0 625
0 784 0 628
0 7 0 513
0 537 0 678
0 157 0 163
0 687 0 748
0 514 0 709
0 90 0 86
0 327 0 422
0 617 0 488
0 763 0 579
0 424 0 465
0 340 0 161
0 474 0 551
0 532 0 441
0 585 0 224
0 85 0 563
0 223 0 92
0 536 0 654
0 730 0 146
0 88 0 453
0 308 0 14
0 673 0 123
0 35 0 542
0 738 0 667
0 812 0 668
0 391 0 264
0 312 0 761
0 78 0 506
0 480 0 573
0 307 0 563
0 660 0 163
0 786 0 732
0 524 0 584
0 480 0 787
0 571 0 761
0 130 0 184
0 631 0 343
0 365 0 772
0 80 0 539
0 22 0 574
0 717 0 215
0 270 0 539
0 454 0 416
0 556 0 634
0 374 0 606
0 829 0 671
0 441 0 763
0 701 0 647
0 274 0 385
0 182 0 744
0 22 0 288
0 233 0 552
0 235 0 379
0 33 0 743
0 497 0 799
0 778 0 689
0 674 0 603
0 520 0 465
0 277 0 259
0 358 0 586
0 583 0 25
0 659 0 511
0 833 0 734
0 13 0 204
0 788 0 828
0 265 0 127
0 404 0 128
0 283 0 625
0 445 0 658
0 768 0 628
0 57 0 622
0 98 0 58
0 567 0 45
0 499 0 409
0 102 0 673
0 296 0 375
0 615 0 131
0 336 0 593
0 535 0 71
0 647 0 526
0 293 0 427
0 298 0 426
0 797 0 414
0 754 0 249
0 745 0 291
0 53 0 397
0 278 0 450
0 415 0 354
0 824 0 425
0 485 0 315
0 110 0 477
0 482 0 225
0 270 0 292
0 705 0 42
0 640 0 55
0 107 0 46
0 751 0 609
0 505 0 495
0 520 0 279
0 141 0 696
0 194 0 663
0 265 0 789
0 278 0 345
0 620 0 714
0 273 0 19
0 571 0 399
0 207 0 177
0 121 0 760
0 612 0 584
0 543 0 363
0 626 0 540
0 371 0 374
0 649 0 157
0 580 0 404
0 589 0 546
0 671 0 762
0 438 0 287
0 363 0 555
0 235 0 707
0 543 0 120
0 274 0 34
0 806 0 625
0 389 0 395
0 287 0 499
0 546 0 726
0 344 0 564
0 36 0 312
0 69 0 789
0 817 0 797
0 454 0 830
0 745 0 549
0 119 0 828
0 362 0 414
0 79 0 750
0 810 0 377
0 682 0 179
0 701 0 548
0 467 0 194
0 663 0 392
0 48 0 215
0 446 0 392
0 634 0 90
0 441 0 335
0 228 0 155
0 390 0 778
0 67 0 641
0 734 0 3
0 706 0 597
0 2 0 360
0 471 0 61
0 42 0 303
0 117 0 366
0 206 0 303
0 831 0 727
0 489 0 325
0 268 0 755
0 413 0 146
0 39 0 277
0 779 0 402
0 327 0 673
0 424 0 199
0 654 0 763
0 689 0 347
0 439 0 592
0 729 0 833
0 298 0 99
0 572 0 507
0 364 0 781
0 428 0 694
0 721 0 326
0 373 0 17
0 187 0 100
0 107 0 338
0 534 0 813
0 287 0 236
0 284 0 388
0 546 0 174
0 56 0 759
0 155 0 702
0 33 0 535
0 12 0 789
0 752 0 311
0 165 0 485
0 111 0 797
0 524 0 550
0 111 0 46
0 194 0 810
0 763 0 348
0 48 0 343
0 470 0 213
0 373 0 460
0 774 0 132
0 608 0 19
0 805 0 582
0 302 0 604
0 502 0 525
0 249 0 259
0 276 0 694
0 23 0 95
0 310 0 693
0 808 0 367
0 42 0 631
0 155 0 583
0 601 0 299
0 33 0 411
0 31 0 199
0 607 0 51
0 363 0 650
0 728 0 312
0 800 0 788
0 176 0 253
0 228 0 684
0 120 0 357
0 604 0 382
0 218 0 290
0 402 0 307
0 424 0 753
0 619 0 723
0 806 0 29
0 150 0 678
0 445 0 804
0 603 0 455
0 87 0 448
0 799 0 402
0 343 0 403
0 499 0 84
0 517 0 553
0 512 0 700
0 399 0 672
0 730 0 376
0 130 0 227
0 75 0 683
0 207 0 532
0 708 0 219
0 609 0 652
0 355 0 288
0 810 0 136
0 45 0 148
0 424 0 282
0 645 0 117
0 789 0 61
0 364 0 474
0 554 0 548
0 562 0 82
0 473 0 203
0 518 0 220
0 553 0 121
0 799 0 571
0 146 0 52
0 405 0 81
0 251 0 313
0 370 0 49
0 6 0 512
0 580 0 581
0 270 0 129
0 49 0 470
0 5 0 541
0 690 0 745
0 562 0 835
0 685 0 537
0 716 0 430
0 164 0 587
0 140 0 719
0 323 0 257
0 131 0 409
0 441 0 48
0 70 0 630
0 615 0 462
0 427 0 820
0 360 0 106
0 59 0 676
0 547 0 749
0 680 0 698
0 516 0 524
0 802 0 665
0 161 0 236
0 582 0 627
0 157 0 46
0 604 0 221
0 783 0 652
0 466 0 673
0 300 0 78
0 456 0 760
0 506 0 694
0 295 0 417
0 787 0 817
0 456 0 312
0 635 0 257
0 63 0 838
0 40 0 771
0 79 0 617
0 388 0 741
0 482 0 388
0 448 0 657
0 328 0 692
0 460 0 274
0 501 0 668
0 454 0 185
0 438 0 62
0 448 0 558
0 323 0 143
0 464 0 449
0 256 0 750
0 604 0 468
0 55 0 219
0 372 0 666
0 353 0 357
0 694 0 674
0 781 0 35
0 276 0 600
0 572 0 480
0 76 0 287
0 458 0 254
0 443 0 90
0 506 0 351
0 174 0 628
0 810 0 239
0 797 0 474
0 34 0 469
0 187 0 324
0 624 0 150
0 261 0 578
0 760 0 223
0 69 0 215
0 338 0 505
0 662 0 741
0 114 0 712
0 209 0 109
0 404 0 624
0 690 0 674
0 813 0 792
0 792 0 543
0 750 0 377
0 358 0 494
0 34 0 452
0 816 0 26
0 507 0 375
0 649 0 227
0 820 0 186
0 77 0 202
0 445 0 140
0 761 0 766
0 521 0 586
0 89 0 176
0 378 0 663
0 254 0 391
0 276 0 217
0 78 0 439
0 18 0 437
0 405 0 78
0 547 0 183
0 164 0 465
0 645 0 313
0 106 0 582
0 348 0 500
0 557 0 651
0 399 0 278
0 212 0 549
0 826 0 286
0 93 0 20
0 676 0 296
0 322 0 317
0 90 0 727
0 728 0 489
0 244 0 298
0 383 0 753
0 175 0 426
0 37 0 459
0 695 0 227
0 12 0 381
0 289 0 580
0 202 0 351
0 542 0 78
0 764 0 181
0 695 0 578
0 98 0 60
0 351 0 785
0 254 0 108
0 654 0 711
0 765 0 235
0 95 0 365
0 789 0 838
0 219 0 602
0 619 0 159
0 820 0 493
0 185 0 458
0 814 0 776
0 200 0 169
0 112 0 437
0 838 0 28
0 222 0 192
0 455 0 445
0 734 0 779
0 14 0 12
0 107 0 732
0 794 0 337
0 818 0 648
0 188 0 575
0 114 0 3
0 704 0 536
0 456 0 200
0 550 0 75
0 78 0 591
0 216 0 183
0 126 0 104
0 20 0 835
0 116 0 54
0 179 0 152
0 599 0 228
0 173 0 201
0 27 0 271
0 263 0 668
0 709 0 638
0 95 0 198
0 109 0 660
0 197 0 470
0 644 0 601
0 262 0 517
0 390 0 742
0 329 0 499
0 47 0 154
0 60 0 740
0 760 0 34
0 439 0 426
0 571 0 498
0 779 0 80
0 789 0 212
0 335 0 56
0 724 0 575
0 548 0 634
0 401 0 312
0 378 0 322
0 706 0 486
0 412 0 63
0 104 0 298
0 525 0 580
0 571 0 140
0 335 0 119
0 783 0 669
0 167 0 160
0 678 0 364
0 181 0 576
0 459 0 299
0 403 0 412
0 163 0 501
0 692 0 539
0 553 0 223
0 456 0 784
0 744 0 73
0 129 0 96
0 345 0 263
0 276 0 625
0 828 0 750
0 434 0 343
0 597 0 10
0 21 0 608
0 504 0 619
0 590 0 327
0 221 0 454
0 51 0 17
0 400 0 347
0 55 0 666
0 362 0 692
0 425 0 103
0 516 0 369
0 397 0 696
0 741 0 641
0 694 0 833
0 363 0 422
0 265 0 709
0 576 0 492
0 279 0 93
0 807 0 166
0 171 0 800
0 40 0 332
0 9 0 672
0 677 0 647
0 542 0 496
0 8 0 73
0 272 0 114
0 796 0 466
0 413 0 538
0 837 0 639
0 215 0 105
0 122 0 759
0 655 0 208
0 578 0 11
0 166 0 91
0 767 0 435
0 471 0 233
0 78 0 207
0 185 0 437
0 782 0 340
0 451 0 133
0 162 0 332
0 670 0 744
0 376 0 721
0 192 0 354
0 31 0 42
0 437 0 15
0 127 0 300
0 28 0 182
0 386 0 634
0 98 0 507
0 438 0 358
0 738 0 524
0 294 0 202
0 697 0 678
0 466 0 823
0 343 0 786
0 6 0 540
0 679 0 365
0 354 0 283
0 802 0 124
0 768 0 736
0 620 0 727
0 588 0 620
0 21 0 674
0 615 0 180
0 593 0 506
0 203 0 109
0 7 0 334
0 488 0 172
0 836 0 801
0 391 0 337
0 520 0 837
0 460 0 610
0 564 0 364
0 449 0 196
0 75 0 428
0 17 0 527
0 614 0 642
0 23 0 23
0 586 0 638
0 44 0 699
0 205 0 806
0 155 0 311
0 457 0 673
0 744 0 648
0 109 0 310
0 303 0 261
0 576 0 608
0 102 0 563
0 789 0 506
0 827 0 40
0 722 0 415
0 434 0 405
0 220 0 148
0 525 0 437
0 533 0 764
0 616 0 557
0 608 0 644
0 53 0 420
0 223 0 281
0 701 0 29
0 319 0 823
0 466 0 369
0 494 0 202
0 815 0 234
0 461 0 754
0 459 0 763
0 625 0 486
0 198 0 368
0 612 0 538
0 478 0 770
0 537 0 45
0 381 0 83
0 675 0 89
0 288 0 297
0 43 0 223
0 32 0 678
0 355 0 470
0 366 0 594
0 357 0 68
0 469 0 182
0 711 0 266
0 152 0 714
0 486 0 163
0 406 0 673
0 422 0 402
0 79 0 50
0 650 0 206
0 66 0 44
0 407 0 279
0 89 0 432
0 646 0 467
0 140 0 382
0 711 0 626
0 838 0 400
0 119 0 227
0 179 0 721
0 398 0 749
0 317 0 550
0 247 0 242
0 558 0 235
0 643 0 109
0 258 0 154
0 195 0 420
0 41 0 314
0 442 0 230
0 306 0 364
0 330 0 300
0 609 0 100
0 713 0 491
0 596 0 297
0 171 0 420
0 652 0 755
0 229 0 263
0 420 0 356
0 474 0 496
0 59 0 766
0 827 0 348
0 90 0 743
0 276 0 284
0 629 0 635
0 747 0 355
0 480 0 215
0 180 0 383
0 496 0 633
0 583 0 516
0 299 0 34
0 515 0 548
0 443 0 146
0 390 0 701
0 15 0 819
0 184 0 512
0 653 0 106
0 604 0 419
0 509 0 756
0 687 0 219
0 310 0 158
0 426 0 310
0 121 0 416
0 607 0 796
0 334 0 460
0 136 0 105
0 591 0 72
0 765 0 710
0 463 0 134
0 517 0 63
0 88 0 455
0 525 0 625
0 835 0 516
0 806 0 518
0 608 0 269
0 475 0 748
0 444 0 721
0 620 0 274
0 679 0 487
0 573 0 32
0 296 0 72
0 153 0 539
0 26 0 482
0 451 0 6
0 626 0 477
0 473 0 169
0 475 0 640
0 200 0 683
0 74 0 719
0 236 0 423
0 725 0 697
0 510 0 757
0 238 0 517
0 397 0 706
0 158 0 436
0 332 0 413
0 126 0 595
0 295 0 57
0 756 0 151
0 86 0 602
0 822 0 389
0 75 0 675
0 364 0 733
0 378 0 835
0 134 0 220
0 166 0 764
0 149 0 316
0 361 0 322
0 158 0 816
0 419 0 3
0 535 0 181
0 234 0 798
0 49 0 788
0 264 0 178
0 109 0 746
0 257 0 426
0 723 0 364
0 214 0 124
0 430 0 406
0 814 0 477
0 7 0 644
0 713 0 700
0 447 0 84
0 450 0 805
0 491 0 560
0 35 0 134
0 143 0 14
0 503 0 800
0 409 0 530
0 697 0 828
0 549 0 734
0 192 0 143
0 536 0 31
0 671 0 779
0 829 0 393
0 577 0 566
0 681 0 546
0 118 0 526
0 323 0 634
0 168 0 506
0 63 0 696
0 463 0 824
0 101 0 19
0 28 0 569
0 282 0 785
0 541 0 553
0 738 0 236
0 600 0 674
0 693 0 13
0 328 0 287
0 78 0 499
0 568 0 573
0 109 0 788
0 148 0 18
0 467 0 207
0 79 0 74
0 731 0 391
0 39 0 261
0 738 0 156
0 176 0 715
0 380 0 100
0 227 0 88
0 57 0 724
0 413 0 643
0 28 0 723
0 174 0 615
0 498 0 33
0 472 0 540
0 75 0 524
0 543 0 313
0 698 0 825
0 520 0 454
0 558 0 800
0 352 0 63
0 622 0 3
0 533 0 58
0 92 0 574
0 437 0 467
0 469 0 536
0 787 0 641
0 357 0 571
0 667 0 428
0 624 0 529
0 615 0 596
0 753 0 406
0 30 0 516
0 356 0 222
0 743 0 359
0 187 0 25
0 464 0 259
0 779 0 352
0 392 0 102
0 771 0 196
0 50 0 455
0 570 0 179
0 147 0 7
0 366 0 429
0 592 0 179
0 601 0 382
0 620 0 255
0 296 0 677
0 669 0 567
0 134 0 266
0 104 0 17
0 609 0 88
0 543 0 523
0 655 0 13
0 593 0 520
0 394 0 777
0 177 0 134
0 472 0 626
0 593 0 431
0 174 0 829
0 463 0 622
0 75 0 71
0 806 0 21
0 440 0 730
0 644 0 189
0 625 0 100
0 113 0 804
0 350 0 575
0 735 0 420
0 421 0 781
0 153 0 87
0 110 0 22
0 232 0 583
0 252 0 395
0 836 0 345
0 480 0 662
0 86 0 276
0 774 0 323
0 356 0 726
0 329 0 597
0 30 0 672
0 654 0 396
0 25 0 540
0 725 0 168
0 587 0 326
0 787 0 588
0 93 0 468
0 566 0 28
0 280 0 676
0 216 0 316
0 40 0 215
0 554 0 208
0 157 0 58
0 736 0 719
0 496 0 575
0 811 0 412
0 283 0 507
0 0 0 60
0 287 0 562
0 633 0 160
0 763 0 829
0 673 0 400
0 626 0 736
0 491 0 221
0 451 0 779
0 101 0 344
0 112 0 600
0 254 0 508
0 426 0 197
0 672 0 815
0 409 0 373
0 119 0 281
0 835 0 43
0 246 0 141
0 87 0 810
0 246 0 302
0 653 0 732
0 44 0 153
0 542 0 577
0 230 0 690
0 135 0 686
0 110 0 641
0 588 0 835
0 149 0 180
0 102 0 629
0 478 0 267
0 556 0 111
0 473 0 446
0 727 0 285
0 175 0 589
0 483 0 461
0 785 0 331
0 372 0 35
0 671 0 754
0 728 0 818
0 202 0 552
0 808 0 785
0 407 0 777
0 761 0 685
0 679 0 476
0 293 0 336
0 428 0 342
0 340 0 149
0 4 0 410
0 612 0 509
0 576 0 636
0 474 0 776
0 108 0 629
0 543 0 278
0 449 0 426
0 431 0 807
0 816 0 493
0 658 0 535
0 561 0 506
0 632 0 416
0 709 0 827
0 807 0 306
0 81 0 462
0 194 0 13
0 342 0 419
0 565 0 530
0 675 0 31
0 60 0 329
0 119 0 369
0 626 0 817
0 44 0 635
0 119 0 11
0 512 0 604
0 580 0 435
0 512 0 524
0 162 0 837
0 31 0 203
0 756 0 525
0 266 0 344
0 707 0 723
0 346 0 412
0 313 0 93
0 780 0 107
0 258 0 359
0 584 0 691
0 215 0 758
0 800 0 214
0 11 0 696
0 100 0 280
0 267 0 455
0 691 0 407
0 460 0 508
0 112 0 585
0 1 0 85
0 762 0 418
0 449 0 428
0 606 0 38
0 594 0 620
0 484 0 341
0 210 0 769
0 683 0 634
0 360 0 478
0 172 0 288
0 772 0 738
0 702 0 81
0 207 0 217
0 66 0 580
0 501 0 426
0 56 0 97
0 777 0 726
0 303 0 825
0 79 0 58
0 372 0 752
0 487 0 536
0 706 0 657
0 668 0 600
0 17 0 280
0 233 0 828
0 709 0 490
0 662 0 680
0 835 0 376
0 421 0 411
0 390 0 22
0 837 0 431
0 460 0 689
0 376 0 805
0 795 0 206
0 324 0 286
0 787 0 322
0 449 0 351
0 514 0 577
0 600 0 556
0 497 0 609
0 506 0 692
0 835 0 372
0 576 0 15
0 320 0 664
0 392 0 586
0 17 0 709
0 104 0 74
0 745 0 497
0 803 0 522
0 584 0 89
0 781 0 226
0 508 0 38
0 633 0 339
0 121 0 91
0 538 0 822
0 352 0 185
0 138 0 591
0 831 0 217
0 838 0 463
0 168 0 406
0 723 0 295
0 667 0 51
0 402 0 625
0 551 0 725
0 758 0 498
0 522 0 571
0 255 0 406
0 564 0 359
0 648 0 833
0 702 0 684
0 532 0 369
0 494 0 457
0 219 0 631
0 88 0 201
0 323 0 503
0 801 0 810
0 331 0 200
0 502 0 307
0 178 0 48
0 435 0 97
0 269 0 814
0 198 0 129
0 562 0 803
0 470 0 462
0 747 0 567
0 675 0 481
0 185 0 94
0 518 0 534
0 779 0 610
0 87 0 808
0 736 0 687
0 641 0 536
0 15 0 393
0 482 0 61
0 706 0 402
0 311 0 482
0 13 0 513
0 276 0 146
0 638 0 623
0 469 0 38
0 585 0 136
0 221 0 97
0 401 0 4
0 88 0 247
0 387 0 241
0 336 0 607
0 362 0 626
0 233 0 393
0 437 0 107
0 546 0 759
0 9 0 125
0 178 0 739
0 817 0 382
0 158 0 781
0 184 0 293
0 793 0 722
0 155 0 378
0 275 0 178
0 449 0 34
0 767 0 105
0 777 0 256
0 101 0 729
0 661 0 694
0 614 0 636
0 35 0 572
0 719 0 602
0 569 0 639
0 70 0 408
0 418 0 716
0 30 0 330
0 216 0 803
0 70 0 294
0 454 0 237
0 225 0 529
0 288 0 388
0 551 0 102
0 439 0 75
0 40 0 137
0 218 0 419
0 149 0 621
0 697 0 574
0 182 0 767
0 366 0 746
0 135 0 460
0 527 0 606
0 41 0 16
0 533 0 158
0 562 0 84
0 328 0 335
0 346 0 460
0 607 0 141
0 398 0 586
0 444 0 823
0 123 0 178
0 382 0 18
0 600 0 303
0 574 0 712
0 18 0 654
0 495 0 95
0 523 0 693
0 672 0 87
0 411 0 9
0 40 0 415
0 675 0 264
0 806 0 787
0 135 0 192
0 417 0 788
0 56 0 106
0 186 0 291
0 747 0 520
0 729 0 209
0 380 0 789
0 449 0 781
0 626 0 471
0 284 0 251
0 572 0 381
0 274 0 102
0 703 0 50
0 550 0 153
0 25 0 81
0 429 0 240
0 123 0 344
0 542 0 393
0 381 0 223
0 316 0 35
0 670 0 52
0 21 0 520
0 274 0 433
0 550 0 10
0 710 0 486
0 24 0 401
0 43 0 86
0 138 0 512
0 64 0 813
0 621 0 711
0 613 0 790
0 272 0 576
0 719 0 488
0 320 0 119
0 621 0 568
0 495 0 647
0 504 0 189
0 193 0 825
0 126 0 270
0 745 0 275
0 273 0 321
0 290 0 154
0 624 0 394
0 228 0 428
0 174 0 309
0 764 0 106
0 2 0 372
0 574 0 749
0 112 0 774
0 512 0 671
0 233 0 15
0 265 0 347
0 637 0 619
0 646 0 105
0 823 0 170
0 32 0 80
0 799 0 4
0 430 0 627
0 540 0 421
0 180 0 838
0 800 0 225
0 30 0 728
0 429 0 374
0 764 0 0
0 401 0 411
0 819 0 208
0 6 0 346
0 583 0 387
0 40 0 824
0 290 0 281
0 181 0 738
0 529 0 631
0 711 0 260
0 647 0 310
0 746 0 525
0 420 0 677
0 425 0 820
0 440 0 17
0 62 0 124
0 589 0 758
0 677 0 519
0 55 0 521
0 181 0 77
0 578 0 260
0 574 0 828
0 627 0 789
0 349 0 737
0 172 0 48
0 669 0 563
0 721 0 61
0 709 0 498
0 666 0 580
0 477 0 164
0 276 0 129
0 519 0 203
0 605 0 451
0 327 0 192
0 104 0 178
0 329 0 26
0 49 0 116
0 270 0 806
0 575 0 524
0 585 0 752
0 50 0 383
0 680 0 246
0 600 0 408
0 533 0 128
0 247 0 585
0 215 0 379
0 571 0 165
0 265 0 804
0 293 0 793
0 105 0 156
0 81 0 329
0 496 0 766
0 787 0 292
0 697 0 176
0 619 0 126
0 602 0 809
0 246 0 495
0 225 0 454
0 298 0 838
0 630 0 563
0 423 0 40
0 40 0 104
0 295 0 790
0 209 0 732
0 496 0 278
0 505 0 806
0 508 0 344
0 237 0 145
0 423 0 174
0 589 0 669
0 136 0 343
0 714 0 479
0 43 0 623
0 796 0 797
0 631 0 744
0 335 0 491
0 6 0 501
0 458 0 446
0 599 0 366
0 209 0 34
0 367 0 387
0 123 0 702
0 818 0 321
0 46 0 719
0 608 0 246
0 630 0 479
0 202 0 271
0 391 0 484
0 826 0 650
0 306 0 112
0 553 0 70
0 209 0 717
0 757 0 289
0 266 0 141
0 406 0 684
0 619 0 269
0 8 0 613
0 452 0 766
0 675 0 363
0 456 0 749
0 237 0 427
0 657 0 479
0 562 0 581
0 674 0 97
0 772 0 652
0 239 0 816
0 519 0 68
0 332 0 30
0 431 0 80
0 382 0 77
0 467 0 830
0 667 0 772
0 370 0 693
0 104 0 243
0 149 0 189
0 407 0 511
0 552 0 134
0 284 0 749
0 787 0 256
0 732 0 662
0 325 0 466
0 341 0 767
0 581 0 640
0 552 0 15
0 475 0 80
0 399 0 140
0 480 0 294
0 611 0 685
0 55 0 170
0 159 0 318
0 577 0 253
0 34 0 105
0 557 0 436
0 791 0 412
0 605 0 308
0 718 0 574
0 800 0 189
0 552 0 379
0 733 0 715
0 236 0 239
0 402 0 589
0 180 0 79
0 195 0 1
0 782 0 650
0 670 0 680
0 800 0 776
0 185 0 374
0 43 0 691
0 629 0 46
0 224 0 66
0 10 0 457
0 260 0 359
0 29 0 83
0 695 0 496
0 774 0 16
0 667 0 65
0 120 0 135
0 214 0 329
0 705 0 546
0 55 0 688
0 645 0 208
0 833 0 536
0 644 0 730
0 532 0 126
0 506 0 695
0 540 0 789
0 359 0 812
0 42 0 231
0 158 0 281
0 820 0 460
0 202 0 519
0 327 0 20
0 325 0 76
0 272 0 333
0 236 0 662
0 497 0 67
0 284 0 137
0 522 0 20
0 762 0 301
0 601 0 283
0 33 0 529
0 595 0 114
0 769 0 428
0 690 0 769
0 262 0 272
0 419 0 729
0 173 0 829
0 718 0 580
0 648 0 470
0 122 0 322
0 403 0 561
0 370 0 683
0 138 0 7
0 778 0 530
0 260 0 491
0 429 0 649
0 565 0 130
0 391 0 731
0 444 0 751
0 704 0 684
0 558 0 768
0 161 0 341
0 200 0 399
0 573 0 405
0 557 0 406
0 690 0 572
0 442 0 735
0 592 0 327
0 361 0 182
0 294 0 287
0 335 0 153
0 143 0 268
0 211 0 420
0 172 0 656
0 97 0 342
0 203 0 413
0 104 0 178
0 597 0 227
0 317 0 647
0 730 0 777
0 806 0 520
0 336 0 436
0 814 0 476
0 310 0 302
0 240 0 606
0 303 0 81
0 442 0 310
0 346 0 299
0 229 0 785
0 690 0 739
0 113 0 623
0 507 0 653
0 583 0 426
0 543 0 289
0 53 0 196
0 379 0 113
0 297 0 587
0 414 0 79
0 26 0 718
0 436 0 293
0 701 0 648
0 806 0 73
0 565 0 247
0 523 0 690
0 445 0 160
0 38 0 81
0 534 0 51
0 275 0 590
0 55 0 178
0 577 0 785
0 339 0 825
0 133 0 670
0 650 0 143
0 529 0 111
0 92 0 797
0 348 0 501
0 764 0 364
0 158 0 162
0 169 0 6
0 701 0 376
0 524 0 390
0 44 0 347
0 250 0 833
0 83 0 332
0 792 0 492
0 392 0 269
0 484 0 655
0 706 0 334
0 679 0 215
0 691 0 390
0 611 0 662
0 261 0 262
0 319 0 118
0 615 0 396
0 404 0 457
0 21 0 757
0 259 0 203
0 286 0 624
0 415 0 149
0 403 0 557
0 518 0 435
0 522 0 626
0 549 0 692
0 722 0 279
0 481 0 157
0 11 0 99
0 353 0 658
0 445 0 318
0 768 0 257
0 343 0 606
0 698 0 575
0 94 0 16
0 564 0 628
0 572 0 60
0 243 0 186
0 199 0 685
0 33 0 473
0 737 0 680
0 205 0 767
0 173 0 303
0 680 0 135
0 99 0 101
0 170 0 581
0 768 0 16
0 392 0 201
0 96 0 72
0 445 0 261
0 15 0 188
0 770 0 443
0 237 0 299
0 502 0 124
0 181 0 13
0 631 0 436
0 290 0 785
0 33 0 322
0 463 0 142
0 663 0 550
0 160 0 74
0 344 0 248
0 242 0 82
0 711 0 286
0 818 0 777
0 711 0 213
0 53 0 164
0 350 0 571
0 349 0 12
0 40 0 110
0 809 0 662
0 110 0 582
0 20 0 751
0 768 0 42
0 26 0 615
0 560 0 791
0 837 0 413
0 592 0 190
0 426 0 679
0 570 0 231
0 539 0 796
0 265 0 673
0 6 0 672
0 225 0 38
0 214 0 92
0 378 0 323
0 296 0 81
0 812 0 759
0 805 0 339
0 587 0 278
0 710 0 320
0 443 0 472
0 514 0 242
0 662 0 634
0 249 0 803
0 44 0 151
0 73 0 676
0 259 0 234
0 590 0 354
0 181 0 154
0 63 0 89
0 428 0 447
0 766 0 110
0 289 0 785
0 832 0 115
0 194 0 378
0 822 0 326
0 226 0 529
0 185 0 633
0 737 0 1
0 238 0 569
0 268 0 162
0 365 0 84
0 533 0 404
0 352 0 51
0 334 0 548
0 214 0 244
0 444 0 558
0 807 0 473
0 276 0 287
0 736 0 317
0 173 0 669
0 355 0 742
0 343 0 327
0 232 0 172
0 428 0 762
0 635 0 465
0 526 0 154
0 419 0 551
0 28 0 785
0 341 0 304
0 28 0 805
0 95 0 808
0 516 0 381
0 644 0 290
0 785 0 751
0 725 0 537
0 425 0 579
0 419 0 712
0 257 0 600
0 97 0 548
0 517 0 544
0 560 0 447
0 204 0 412
0 31 0 201
0 324 0 592
0 114 0 224
0 598 0 835
0 499 0 648
0 825 0 804
0 831 0 156
0 430 0 723
0 39 0 829
0 712 0 462
0 242 0 639
0 123 0 178
0 727 0 154
0 165 0 395
0 688 0 463
0 312 0 702
0 604 0 639
0 589 0 126
0 761 0 62
0 72 0 616
0 205 0 411
0 399 0 505
0 665 0 5
0 507 0 58
0 387 0 377
0 384 0 739
0 140 0 800
0 693 0 475
0 663 0 606
0 708 0 735
0 232 0 793
0 820 0 43
0 249 0 232
0 666 0 761
0 774 0 269
0 665 0 102
0 422 0 446
0 182 0 192
0 164 0 2
0 683 0 181
0 485 0 659
0 179 0 589
0 319 0 129
0 211 0 319
0 180 0 522
0 109 0 747
0 821 0 543
0 626 0 763
0 387 0 302
0 758 0 76
0 298 0 456
0 47 0 398
0 337 0 315
0 300 0 332
0 59 0 216
0 335 0 508
0 756 0 210
0 822 0 529
0 451 0 80
0 169 0 723
0 70 0 209
0 708 0 373
0 754 0 54
0 735 0 731
0 584 0 807
0 763 0 32
0 643 0 521
0 355 0 770
0 258 0 222
0 747 0 784
0 419 0 150
0 87 0 752
0 504 0 148
0 183 0 693
0 685 0 774
0 344 0 46
0 828 0 799
0 531 0 88
0 722 0 246
0 288 0 196
0 43 0 329
0 793 0 283
0 779 0 826
0 434 0 700
0 525 0 383
0 249 0 43
0 800 0 618
0 572 0 311
0 135 0 577
0 741 0 692
0 649 0 466
0 718 0 141
0 574 0 566
0 194 0 286
0 780 0 198
0 785 0 496
0 651 0 534
0 249 0 746
0 15 0 219
0 830 0 409
0 714 0 560
0 113 0 819
0 536 0 145
0 604 0 56
0 77 0 594
0 582 0 789
0 292 0 817
0 536 0 663
0 175 0 591
0 741 0 682
0 212 0 340
0 87 0 817
0 733 0 168
0 793 0 608
0 812 0 751
0 650 0 313
0 597 0 399
0 441 0 170
0 135 0 823
0 560 0 246
0 388 0 298
0 409 0 574
0 489 0 655
0 805 0 213
0 430 0 714
0 221 0 189
0 265 0 445
0 653 0 651
0 574 0 57
0 425 0 7
0 646 0 499
0 718 0 655
0 363 0 37
0 480 0 813
0 388 0 271
0 3 0 807
0 138 0 797
0 262 0 215
0 716 0 377
0 789 0 34
0 481 0 55
0 455 0 119
0 470 0 822
0 79 0 11
0 741 0 31
0 460 0 584
0 797 0 700
0 662 0 119
0 573 0 322
0 97 0 325
0 176 0 707
0 385 0 503
0 765 0 541
0 143 0 648
0 546 0 689
0 168 0 503
0 396 0 657
0 330 0 502
0 636 0 144
0 815 0 731
0 245 0 79
0 702 0 112
0 61 0 812
0 363 0 522
0 70 0 561
0 323 0 242
0 537 0 447
0 278 0 575
0 527 0 108
0 560 0 601
0 468 0 289
0 401 0 616
0 794 0 529
0 410 0 351
0 647 0 373
0 589 0 307
0 676 0 38
0 247 0 524
0 151 0 556
0 466 0 680
0 74 0 61
0 618 0 504
0 602 0 457
0 567 0 329
0 59 0 833
0 8 0 185
0 371 0 261
0 185 0 578
0 625 0 227
0 302 0 717
0 172 0 122
0 802 0 128
0 698 0 823
0 231 0 461
0 808 0 380
0 42 0 790
0 594 0 559
0 662 0 748
0 354 0 391
0 170 0 715
0 778 0 584
0 506 0 132
0 77 0 808
0 557 0 611
0 608 0 292
0 239 0 431
0 414 0 814
0 258 0 130
0 344 0 87
0 253 0 295
0 533 0 777
0 690 0 404
0 419 0 637
0 154 0 676
0 613 0 787
0 107 0 365
0 146 0 301
0 198 0 702
0 735 0 736
0 833 0 378
0 747 0 134
0 461 0 164
0 45 0 461
0 253 0 124
0 740 0 452
0 336 0 217
0 540 0 324
0 178 0 347
0 378 0 296
0 303 0 380
0 603 0 279
0 90 0 838
0 220 0 248
0 489 0 551
0 611 0 166
0 567 0 268
0 113 0 62
0 222 0 231
0 356 0 801
0 375 0 482
0 400 0 488
0 665 0 634
0 652 0 802
0 655 0 542
0 235 0 47
0 793 0 159
0 490 0 34
0 759 0 334
0 714 0 663
0 570 0 302
0 246 0 819
0 47 0 653
0 270 0 312
0 347 0 693
0 83 0 2
0 740 0 622
0 686 0 401
0 255 0 730
0 668 0 27
0 452 0 121
0 591 0 246
0 458 0 767
0 688 0 659
0 459 0 65
0 584 0 410
0 418 0 777
0 182 0 312
0 485 0 642
0 225 0 14
0 498 0 463
0 243 0 477
0 134 0 430
0 232 0 444
0 792 0 678
0 144 0 78
0 125 0 826
0 192 0 342
0 277 0 111
0 18 0 275
0 690 0 485
0 59 0 429
0 105 0 577
0 736 0 721
0 682 0 19
0 51 0 364
0 12 0 190
0 342 0 422
0 62 0 803
0 822 0 456
0 543 0 627
0 645 0 833
0 209 0 801
0 782 0 500
0 462 0 204
0 117 0 583
0 142 0 633
0 473 0 459
0 618 0 813
0 60 0 390
0 156 0 791
0 20 0 406
0 89 0 339
0 93 0 813
0 290 0 333
0 835 0 780
0 206 0 124
0 717 0 202
0 735 0 356
0 835 0 134
0 562 0 628
0 425 0 302
0 213 0 570
0 699 0 636
0 131 0 719
0 151 0 32
0 410 0 533
0 389 0 78
0 726 0 214
0 577 0 136
0 534 0 762
0 233 0 747
0 585 0 64
0 679 0 508
0 399 0 504
0 320 0 726
0 722 0 833
0 490 0 387
0 13 0 595
0 231 0 66
0 402 0 477
0 119 0 712
0 156 0 210
0 608 0 369
0 804 0 52
0 80 0 831
0 84 0 421
0 403 0 788
0 182 0 660
0 487 0 12
0 499 0 538
0 577 0 16
0 765 0 380
0 713 0 291
0 739 0 70
0 171 0 352
0 411 0 590
0 592 0 677
0 117 0 504
0 725 0 694
0 547 0 661
0 303 0 400
0 534 0 330
0 445 0 184
0 438 0 707
0 540 0 97
0 623 0 272
0 582 0 380
0 771 0 709
0 69 0 172
0 623 0 620
0 725 0 61
0 0 0 371
0 270 0 543
0 515 0 413
0 236 0 70
0 85 0 407
0 159 0 86
0 143 0 184
0 723 0 519
0 137 0 359
0 818 0 666
0 307 0 386
0 418 0 436
0 833 0 737
0 154 0 166
0 3 0 779
0 370 0 475
0 809 0 88
0 836 0 802
0 635 0 221
0 80 0 195
0 347 0 138
0 132 0 682
0 330 0 631
0 606 0 179
0 480 0 592
0 307 0 804
0 470 0 594
0 526 0 356
0 347 0 397
0 100 0 175
0 561 0 153
0 459 0 644
0 532 0 106
0 391 0 41
0 597 0 121
0 216 0 768
0 639 0 197
0 62 0 111
0 206 0 466
0 94 0 298
0 376 0 232
0 838 0 287
0 94 0 340
0 175 0 414
0 66 0 789
0 497 0 7
0 476 0 648
0 607 0 271
0 218 0 108
0 712 0 777
0 20 0 284
0 397 0 376
0 338 0 822
0 731 0 425
0 677 0 356
0 670 0 526
0 18 0 248
0 666 0 381
0 683 0 803
0 631 0 279
0 172 0 510
0 355 0 158
0 561 0 651
0 314 0 189
0 635 0 730
0 600 0 119
0 550 0 632
0 760 0 387
0 704 0 349
0 688 0 270
0 759 0 138
0 597 0 379
0 620 0 793
0 325 0 333
0 14 0 271
0 835 0 483
0 462 0 483
0 97 0 37
0 492 0 578
0 410 0 554
0 468 0 398
0 798 0 732
0 138 0 690
0 409 0 199
0 42 0 131
0 577 0 413
0 800 0 580
0 732 0 605
0 707 0 109
0 789 0 191
0 679 0 172
0 183 0 585
0 17 0 802
0 620 0 736
0 256 0 277
0 803 0 473
0 584 0 795
0 25 0 675
0 387 0 165
0 172 0 17
0 51 0 264
0 560 0 484
0 586 0 85
0 169 0 64
0 714 0 724
0 132 0 121
0 103 0 117
0 307 0 707
0 700 0 270
0 517 0 486
0 383 0 36
0 546 0 333
0 563 0 586
0 682 0 339
0 571 0 753
0 626 0 544
0 402 0 593
0 525 0 614
0 234 0 686
0 754 0 474
0 59 0 790
0 106 0 293
0 735 0 329
0 240 0 681
0 667 0 484
0 173 0 712
0 527 0 121
0 244 0 463
0 510 0 232
0 728 0 636
0 364 0 344
0 414 0 690
0 442 0 767
0 779 0 375
0 224 0 707
0 82 0 211
0 142 0 227
0 581 0 596
0 515 0 23
0 393 0 651
0 95 0 12
0 480 0 795
0 225 0 808
0 542 0 178
0 19 0 263
0 593 0 565
0 771 0 39
0 56 0 716
0 153 0 375
0 291 0 473
0 721 0 663
0 190 0 507
0 668 0 535
0 775 0 410
0 512 0 269
0 793 0 530
0 474 0 596
0 659 0 204
0 136 0 342
0 48 0 178
0 148 0 439
0 365 0 273
0 742 0 612
0 687 0 474
0 674 0 411
0 801 0 104
0 323 0 301
0 405 0 137
0 10 0 282
0 523 0 700
0 188 0 684
0 514 0 263
0 287 0 453
0 339 0 96
0 281 0 582
0 541 0 789
0 77 0 123
0 824 0 10
0 522 0 64
0 304 0 422
0 758 0 66
0 719 0 446
0 454 0 667
0 379 0 727
0 72 0 564
0 782 0 665
0 135 0 514
0 480 0 775
0 382 0 320
0 262 0 246
0 662 0 343
0 43 0 133
0 748 0 179
0 329 0 505
0 574 0 667
0 587 0 551
0 611 0 532
0 238 0 125
0 603 0 596
0 298 0 805
0 386 0 115
0 731 0 447
0 226 0 487
0 105 0 497
0 17 0 558
0 217 0 603
0 6 0 21
0 397 0 280
0 102 0 494
0 477 0 807
0 811 0 810
0 285 0 157
0 150 0 482
0 779 0 470
0 744 0 645
0 493 0 19
0 667 0 447
0 379 0 34
0 319 0 336
0 320 0 687
0 757 0 526
0 621 0 572
0 395 0 549
0 501 0 483
0 150 0 813
0 212 0 712
0 600 0 176
0 433 0 608
0 526 0 499
0 662 0 283
0 210 0 503
0 51 0 598
0 353 0 515
0 103 0 144
0 432 0 47
0 545 0 483
0 16 0 606
0 627 0 461
0 369 0 415
0 554 0 776
0 554 0 609
0 598 0 672
0 255 0 720
0 394 0 409
0 440 0 285
0 273 0 634
0 791 0 447
0 237 0 805
0 548 0 89
0 277 0 735
0 139 0 345
0 391 0 44
0 356 0 640
0 167 0 303
0 682 0 681
0 703 0 480
0 56 0 372
0 563 0 530
0 464 0 663
0 571 0 104
0 7 0 235
0 523 0 271
0 637 0 707
0 132 0 351
0 116 0 285
0 66 0 159
0 608 0 133
0 716 0 24
0 603 0 278
0 753 0 214
0 670 0 666
0 601 0 512
0 823 0 502
0 38 0 553
