7 100
580 48 540 549 803 493 518 623 557 796 41 546 527 994 995 580 297 302 373 246 52 672 207 672 527 838 733 258 257 131 415 641 571 58 71 248 224 747 302 636 991 986 177 943 409 521 746 925 623 481 154 402 209 727 755 528 98 706 930 158 214 681 603 954 611 817 442 247 114 854 224 701 954 451 953 671 425 767 128 773 382 769 238 456 215 186 864 300 320 908 18 156 39 743 120 706 450 707 117 271 
695 57 920 110 49 792 999 790 470 204 61 324 719 647 274 745 699 61 688 77 945 60 248 952 496 623 906 706 45 724 428 180 490 568 655 605 128 387 101 581 361 579 668 248 171 817 849 168 267 113 477 910 208 486 685 219 834 268 745 861 126 11 735 634 284 502 800 925 326 214 807 682 821 892 241 947 961 676 418 426 552 286 210 907 116 100 751 486 423 294 238 737 398 499 489 543 600 25 106 621 
182 142 624 751 923 77 465 843 340 914 493 313 962 25 136 630 449 222 581 597 375 782 299 913 781 247 657 174 948 132 995 810 935 337 621 535 13 938 450 298 971 863 765 999 168 67 676 789 241 740 944 369 856 580 164 795 908 483 790 806 431 593 45 394 779 378 210 27 213 94 573 779 957 543 449 439 195 871 988 643 582 437 922 902 467 633 499 523 464 425 857 597 303 752 335 704 522 147 910 311 
506 39 523 369 276 278 276 923 437 25 896 371 228 912 871 582 315 996 769 232 937 262 186 726 197 19 987 982 225 952 92 549 277 614 659 857 408 226 995 796 422 960 421 847 682 175 792 222 587 843 734 985 402 238 794 146 271 43 382 681 545 496 416 108 316 550 603 15 352 224 717 573 75 519 617 34 203 11 843 113 733 320 492 227 58 61 618 808 86 581 846 346 218 465 622 427 546 156 771 959 
526 65 95 441 99 389 216 973 657 149 249 31 745 745 458 788 241 613 929 492 892 416 649 940 160 520 396 726 777 272 244 580 260 409 105 263 424 146 720 802 268 17 279 600 247 949 818 180 173 978 929 373 669 234 847 33 320 420 544 196 417 86 875 43 664 72 665 746 619 95 817 18 270 158 292 919 418 288 163 840 514 524 428 752 830 715 584 833 318 445 723 385 382 104 497 268 657 862 423 732 
663 243 303 275 314 142 314 777 630 933 656 409 768 47 675 279 579 753 800 595 55 51 302 733 157 592 306 791 171 326 0 425 615 208 68 637 853 476 690 719 882 296 17 237 163 868 789 335 723 254 800 462 427 381 367 113 590 291 256 152 736 657 978 761 791 982 487 623 810 628 386 92 864 224 587 672 26 815 498 396 627 46 802 587 98 724 804 147 91 371 982 121 17 988 598 525 653 560 956 20 
923 333 199 750 988 774 600 423 338 759 310 375 501 716 782 802 869 768 646 131 856 65 366 486 101 449 868 171 826 21 468 465 424 66 533 241 675 158 703 92 115 790 17 771 378 257 682 573 716 194 691 907 876 696 806 925 609 340 461 611 99 515 534 930 876 489 730 679 846 428 96 980 418 431 113 613 235 981 712 44 245 311 39 616 495 636 933 808 493 336 370 823 307 257 966 138 373 136 25 341 
100
4 18 2 74
0 23 4 44
5 11 4 65
1 1 3 61
0 91 6 8
2 80 1 60
4 99 3 64
1 63 2 8
4 82 0 42
0 69 3 57
5 57 1 81
5 13 6 94
0 81 6 88
3 50 0 26
0 23 6 9
6 95 0 63
6 97 4 71
4 62 3 30
1 32 6 55
3 96 0 27
4 55 3 17
2 40 0 78
3 80 6 6
6 64 5 46
3 96 2 48
2 90 5 50
3 3 4 82
0 11 5 62
0 37 4 51
2 69 4 69
4 7 2 11
0 85 2 62
5 13 5 0
6 40 6 46
2 61 1 27
5 94 6 93
4 31 5 93
2 46 1 59
6 67 5 87
3 71 4 70
6 37 5 34
2 78 2 1
6 68 1 63
2 99 1 74
6 23 4 96
6 75 3 36
5 81 1 47
5 19 2 14
5 30 3 94
6 55 2 29
4 13 5 33
5 0 0 84
5 27 2 1
5 77 3 76
3 28 5 63
6 21 5 48
1 3 3 77
4 78 1 90
3 14 1 28
5 63 1 90
3 48 0 37
0 38 5 93
5 3 3 88
3 37 4 77
5 22 6 57
3 43 2 2
1 5 0 28
2 49 4 4
6 78 2 87
1 20 2 63
6 8 3 38
3 22 5 31
0 94 1 93
6 51 6 20
2 37 6 45
4 2 6 72
0 81 6 77
2 48 6 64
1 89 2 72
5 98 5 21
6 71 4 80
4 43 1 2
0 35 2 55
5 32 3 24
5 95 2 52
6 16 5 98
1 13 1 84
1 10 2 23
1 73 1 70
0 84 3 67
3 91 1 81
2 28 0 92
0 34 5 75
3 36 5 40
2 97 4 65
6 86 1 1
6 72 0 42
5 51 2 45
3 86 0 95
0 5 5 22
