7 100
425 780 817 601 482 209 655 286 899 901 177 139 949 19 880 883 894 242 523 106 866 82 31 414 514 976 107 847 483 314 981 339 844 539 520 326 198 114 580 412 678 924 230 206 610 139 429 579 138 530 93 448 8 61 642 766 864 109 527 300 783 192 988 878 897 700 188 143 438 538 175 753 462 697 615 44 243 555 727 956 759 318 199 361 322 62 92 40 202 161 778 168 278 485 345 891 257 677 266 766 
910 541 188 704 805 968 667 580 857 37 494 965 872 774 335 11 434 868 202 188 242 742 879 460 567 684 820 326 781 112 84 329 948 450 520 433 941 322 292 612 331 178 77 650 192 111 858 885 202 934 394 933 92 698 318 771 883 348 526 124 199 921 967 554 463 93 980 374 240 307 738 844 279 935 950 665 259 854 698 582 213 682 79 907 94 256 870 56 593 261 636 772 259 301 746 920 868 416 318 507 
4 827 367 850 950 888 136 177 645 565 622 655 50 719 753 245 561 501 51 603 447 21 583 62 181 589 98 341 861 578 408 184 451 473 283 124 339 888 519 995 249 183 660 651 296 782 785 543 699 444 162 229 721 675 901 29 902 526 339 480 464 686 148 923 988 995 240 226 188 586 760 42 864 432 890 932 37 327 739 108 960 160 887 764 882 666 609 957 236 848 199 277 299 486 816 689 685 261 583 651 
659 114 429 484 447 76 530 1 781 232 973 233 821 950 216 314 853 478 150 859 16 692 577 53 477 926 100 645 839 813 776 864 143 923 676 780 417 38 105 611 843 167 129 944 128 463 889 538 672 766 430 288 7 762 163 438 530 546 59 844 637 38 783 156 601 141 253 413 335 993 405 471 845 980 139 347 585 606 829 409 802 335 226 552 852 393 906 398 983 376 296 699 811 946 888 746 916 79 693 798 
156 162 984 510 421 612 268 967 168 654 315 494 696 479 856 95 517 395 790 924 930 104 434 943 379 420 706 151 355 714 253 187 675 729 99 477 272 344 135 45 550 448 656 159 941 559 850 733 931 363 751 312 678 566 103 483 999 965 297 132 80 208 889 242 181 808 808 470 258 355 368 801 186 637 416 489 234 670 757 397 592 820 497 771 461 766 871 344 39 572 850 713 49 303 414 15 846 165 902 296 
402 853 964 844 710 709 496 427 794 85 818 752 360 675 881 419 551 791 450 650 483 571 106 767 543 427 320 981 332 671 764 778 447 863 733 601 47 807 817 377 368 388 578 258 86 263 840 190 902 998 683 546 819 889 992 596 75 714 9 694 250 793 386 509 156 76 648 262 169 540 818 833 312 129 706 562 109 543 303 407 456 469 27 187 624 553 414 637 240 25 124 506 9 314 330 349 877 350 646 614 
131 523 214 275 802 677 726 375 757 324 82 56 32 770 274 592 831 968 343 377 198 707 222 290 955 806 555 289 734 271 641 80 179 121 583 75 369 226 260 111 739 64 714 718 36 793 423 727 14 466 829 117 201 768 907 201 537 209 818 231 867 646 307 878 928 937 274 261 39 629 155 808 900 853 132 412 187 443 537 498 431 769 822 18 409 407 190 349 211 661 708 184 308 180 867 83 557 951 191 333 
100
2 31 4 9
6 96 1 35
2 4 1 18
5 17 6 86
4 73 4 91
3 57 4 90
6 95 3 9
6 72 2 83
4 46 1 76
5 18 2 22
5 1 1 13
2 91 0 87
1 30 0 95
0 76 1 21
3 37 6 52
1 18 4 89
3 24 3 21
3 93 5 32
6 92 1 80
3 88 2 47
6 10 3 1
2 81 0 34
3 19 4 92
5 26 5 1
5 65 4 66
1 90 0 53
2 56 1 29
1 16 5 7
1 9 2 0
3 67 3 26
5 14 1 94
0 20 5 79
0 56 1 10
6 99 3 41
6 51 3 30
0 63 3 77
4 40 4 27
6 18 3 73
6 31 5 11
4 43 4 2
2 10 5 90
3 6 0 50
1 35 6 98
5 39 6 85
5 28 1 2
5 26 4 15
6 85 4 85
6 57 2 55
6 65 4 54
1 71 3 49
2 86 2 31
1 9 1 56
2 8 6 6
5 83 5 18
1 2 1 91
5 13 0 9
5 38 3 98
3 59 0 1
6 89 4 43
3 38 4 99
2 82 2 38
1 52 2 57
3 21 6 42
4 71 1 21
1 31 3 62
2 19 3 41
2 54 4 1
2 43 1 96
3 39 5 78
5 73 5 37
5 80 5 45
5 81 4 94
5 91 3 12
1 31 3 35
6 82 5 55
6 30 3 14
5 1 6 77
0 39 2 38
5 44 2 84
4 21 6 73
6 53 0 89
6 56 2 11
0 86 5 45
6 32 5 4
5 72 4 50
6 39 6 0
1 59 0 74
3 20 1 74
4 63 3 62
3 13 4 57
3 98 2 81
1 38 5 62
4 96 4 86
2 98 4 9
5 79 1 26
0 30 1 52
1 46 3 47
4 15 6 51
6 7 5 69
5 55 1 70
